3,0,5,1
3,0,5,2
3,0,5,3
3,0,5,4
3,0,6,1
3,0,6,2
3,0,6,3
3,0,6,4
5,1,8,1
6,2,8,2
6,1,9,1
5,2,9,2
8,2,11,1
9,2,11,2
8,1,13,1
9,1,13,2
19,1,22,1
19,2,22,2
19,3,22,3
19,4,22,4
19,5,22,5
19,6,22,6
19,7,23,1
19,8,23,2
19,9,23,3
19,10,24,1
19,11,24,2
19,12,24,3
19,13,24,4
19,14,24,5
19,15,24,6
19,16,24,7
18,3,24,8
18,4,24,9
20,1,25,1
20,2,25,2
20,3,26,1
20,4,26,2
20,5,26,3
16,1,27,1
16,2,27,2
16,3,27,3
16,4,27,4
17,1,28,1
17,2,28,2
17,3,29,1
18,1,30,1
18,2,30,2
22,0,32,1
23,0,32,2
24,0,32,3
26,0,32,4
22,0,33,1
24,0,33,2
30,0,33,3
26,0,33,4
22,0,34,1
24,0,34,2
28,0,34,3
26,0,34,4
25,0,35,1
23,0,35,2
24,0,35,3
29,0,35,4
22,0,36,1
24,0,36,2
24,0,36,3
27,0,36,4
22,0,37,1
24,0,37,2
30,0,37,3
27,0,37,4
22,0,38,1
24,0,38,2
28,0,38,3
27,0,38,4
25,0,39,1
23,0,39,2
24,0,39,3
27,0,39,4
32,1,41,1
32,2,41,2
32,3,41,3
32,4,41,4
33,1,42,1
33,2,42,2
33,3,42,3
33,4,42,4
34,1,43,1
34,2,43,2
34,3,43,3
34,4,43,4
35,1,44,1
35,2,44,2
35,3,44,3
35,4,44,4
36,1,45,1
36,2,45,2
36,3,45,3
36,4,45,4
37,1,46,1
37,2,46,2
37,3,46,3
37,4,46,4
38,1,47,1
38,2,47,2
38,3,47,3
38,4,47,4
39,1,48,1
39,2,48,2
39,3,48,3
39,4,48,4
41,1,50,1
42,2,50,2
43,1,51,1
44,2,51,2
45,1,52,1
46,2,52,2
47,1,53,1
48,2,53,2
42,1,54,1
41,2,54,2
44,1,55,1
43,2,55,2
46,1,56,1
45,2,56,2
48,1,57,1
47,2,57,2
50,1,59,1
51,1,59,2
52,1,60,1
53,1,60,2
54,1,61,1
55,1,61,2
56,1,62,1
57,1,62,2
59,1,64,1
60,1,64,2
61,1,65,1
62,1,65,2
64,2,67,1
65,2,67,2
64,1,69,1
65,1,69,2
72,0,75,1
73,0,75,2
72,0,76,1
73,0,76,2
75,2,78,1
76,2,78,2
75,1,80,1
76,1,80,2
87,0,91,1
88,0,91,2
88,0,91,3
88,0,91,4
89,0,91,5
89,0,91,6
87,0,92,1
87,0,92,2
87,0,92,3
87,0,92,4
87,0,92,5
88,0,93,1
88,0,93,2
88,0,93,3
88,0,93,4
88,0,93,5
88,0,93,6
88,0,93,7
88,0,93,8
89,0,93,9
89,0,93,10
89,0,93,11
89,0,93,12
89,0,93,13
89,0,93,14
89,0,93,15
93,0,95,1
93,0,95,2
93,0,95,3
93,0,95,4
93,0,95,5
93,0,95,6
93,0,95,7
93,0,95,8
93,0,95,9
93,0,95,10
93,0,95,11
91,1,97,1
91,2,97,2
91,3,97,3
91,4,97,4
91,5,97,5
91,6,97,6
100,0,105,1
101,0,105,2
102,0,105,3
103,0,105,4
100,0,106,1
101,0,106,2
102,0,106,3
103,0,106,4
100,0,107,1
101,0,107,2
102,0,107,3
103,0,107,4
100,0,108,1
101,0,108,2
102,0,108,3
103,0,108,4
105,1,110,1
106,2,110,2
107,1,111,1
108,2,111,2
106,1,112,1
105,2,112,2
108,1,113,1
107,2,113,2
110,1,115,1
111,1,115,2
112,1,116,1
113,1,116,2
115,1,118,1
116,1,118,2
121,0,125,1
122,0,125,2
122,0,125,3
122,0,125,4
123,0,125,5
123,0,125,6
121,0,126,1
121,0,126,2
121,0,126,3
121,0,126,4
121,0,126,5
122,0,127,1
122,0,127,2
122,0,127,3
122,0,127,4
122,0,127,5
122,0,127,6
122,0,127,7
122,0,127,8
123,0,127,9
123,0,127,10
123,0,127,11
123,0,127,12
123,0,127,13
123,0,127,14
123,0,127,15
127,0,129,1
127,0,129,2
127,0,129,3
127,0,129,4
127,0,129,5
127,0,129,6
127,0,129,7
127,0,129,8
127,0,129,9
125,1,131,1
125,2,131,2
125,3,131,3
125,4,131,4
125,5,131,5
125,6,131,6
139,16,141,1
139,17,141,2
139,18,141,3
139,19,141,4
139,20,141,5
139,21,141,6
139,22,141,7
139,23,141,8
139,24,141,9
139,25,141,10
141,1,143,1
141,10,143,2
141,2,144,1
141,9,144,2
141,3,145,1
141,8,145,2
141,4,146,1
141,7,146,2
141,5,147,1
141,6,147,2
139,1,149,1
139,2,149,2
139,3,149,3
139,4,149,4
139,5,149,5
139,6,149,6
139,7,149,7
139,8,149,8
139,9,149,9
139,10,149,10
139,11,149,11
139,12,149,12
139,13,149,13
139,14,149,14
139,15,149,15
143,1,149,16
144,1,149,17
145,1,149,18
146,1,149,19
147,1,149,20
149,1,151,1
149,2,151,2
149,3,151,3
149,4,151,4
149,5,151,5
149,6,151,6
149,7,151,7
149,8,151,8
149,9,151,9
149,10,151,10
149,11,152,1
149,12,152,2
149,13,152,3
149,14,152,4
149,15,152,5
149,16,152,6
149,17,152,7
149,18,152,8
149,19,152,9
149,20,152,10
152,0,154,1
151,0,154,2
152,0,155,1
151,0,155,2
152,0,156,1
151,0,156,2
152,0,157,1
151,0,157,2
152,0,158,1
151,0,158,2
152,0,159,1
151,0,159,2
152,0,160,1
151,0,160,2
152,0,161,1
151,0,161,2
152,0,162,1
151,0,162,2
152,0,163,1
151,0,163,2
137,1,165,1
138,1,166,1
138,2,166,2
138,3,166,3
138,4,166,4
138,5,166,5
138,6,166,6
138,7,166,7
138,8,166,8
138,9,166,9
138,10,166,10
138,11,166,11
138,12,166,12
138,13,166,13
138,14,166,14
138,15,166,15
138,16,166,16
138,17,166,17
138,18,166,18
138,19,166,19
138,20,166,20
138,21,166,21
154,1,166,22
155,1,166,23
156,1,166,24
157,1,166,25
158,1,166,26
159,1,166,27
160,1,166,28
161,1,166,29
162,1,166,30
163,1,166,31
165,1,168,1
166,1,168,2
166,2,168,3
166,3,168,4
166,4,168,5
166,5,168,6
166,6,168,7
166,7,168,8
166,8,169,1
166,9,169,2
166,10,169,3
166,11,169,4
166,12,169,5
166,13,169,6
166,14,169,7
166,15,169,8
166,16,170,1
166,17,170,2
166,18,170,3
166,19,170,4
166,20,170,5
166,21,170,6
166,22,170,7
166,23,170,8
166,24,171,1
166,25,171,2
166,26,171,3
166,27,171,4
166,28,171,5
166,29,171,6
166,30,171,7
166,31,171,8
168,0,173,1
169,0,173,2
170,0,173,3
171,0,173,4
168,0,174,1
169,0,174,2
170,0,174,3
171,0,174,4
168,0,175,1
169,0,175,2
170,0,175,3
171,0,175,4
168,0,176,1
169,0,176,2
170,0,176,3
171,0,176,4
168,0,177,1
169,0,177,2
170,0,177,3
171,0,177,4
168,0,178,1
169,0,178,2
170,0,178,3
171,0,178,4
168,0,179,1
169,0,179,2
170,0,179,3
171,0,179,4
168,0,180,1
169,0,180,2
170,0,180,3
171,0,180,4
173,1,182,1
174,1,182,2
175,1,182,3
176,1,182,4
177,1,182,5
178,1,182,6
179,1,182,7
180,1,182,8
173,2,183,1
174,2,183,2
175,2,183,3
176,2,183,4
177,2,183,5
178,2,183,6
179,2,183,7
180,2,183,8
183,0,185,1
182,0,185,2
183,0,186,1
182,0,186,2
183,0,187,1
182,0,187,2
183,0,188,1
182,0,188,2
183,0,189,1
182,0,189,2
183,0,190,1
182,0,190,2
183,0,191,1
182,0,191,2
183,0,192,1
182,0,192,2
185,1,194,1
186,1,194,2
187,1,194,3
188,1,194,4
189,1,194,5
190,1,194,6
191,1,194,7
192,1,194,8
194,1,196,1
194,2,196,2
194,3,197,1
194,4,197,2
194,5,198,1
194,6,198,2
194,7,199,1
194,8,199,2
196,1,201,1
197,1,201,2
198,1,201,3
199,1,201,4
201,1,203,1
201,2,203,2
201,3,204,1
201,4,204,2
203,1,206,1
204,1,206,2
211,1,213,1
211,2,213,2
211,3,213,3
211,4,213,4
211,5,213,5
211,6,213,6
211,7,213,7
211,8,213,8
211,9,213,9
211,10,213,10
211,11,213,11
211,12,213,12
211,13,213,13
211,14,213,14
211,15,213,15
211,16,213,16
211,17,213,17
211,18,213,18
211,19,213,19
211,20,213,20
211,21,213,21
211,22,213,22
211,23,213,23
211,24,213,24
211,25,213,25
211,26,213,26
211,27,213,27
211,28,213,28
211,29,213,29
211,30,213,30
211,31,213,31
211,32,213,32
211,33,213,33
211,34,213,34
211,35,213,35
211,36,213,36
211,37,213,37
211,38,213,38
211,39,213,39
211,40,213,40
211,41,213,41
211,42,213,42
211,43,213,43
211,44,213,44
213,1,215,1
213,2,215,2
213,3,215,3
213,4,215,4
213,5,215,5
213,6,215,6
213,7,215,7
213,8,215,8
213,9,215,9
213,10,215,10
213,11,215,11
213,12,215,12
213,13,215,13
213,14,215,14
213,15,215,15
213,16,215,16
213,17,215,17
213,18,215,18
213,19,215,19
213,20,215,20
213,21,215,21
213,22,215,22
213,23,216,1
213,24,216,2
213,25,216,3
213,26,216,4
213,27,216,5
213,28,216,6
213,29,216,7
213,30,216,8
213,31,216,9
213,32,216,10
213,33,216,11
213,34,216,12
213,35,216,13
213,36,216,14
213,37,216,15
213,38,216,16
213,39,216,17
213,40,216,18
213,41,216,19
213,42,216,20
213,43,216,21
213,44,216,22
215,0,218,1
216,0,218,2
215,0,219,1
216,0,219,2
215,0,220,1
216,0,220,2
215,0,221,1
216,0,221,2
215,0,222,1
216,0,222,2
215,0,223,1
216,0,223,2
215,0,224,1
216,0,224,2
215,0,225,1
216,0,225,2
215,0,226,1
216,0,226,2
215,0,227,1
216,0,227,2
215,0,228,1
216,0,228,2
215,0,229,1
216,0,229,2
215,0,230,1
216,0,230,2
215,0,231,1
216,0,231,2
215,0,232,1
216,0,232,2
215,0,233,1
216,0,233,2
215,0,234,1
216,0,234,2
215,0,235,1
216,0,235,2
215,0,236,1
216,0,236,2
215,0,237,1
216,0,237,2
215,0,238,1
216,0,238,2
215,0,239,1
216,0,239,2
209,1,241,1
210,1,242,1
210,2,242,2
210,3,242,3
210,4,242,4
210,5,242,5
210,6,242,6
210,7,242,7
210,8,242,8
210,9,242,9
210,10,242,10
210,11,242,11
210,12,242,12
210,13,242,13
210,14,242,14
210,15,242,15
218,1,242,16
219,1,242,17
220,1,242,18
221,1,242,19
222,1,242,20
223,1,242,21
224,1,242,22
225,1,242,23
226,1,242,24
227,1,242,25
228,1,242,26
229,1,242,27
230,1,242,28
231,1,242,29
232,1,242,30
233,1,242,31
234,1,242,32
235,1,242,33
236,1,242,34
237,1,242,35
238,1,242,36
239,1,242,37
154,2,242,38
155,2,242,39
156,2,242,40
157,2,242,41
158,2,242,42
159,2,242,43
160,2,242,44
161,2,242,45
162,2,242,46
163,2,242,47
241,1,244,1
242,1,244,2
242,2,244,3
242,3,244,4
242,4,244,5
242,5,244,6
242,6,244,7
242,7,244,8
242,8,244,9
242,9,244,10
242,10,244,11
242,11,244,12
242,12,245,1
242,13,245,2
242,14,245,3
242,15,245,4
242,16,245,5
242,17,245,6
242,18,245,7
242,19,245,8
242,20,245,9
242,21,245,10
242,22,245,11
242,23,245,12
242,24,246,1
242,25,246,2
242,26,246,3
242,27,246,4
242,28,246,5
242,29,246,6
242,30,246,7
242,31,246,8
242,32,246,9
242,33,246,10
242,34,246,11
242,35,246,12
242,36,247,1
242,37,247,2
242,38,247,3
242,39,247,4
242,40,247,5
242,41,247,6
242,42,247,7
242,43,247,8
242,44,247,9
242,45,247,10
242,46,247,11
242,47,247,12
244,0,249,1
245,0,249,2
246,0,249,3
247,0,249,4
244,0,250,1
245,0,250,2
246,0,250,3
247,0,250,4
244,0,251,1
245,0,251,2
246,0,251,3
247,0,251,4
244,0,252,1
245,0,252,2
246,0,252,3
247,0,252,4
244,0,253,1
245,0,253,2
246,0,253,3
247,0,253,4
244,0,254,1
245,0,254,2
246,0,254,3
247,0,254,4
244,0,255,1
245,0,255,2
246,0,255,3
247,0,255,4
244,0,256,1
245,0,256,2
246,0,256,3
247,0,256,4
244,0,257,1
245,0,257,2
246,0,257,3
247,0,257,4
244,0,258,1
245,0,258,2
246,0,258,3
247,0,258,4
244,0,259,1
245,0,259,2
246,0,259,3
247,0,259,4
244,0,260,1
245,0,260,2
246,0,260,3
247,0,260,4
173,3,262,1
174,3,262,2
175,3,262,3
176,3,262,4
177,3,262,5
178,3,262,6
179,3,262,7
180,3,262,8
249,1,264,1
250,1,264,2
251,1,264,3
252,1,264,4
253,1,264,5
254,1,264,6
255,1,264,7
256,1,264,8
257,1,264,9
258,1,264,10
259,1,264,11
260,1,264,12
262,1,264,13
262,2,264,14
262,3,264,15
262,4,264,16
249,2,265,1
250,2,265,2
251,2,265,3
252,2,265,4
253,2,265,5
254,2,265,6
255,2,265,7
256,2,265,8
257,2,265,9
258,2,265,10
259,2,265,11
260,2,265,12
262,5,265,13
262,6,265,14
262,7,265,15
262,8,265,16
265,0,267,1
264,0,267,2
265,0,268,1
264,0,268,2
265,0,269,1
264,0,269,2
265,0,270,1
264,0,270,2
265,0,271,1
264,0,271,2
265,0,272,1
264,0,272,2
265,0,273,1
264,0,273,2
265,0,274,1
264,0,274,2
265,0,275,1
264,0,275,2
265,0,276,1
264,0,276,2
265,0,277,1
264,0,277,2
265,0,278,1
264,0,278,2
265,0,279,1
264,0,279,2
265,0,280,1
264,0,280,2
265,0,281,1
264,0,281,2
265,0,282,1
264,0,282,2
267,1,284,1
268,1,284,2
269,1,284,3
270,1,284,4
271,1,284,5
272,1,284,6
273,1,284,7
274,1,284,8
275,1,284,9
276,1,284,10
277,1,284,11
278,1,284,12
279,1,284,13
280,1,284,14
281,1,284,15
282,1,284,16
284,1,286,1
284,2,286,2
284,3,287,1
284,4,287,2
284,5,288,1
284,6,288,2
284,7,289,1
284,8,289,2
284,9,290,1
284,10,290,2
284,11,291,1
284,12,291,2
284,13,292,1
284,14,292,2
284,15,293,1
284,16,293,2
286,1,295,1
287,1,295,2
288,1,295,3
289,1,295,4
290,1,295,5
291,1,295,6
292,1,295,7
293,1,295,8
295,1,297,1
295,2,297,2
295,3,298,1
295,4,298,2
295,5,299,1
295,6,299,2
295,7,300,1
295,8,300,2
297,1,302,1
298,1,302,2
299,1,302,3
300,1,302,4
302,1,304,1
302,2,304,2
302,3,305,1
302,4,305,2
304,1,307,1
305,1,307,2
311,7,313,1
311,9,313,2
311,8,314,1
311,10,314,2
311,1,316,1
313,1,316,2
311,2,317,1
314,1,317,2
311,3,318,1
311,6,318,2
311,4,319,1
311,5,319,2
316,1,321,1
319,1,321,2
317,1,322,1
318,1,322,2
321,1,324,1
322,1,324,2
331,1,333,1
331,16,333,2
331,2,334,1
331,15,334,2
331,3,335,1
331,14,335,2
331,4,336,1
331,13,336,2
331,5,337,1
331,12,337,2
331,6,338,1
331,11,338,2
331,7,339,1
331,10,339,2
331,8,340,1
331,9,340,2
333,1,342,1
340,1,342,2
334,1,343,1
339,1,343,2
335,1,344,1
338,1,344,2
336,1,345,1
337,1,345,2
342,1,347,1
345,1,347,2
343,1,348,1
344,1,348,2
347,1,350,1
348,1,350,2
353,1,355,1
353,2,355,2
353,3,355,3
353,4,355,4
353,5,355,5
353,6,355,6
359,5,361,1
359,12,361,2
359,6,362,1
359,11,362,2
359,7,363,1
359,10,363,2
359,8,364,1
359,9,364,2
359,1,366,1
364,1,366,2
359,2,367,1
363,1,367,2
359,3,368,1
362,1,368,2
359,4,369,1
361,1,369,2
366,1,371,1
369,1,371,2
367,1,372,1
368,1,372,2
371,1,374,1
372,1,374,2
384,1,386,1
384,2,386,2
384,3,386,3
384,4,386,4
384,5,386,5
384,6,386,6
384,7,386,7
384,8,386,8
384,9,386,9
384,10,386,10
384,11,386,11
384,12,386,12
384,13,386,13
384,14,386,14
384,15,386,15
384,16,386,16
384,17,386,17
384,18,386,18
384,19,386,19
384,20,386,20
384,21,386,21
384,22,386,22
384,23,386,23
384,24,386,24
386,1,388,1
386,2,388,2
386,3,389,1
386,4,389,2
386,5,390,1
386,6,390,2
386,7,391,1
386,8,391,2
386,9,392,1
386,10,392,2
386,11,393,1
386,12,393,2
386,13,394,1
386,14,394,2
386,15,395,1
386,16,395,2
388,2,397,1
388,1,397,2
389,2,398,1
389,1,398,2
390,2,399,1
390,1,399,2
391,2,400,1
391,1,400,2
392,2,401,1
392,1,401,2
393,2,402,1
393,1,402,2
394,2,403,1
394,1,403,2
395,2,404,1
395,1,404,2
386,17,406,25
386,18,406,26
386,19,406,27
386,20,406,28
386,21,406,29
386,22,406,30
386,23,406,31
386,24,406,32
397,1,406,33
398,1,406,34
399,1,406,35
400,1,406,36
401,1,406,37
402,1,406,38
403,1,406,39
404,1,406,40
406,1,408,1
406,2,408,2
406,3,409,1
406,4,409,2
406,5,410,1
406,6,410,2
406,7,411,1
406,8,411,2
406,9,412,1
406,10,412,2
406,11,413,1
406,12,413,2
406,13,414,1
406,14,414,2
406,15,415,1
406,16,415,2
406,17,416,1
406,18,416,2
406,19,417,1
406,20,417,2
406,21,418,1
406,22,418,2
406,23,419,1
406,24,419,2
406,25,420,1
406,26,420,2
406,27,421,1
406,28,421,2
406,29,422,1
406,30,422,2
406,31,423,1
406,32,423,2
406,33,424,1
406,34,424,2
406,35,425,1
406,36,425,2
406,37,426,1
406,38,426,2
406,39,427,1
406,40,427,2
408,2,429,1
408,1,429,2
409,2,430,1
409,1,430,2
410,2,431,1
410,1,431,2
411,2,432,1
411,1,432,2
412,2,433,1
412,1,433,2
413,2,434,1
413,1,434,2
414,2,435,1
414,1,435,2
415,2,436,1
415,1,436,2
416,2,437,1
416,1,437,2
417,2,438,1
417,1,438,2
418,2,439,1
418,1,439,2
419,2,440,1
419,1,440,2
420,2,441,1
420,1,441,2
421,2,442,1
421,1,442,2
422,2,443,1
422,1,443,2
423,2,444,1
423,1,444,2
424,2,445,1
424,1,445,2
425,2,446,1
425,1,446,2
426,2,447,1
426,1,447,2
427,2,448,1
427,1,448,2
429,1,450,45
430,1,450,46
431,1,450,47
432,1,450,48
433,1,450,49
434,1,450,50
435,1,450,51
436,1,450,52
437,1,450,53
438,1,450,54
439,1,450,55
440,1,450,56
441,1,450,57
442,1,450,58
443,1,450,59
444,1,450,60
445,1,450,61
446,1,450,62
447,1,450,63
448,1,450,64
450,1,452,1
450,2,452,2
450,3,453,1
450,4,453,2
450,5,454,1
450,6,454,2
450,7,455,1
450,8,455,2
450,9,456,1
450,10,456,2
450,11,457,1
450,12,457,2
450,13,458,1
450,14,458,2
450,15,459,1
450,16,459,2
450,17,460,1
450,18,460,2
450,19,461,1
450,20,461,2
450,21,462,1
450,22,462,2
450,23,463,1
450,24,463,2
450,25,464,1
450,26,464,2
450,27,465,1
450,28,465,2
450,29,466,1
450,30,466,2
450,31,467,1
450,32,467,2
450,33,468,1
450,34,468,2
450,35,469,1
450,36,469,2
450,37,470,1
450,38,470,2
450,39,471,1
450,40,471,2
450,41,472,1
450,42,472,2
450,43,473,1
450,44,473,2
450,45,474,1
450,46,474,2
450,47,475,1
450,48,475,2
450,49,476,1
450,50,476,2
450,51,477,1
450,52,477,2
450,53,478,1
450,54,478,2
450,55,479,1
450,56,479,2
450,57,480,1
450,58,480,2
450,59,481,1
450,60,481,2
450,61,482,1
450,62,482,2
450,63,483,1
450,64,483,2
452,2,485,1
452,1,485,2
453,2,486,1
453,1,486,2
454,2,487,1
454,1,487,2
455,2,488,1
455,1,488,2
456,2,489,1
456,1,489,2
457,2,490,1
457,1,490,2
458,2,491,1
458,1,491,2
459,2,492,1
459,1,492,2
460,2,493,1
460,1,493,2
461,2,494,1
461,1,494,2
462,2,495,1
462,1,495,2
463,2,496,1
463,1,496,2
464,2,497,1
464,1,497,2
465,2,498,1
465,1,498,2
466,2,499,1
466,1,499,2
467,2,500,1
467,1,500,2
468,2,501,1
468,1,501,2
469,2,502,1
469,1,502,2
470,2,503,1
470,1,503,2
471,2,504,1
471,1,504,2
472,2,505,1
472,1,505,2
473,2,506,1
473,1,506,2
474,2,507,1
474,1,507,2
475,2,508,1
475,1,508,2
476,2,509,1
476,1,509,2
477,2,510,1
477,1,510,2
478,2,511,1
478,1,511,2
479,2,512,1
479,1,512,2
480,2,513,1
480,1,513,2
481,2,514,1
481,1,514,2
482,2,515,1
482,1,515,2
483,2,516,1
483,1,516,2
485,1,518,1
486,1,518,2
487,1,518,3
488,1,518,4
489,1,518,5
490,1,518,6
491,1,518,7
492,1,518,8
493,1,518,9
494,1,518,10
495,1,518,11
496,1,518,12
497,1,518,13
498,1,518,14
499,1,518,15
500,1,518,16
501,1,518,17
502,1,518,18
503,1,518,19
504,1,518,20
505,1,518,21
506,1,518,22
507,1,518,23
508,1,518,24
509,1,518,25
510,1,518,26
511,1,518,27
512,1,518,28
513,1,518,29
514,1,518,30
515,1,518,31
516,1,518,32
518,1,520,1
518,2,520,2
518,3,521,1
518,4,521,2
518,5,522,1
518,6,522,2
518,7,523,1
518,8,523,2
518,9,524,1
518,10,524,2
518,11,525,1
518,12,525,2
518,13,526,1
518,14,526,2
518,15,527,1
518,16,527,2
518,17,528,1
518,18,528,2
518,19,529,1
518,20,529,2
518,21,530,1
518,22,530,2
518,23,531,1
518,24,531,2
518,25,532,1
518,26,532,2
518,27,533,1
518,28,533,2
518,29,534,1
518,30,534,2
518,31,535,1
518,32,535,2
520,2,537,1
520,1,537,2
521,2,538,1
521,1,538,2
522,2,539,1
522,1,539,2
523,2,540,1
523,1,540,2
524,2,541,1
524,1,541,2
525,2,542,1
525,1,542,2
526,2,543,1
526,1,543,2
527,2,544,1
527,1,544,2
528,2,545,1
528,1,545,2
529,2,546,1
529,1,546,2
530,2,547,1
530,1,547,2
531,2,548,1
531,1,548,2
532,2,549,1
532,1,549,2
533,2,550,1
533,1,550,2
534,2,551,1
534,1,551,2
535,2,552,1
535,1,552,2
537,1,554,1
538,1,554,2
539,1,554,3
540,1,554,4
541,1,554,5
542,1,554,6
543,1,554,7
544,1,554,8
545,1,554,9
546,1,554,10
547,1,554,11
548,1,554,12
549,1,554,13
550,1,554,14
551,1,554,15
552,1,554,16
554,1,556,1
554,2,556,2
554,3,557,1
554,4,557,2
554,5,558,1
554,6,558,2
554,7,559,1
554,8,559,2
554,9,560,1
554,10,560,2
554,11,561,1
554,12,561,2
554,13,562,1
554,14,562,2
554,15,563,1
554,16,563,2
556,2,565,1
556,1,565,2
557,2,566,1
557,1,566,2
558,2,567,1
558,1,567,2
559,2,568,1
559,1,568,2
560,2,569,1
560,1,569,2
561,2,570,1
561,1,570,2
562,2,571,1
562,1,571,2
563,2,572,1
563,1,572,2
565,1,574,1
566,1,574,2
567,1,574,3
568,1,574,4
569,1,574,5
570,1,574,6
571,1,574,7
572,1,574,8
574,1,576,1
574,2,576,2
574,3,577,1
574,4,577,2
574,5,578,1
574,6,578,2
574,7,579,1
574,8,579,2
576,2,581,1
576,1,581,2
577,2,582,1
577,1,582,2
578,2,583,1
578,1,583,2
579,2,584,1
579,1,584,2
581,1,586,1
582,1,586,2
583,1,586,3
584,1,586,4
586,1,588,1
586,2,588,2
586,3,589,1
586,4,589,2
588,1,591,1
589,1,591,2
594,1,597,1
594,2,597,2
594,3,597,3
594,4,597,4
594,5,597,5
594,6,597,6
594,7,597,7
594,8,597,8
594,9,597,9
594,10,597,10
594,11,597,11
594,12,597,12
594,13,597,13
594,14,597,14
594,15,597,15
594,16,597,16
594,17,597,17
594,18,597,18
594,19,597,19
594,20,597,20
594,21,597,21
594,22,597,22
594,23,597,23
594,24,597,24
594,25,597,25
594,26,597,26
594,27,597,27
594,28,597,28
594,29,597,29
594,30,597,30
594,31,597,31
594,32,597,32
594,33,597,33
594,34,597,34
594,35,597,35
594,36,597,36
594,37,597,37
594,38,597,38
594,39,597,39
594,40,597,40
594,41,597,41
594,42,597,42
594,43,597,43
594,44,597,44
594,45,597,45
594,46,597,46
594,47,597,47
594,48,597,48
594,49,597,49
594,50,597,50
594,51,597,51
594,52,597,52
594,53,597,53
594,54,597,54
594,55,597,55
594,56,597,56
594,57,597,57
594,58,597,58
594,59,597,59
594,60,597,60
594,61,597,61
594,62,597,62
594,63,597,63
594,64,597,64
594,65,597,65
594,66,597,66
594,67,597,67
594,68,597,68
594,69,597,69
594,70,597,70
594,71,597,71
594,72,597,72
597,1,599,1
597,2,599,2
597,3,600,1
597,4,600,2
597,5,601,1
597,6,601,2
597,7,602,1
597,8,602,2
597,9,603,1
597,10,603,2
597,11,604,1
597,12,604,2
597,13,605,1
597,14,605,2
597,15,606,1
597,16,606,2
597,17,607,1
597,18,607,2
597,19,608,1
597,20,608,2
597,21,609,1
597,22,609,2
597,23,610,1
597,24,610,2
597,25,611,1
597,26,611,2
597,27,612,1
597,28,612,2
597,29,613,1
597,30,613,2
597,31,614,1
597,32,614,2
597,33,615,1
597,34,615,2
597,35,616,1
597,36,616,2
597,37,617,1
597,38,617,2
597,39,618,1
597,40,618,2
597,41,619,1
597,42,619,2
597,43,620,1
597,44,620,2
597,45,621,1
597,46,621,2
597,47,622,1
597,48,622,2
597,49,623,1
597,50,623,2
597,51,624,1
597,52,624,2
597,53,625,1
597,54,625,2
597,55,626,1
597,56,626,2
597,57,627,1
597,58,627,2
597,59,628,1
597,60,628,2
597,61,629,1
597,62,629,2
597,63,630,1
597,64,630,2
597,65,631,1
597,66,631,2
597,67,632,1
597,68,632,2
597,69,633,1
597,70,633,2
597,71,634,1
597,72,634,2
595,9,636,1
595,10,636,2
595,11,636,3
595,12,636,4
595,13,636,5
595,14,636,6
595,15,636,7
595,16,636,8
595,17,636,9
595,18,636,10
595,19,636,11
595,20,636,12
599,1,636,13
600,1,636,14
601,1,636,15
602,1,636,16
603,1,636,17
604,1,636,18
605,1,636,19
606,1,636,20
607,1,636,21
608,1,636,22
609,1,636,23
610,1,636,24
611,1,636,25
612,1,636,26
613,1,636,27
614,1,636,28
615,1,636,29
616,1,636,30
617,1,636,31
618,1,636,32
619,1,636,33
620,1,636,34
621,1,636,35
622,1,636,36
623,1,636,37
624,1,636,38
625,1,636,39
626,1,636,40
627,1,636,41
628,1,636,42
629,1,636,43
630,1,636,44
631,1,636,45
632,1,636,46
633,1,636,47
634,1,636,48
636,1,638,1
636,2,638,2
636,3,639,1
636,4,639,2
636,5,640,1
636,6,640,2
636,7,641,1
636,8,641,2
636,9,642,1
636,10,642,2
636,11,643,1
636,12,643,2
636,13,644,1
636,14,644,2
636,15,645,1
636,16,645,2
636,17,646,1
636,18,646,2
636,19,647,1
636,20,647,2
636,21,648,1
636,22,648,2
636,23,649,1
636,24,649,2
636,25,650,1
636,26,650,2
636,27,651,1
636,28,651,2
636,29,652,1
636,30,652,2
636,31,653,1
636,32,653,2
636,33,654,1
636,34,654,2
636,35,655,1
636,36,655,2
636,37,656,1
636,38,656,2
636,39,657,1
636,40,657,2
636,41,658,1
636,42,658,2
636,43,659,1
636,44,659,2
636,45,660,1
636,46,660,2
636,47,661,1
636,48,661,2
595,1,663,1
595,2,663,2
595,3,663,3
595,4,663,4
595,5,663,5
595,6,663,6
595,7,663,7
595,8,663,8
638,1,663,9
639,1,663,10
640,1,663,11
641,1,663,12
642,1,663,13
643,1,663,14
644,1,663,15
645,1,663,16
646,1,663,17
647,1,663,18
648,1,663,19
649,1,663,20
650,1,663,21
651,1,663,22
652,1,663,23
653,1,663,24
654,1,663,25
655,1,663,26
656,1,663,27
657,1,663,28
658,1,663,29
659,1,663,30
660,1,663,31
661,1,663,32
663,1,665,1
663,2,665,2
663,3,666,1
663,4,666,2
663,5,667,1
663,6,667,2
663,7,668,1
663,8,668,2
663,9,669,1
663,10,669,2
663,11,670,1
663,12,670,2
663,13,671,1
663,14,671,2
663,15,672,1
663,16,672,2
663,17,673,1
663,18,673,2
663,19,674,1
663,20,674,2
663,21,675,1
663,22,675,2
663,23,676,1
663,24,676,2
663,25,677,1
663,26,677,2
663,27,678,1
663,28,678,2
663,29,679,1
663,30,679,2
663,31,680,1
663,32,680,2
665,1,682,1
666,1,682,2
667,1,682,3
668,1,682,4
669,1,682,5
670,1,682,6
671,1,682,7
672,1,682,8
673,1,682,9
674,1,682,10
675,1,682,11
676,1,682,12
677,1,682,13
678,1,682,14
679,1,682,15
680,1,682,16
682,1,684,1
682,2,684,2
682,3,685,1
682,4,685,2
682,5,686,1
682,6,686,2
682,7,687,1
682,8,687,2
682,9,688,1
682,10,688,2
682,11,689,1
682,12,689,2
682,13,690,1
682,14,690,2
682,15,691,1
682,16,691,2
684,1,693,1
685,1,693,2
686,1,693,3
687,1,693,4
688,1,693,5
689,1,693,6
690,1,693,7
691,1,693,8
693,1,695,1
693,2,695,2
693,3,696,1
693,4,696,2
693,5,697,1
693,6,697,2
693,7,698,1
693,8,698,2
695,1,700,1
696,1,700,2
697,1,700,3
698,1,700,4
700,1,702,1
700,2,702,2
700,3,703,1
700,4,703,2
702,1,705,1
703,1,705,2
708,1,710,1
708,2,710,2
708,3,710,3
708,4,710,4
708,5,710,5
708,6,710,6
708,7,710,7
708,8,710,8
708,9,710,9
708,10,710,10
708,11,710,11
708,12,710,12
708,13,710,13
708,14,710,14
708,15,710,15
708,16,710,16
708,17,710,17
708,18,710,18
708,19,710,19
708,20,710,20
708,21,710,21
708,22,710,22
708,23,710,23
708,24,710,24
708,25,710,25
708,26,710,26
708,27,710,27
708,28,710,28
708,29,710,29
708,30,710,30
708,31,710,31
708,32,710,32
708,33,710,33
708,34,710,34
708,35,710,35
708,36,710,36
708,37,710,37
708,38,710,38
708,39,710,39
708,40,710,40
708,41,710,41
708,42,710,42
708,43,710,43
708,44,710,44
708,45,710,45
708,46,710,46
708,47,710,47
708,48,710,48
710,1,712,1
710,2,712,2
710,3,712,3
710,4,712,4
710,5,712,5
710,6,712,6
710,7,712,7
710,8,712,8
710,25,713,1
710,26,713,2
710,27,713,3
710,28,713,4
710,29,713,5
710,30,713,6
710,31,713,7
710,32,713,8
710,9,716,1
710,10,716,2
710,11,717,1
710,12,717,2
710,13,718,1
710,14,718,2
710,15,719,1
710,16,719,2
710,17,721,1
710,18,721,2
710,19,722,1
710,20,722,2
710,21,723,1
710,22,723,2
710,23,724,1
710,24,724,2
710,33,726,1
710,34,726,2
710,35,727,1
710,36,727,2
710,37,728,1
710,38,728,2
710,39,729,1
710,40,729,2
710,41,731,1
710,42,731,2
710,43,732,1
710,44,732,2
710,45,733,1
710,46,733,2
710,47,734,1
710,48,734,2
712,1,736,1
712,2,736,2
712,3,736,3
712,4,736,4
712,5,736,5
712,6,736,6
712,7,736,7
712,8,736,8
716,1,736,9
717,1,736,10
718,1,736,11
719,1,736,12
721,1,736,13
722,1,736,14
723,1,736,15
724,1,736,16
713,1,737,1
713,2,737,2
713,3,737,3
713,4,737,4
713,5,737,5
713,6,737,6
713,7,737,7
713,8,737,8
726,1,737,9
727,1,737,10
728,1,737,11
729,1,737,12
731,1,737,13
732,1,737,14
733,1,737,15
734,1,737,16
736,1,740,1
736,2,740,2
736,3,741,1
736,4,741,2
736,5,742,1
736,6,742,2
736,7,743,1
736,8,743,2
736,9,744,1
736,10,744,2
736,11,745,1
736,12,745,2
736,13,746,1
736,14,746,2
736,15,747,1
736,16,747,2
737,1,749,1
737,2,749,2
737,3,750,1
737,4,750,2
737,5,751,1
737,6,751,2
737,7,752,1
737,8,752,2
737,9,753,1
737,10,753,2
737,11,754,1
737,12,754,2
737,13,755,1
737,14,755,2
737,15,756,1
737,16,756,2
740,1,758,1
741,1,758,2
742,1,758,3
743,1,758,4
744,1,758,5
745,1,758,6
746,1,758,7
747,1,758,8
749,1,759,1
750,1,759,2
751,1,759,3
752,1,759,4
753,1,759,5
754,1,759,6
755,1,759,7
756,1,759,8
758,1,762,1
758,2,762,2
758,3,763,1
758,4,763,2
758,5,764,1
758,6,764,2
758,7,765,1
758,8,765,2
759,1,767,1
759,2,767,2
759,3,768,1
759,4,768,2
759,5,769,1
759,6,769,2
759,7,770,1
759,8,770,2
762,1,772,1
763,1,772,2
764,1,772,3
765,1,772,4
767,1,773,1
768,1,773,2
769,1,773,3
770,1,773,4
772,1,776,1
772,2,776,2
772,3,777,1
772,4,777,2
773,1,779,1
773,2,779,2
773,3,780,1
773,4,780,2
776,1,782,1
777,1,782,2
779,1,783,1
780,1,783,2
782,1,785,1
783,1,785,2
791,6,802,1
791,3,802,2
791,5,803,1
791,4,803,2
803,1,805,1
802,1,805,2
794,6,810,1
794,3,810,2
794,5,811,1
794,4,811,2
811,1,813,1
810,1,813,2
797,7,818,1
797,4,818,2
797,6,819,1
797,5,819,2
819,1,821,1
818,1,821,2
829,1,831,1
829,2,831,2
829,3,831,3
829,4,831,4
829,5,831,5
829,6,831,6
829,7,831,7
829,8,831,8
829,9,831,9
829,10,831,10
829,11,831,11
829,12,831,12
829,13,831,13
829,14,831,14
829,15,831,15
829,16,831,16
829,17,831,17
829,18,831,18
829,19,831,19
829,20,831,20
831,1,833,1
831,2,833,2
831,3,834,1
831,4,834,2
831,5,835,1
831,6,835,2
831,7,836,1
831,8,836,2
831,9,837,1
831,10,837,2
831,11,838,1
831,12,838,2
831,13,839,1
831,14,839,2
831,15,840,1
831,16,840,2
828,1,842,1
828,2,842,2
828,3,842,3
828,4,842,4
828,5,842,5
828,6,842,6
828,7,842,7
828,8,842,8
828,9,842,9
828,10,842,10
828,11,842,11
828,12,842,12
828,13,842,13
828,14,842,14
828,15,842,15
828,16,842,16
828,17,842,17
828,18,842,18
828,19,842,19
828,20,842,20
831,17,842,21
831,18,842,22
831,19,842,23
831,20,842,24
833,1,842,25
834,1,842,26
835,1,842,27
836,1,842,28
837,1,842,29
838,1,842,30
839,1,842,31
840,1,842,32
842,1,844,1
842,2,844,2
842,3,845,1
842,4,845,2
842,5,846,1
842,6,846,2
842,7,847,1
842,8,847,2
842,9,848,1
842,10,848,2
842,11,849,1
842,12,849,2
842,13,850,1
842,14,850,2
842,15,851,1
842,16,851,2
842,17,852,1
842,18,852,2
842,19,853,1
842,20,853,2
842,21,854,1
842,22,854,2
842,23,855,1
842,24,855,2
842,25,856,1
842,26,856,2
842,27,857,1
842,28,857,2
842,29,858,1
842,30,858,2
842,31,859,1
842,32,859,2
844,1,861,1
845,1,861,2
846,1,861,3
847,1,861,4
848,1,861,5
849,1,861,6
850,1,861,7
851,1,861,8
852,1,861,9
853,1,861,10
854,1,861,11
855,1,861,12
856,1,861,13
857,1,861,14
858,1,861,15
859,1,861,16
861,1,863,1
861,2,863,2
861,3,864,1
861,4,864,2
861,5,865,1
861,6,865,2
861,7,866,1
861,8,866,2
861,9,867,1
861,10,867,2
861,11,868,1
861,12,868,2
861,13,869,1
861,14,869,2
861,15,870,1
861,16,870,2
863,1,872,1
864,1,872,2
865,1,872,3
866,1,872,4
867,1,872,5
868,1,872,6
869,1,872,7
870,1,872,8
872,1,874,1
872,2,874,2
872,3,875,1
872,4,875,2
872,5,876,1
872,6,876,2
872,7,877,1
872,8,877,2
874,1,879,1
875,1,879,2
876,1,879,3
877,1,879,4
879,1,881,1
879,2,881,2
879,3,882,1
879,4,882,2
881,1,884,1
882,1,884,2
888,1,890,1
888,2,890,2
888,3,890,3
888,4,890,4
888,5,890,5
888,6,890,6
888,7,890,7
888,8,890,8
888,9,890,9
888,10,890,10
888,11,890,11
888,12,890,12
888,13,890,13
888,14,890,14
888,15,890,15
888,16,890,16
888,17,890,17
888,18,890,18
888,19,890,19
888,20,890,20
890,1,892,1
890,2,892,2
890,3,893,1
890,4,893,2
890,5,894,1
890,6,894,2
890,7,895,1
890,8,895,2
890,9,896,1
890,10,896,2
890,11,897,1
890,12,897,2
890,13,898,1
890,14,898,2
890,15,899,1
890,16,899,2
887,1,901,1
887,2,901,2
887,3,901,3
887,4,901,4
887,5,901,5
887,6,901,6
887,7,901,7
887,8,901,8
887,9,901,9
887,10,901,10
887,11,901,11
887,12,901,12
887,13,901,13
887,14,901,14
887,15,901,15
887,16,901,16
887,17,901,17
887,18,901,18
887,19,901,19
887,20,901,20
890,17,901,21
890,18,901,22
890,19,901,23
890,20,901,24
892,1,901,25
893,1,901,26
894,1,901,27
895,1,901,28
896,1,901,29
897,1,901,30
898,1,901,31
899,1,901,32
901,1,903,1
901,2,903,2
901,3,904,1
901,4,904,2
901,5,905,1
901,6,905,2
901,7,906,1
901,8,906,2
901,9,907,1
901,10,907,2
901,11,908,1
901,12,908,2
901,13,909,1
901,14,909,2
901,15,910,1
901,16,910,2
901,17,911,1
901,18,911,2
901,19,912,1
901,20,912,2
901,21,913,1
901,22,913,2
901,23,914,1
901,24,914,2
901,25,915,1
901,26,915,2
901,27,916,1
901,28,916,2
901,29,917,1
901,30,917,2
901,31,918,1
901,32,918,2
903,1,920,1
904,1,920,2
905,1,920,3
906,1,920,4
907,1,920,5
908,1,920,6
909,1,920,7
910,1,920,8
911,1,920,9
912,1,920,10
913,1,920,11
914,1,920,12
915,1,920,13
916,1,920,14
917,1,920,15
918,1,920,16
920,1,922,1
920,2,922,2
920,3,923,1
920,4,923,2
920,5,924,1
920,6,924,2
920,7,925,1
920,8,925,2
920,9,926,1
920,10,926,2
920,11,927,1
920,12,927,2
920,13,928,1
920,14,928,2
920,15,929,1
920,16,929,2
922,1,931,1
923,1,931,2
924,1,931,3
925,1,931,4
926,1,931,5
927,1,931,6
928,1,931,7
929,1,931,8
931,1,933,1
931,2,933,2
931,3,934,1
931,4,934,2
931,5,935,1
931,6,935,2
931,7,936,1
931,8,936,2
933,1,938,1
934,1,938,2
935,1,938,3
936,1,938,4
938,1,940,1
938,2,940,2
938,3,941,1
938,4,941,2
940,1,943,1
941,1,943,2
954,1,956,1
954,2,956,2
954,3,956,3
954,4,956,4
954,5,956,5
954,6,956,6
954,7,956,7
954,8,956,8
954,9,956,9
954,10,956,10
954,11,956,11
954,12,956,12
954,13,956,13
954,14,956,14
954,15,956,15
954,16,956,16
954,17,956,17
954,18,956,18
956,1,958,1
956,2,958,2
956,3,959,1
956,4,959,2
956,5,960,1
956,6,960,2
956,7,961,1
956,8,961,2
953,1,963,1
953,2,963,2
953,3,963,3
953,4,963,4
953,5,963,5
953,6,963,6
953,7,963,7
953,8,963,8
953,9,963,9
953,10,963,10
953,11,963,11
953,12,963,12
953,13,963,13
953,14,963,14
953,15,963,15
953,16,963,16
953,17,963,17
953,18,963,18
956,9,963,19
956,10,963,20
956,11,963,21
956,12,963,22
956,13,963,23
956,14,963,24
956,15,963,25
956,16,963,26
956,17,963,27
956,18,963,28
958,1,963,29
959,1,963,30
960,1,963,31
961,1,963,32
963,1,965,1
963,2,965,2
963,3,966,1
963,4,966,2
963,5,967,1
963,6,967,2
963,7,968,1
963,8,968,2
963,9,969,1
963,10,969,2
963,11,970,1
963,12,970,2
963,13,971,1
963,14,971,2
963,15,972,1
963,16,972,2
963,17,973,1
963,18,973,2
963,19,974,1
963,20,974,2
963,21,975,1
963,22,975,2
963,23,976,1
963,24,976,2
963,25,977,1
963,26,977,2
963,27,978,1
963,28,978,2
963,29,979,1
963,30,979,2
963,31,980,1
963,32,980,2
965,1,982,1
966,1,982,2
967,1,982,3
968,1,982,4
969,1,982,5
970,1,982,6
971,1,982,7
972,1,982,8
973,1,982,9
974,1,982,10
975,1,982,11
976,1,982,12
977,1,982,13
978,1,982,14
979,1,982,15
980,1,982,16
982,1,984,1
982,2,984,2
982,3,985,1
982,4,985,2
982,5,986,1
982,6,986,2
982,7,987,1
982,8,987,2
982,9,988,1
982,10,988,2
982,11,989,1
982,12,989,2
982,13,990,1
982,14,990,2
982,15,991,1
982,16,991,2
984,1,993,1
985,1,993,2
986,1,993,3
987,1,993,4
988,1,993,5
989,1,993,6
990,1,993,7
991,1,993,8
993,1,995,1
993,2,995,2
993,3,996,1
993,4,996,2
993,5,997,1
993,6,997,2
993,7,998,1
993,8,998,2
995,1,1000,1
996,1,1000,2
997,1,1000,3
998,1,1000,4
1000,1,1002,1
1000,2,1002,2
1000,3,1003,1
1000,4,1003,2
1002,1,1005,1
1003,1,1005,2
1008,16,1016,1
1011,3,1016,2
1023,6,1025,1
1023,11,1025,2
1023,7,1026,1
1023,10,1026,2
1023,8,1027,1
1023,9,1027,2
1023,5,1028,1
1023,12,1028,2
1025,2,1030,1
1025,1,1030,2
1026,2,1031,1
1026,1,1031,2
1027,2,1032,1
1027,1,1032,2
1028,2,1033,1
1028,1,1033,2
1023,1,1035,1
1030,1,1035,2
1023,2,1036,1
1031,1,1036,2
1023,3,1037,1
1032,1,1037,2
1023,4,1038,1
1033,1,1038,2
1035,2,1040,1
1035,1,1040,2
1036,2,1041,1
1036,1,1041,2
1037,2,1042,1
1037,1,1042,2
1038,2,1043,1
1038,1,1043,2
1040,1,1045,1
1043,1,1045,2
1041,1,1046,1
1042,1,1046,2
1045,1,1048,1
1046,1,1048,2
1059,1,1061,1
1059,2,1061,2
1059,3,1061,3
1059,4,1061,4
1059,5,1061,5
1059,6,1061,6
1059,7,1061,7
1059,8,1061,8
1059,9,1061,9
1059,10,1061,10
1059,11,1061,11
1059,12,1061,12
1059,13,1061,13
1059,14,1061,14
1059,15,1061,15
1059,16,1061,16
1059,17,1061,17
1059,18,1061,18
1059,19,1061,19
1059,20,1061,20
1059,21,1061,21
1059,22,1061,22
1061,19,1063,1
1061,20,1063,2
1061,21,1064,1
1061,22,1064,2
1058,9,1066,1
1061,1,1066,2
1061,16,1067,1
1064,1,1067,2
1058,13,1068,1
1061,5,1068,2
1058,20,1069,1
1061,12,1069,2
1058,12,1070,1
1061,4,1070,2
1061,13,1071,1
1061,18,1071,2
1058,16,1072,1
1061,8,1072,2
1058,17,1073,1
1061,9,1073,2
1058,10,1074,1
1061,2,1074,2
1061,15,1075,1
1063,1,1075,2
1058,14,1076,1
1061,6,1076,2
1058,19,1077,1
1061,11,1077,2
1058,11,1078,1
1061,3,1078,2
1061,14,1079,1
1061,17,1079,2
1058,15,1080,1
1061,7,1080,2
1058,18,1081,1
1061,10,1081,2
1066,1,1083,1
1067,1,1083,2
1068,1,1084,1
1069,1,1084,2
1070,1,1085,1
1071,1,1085,2
1072,1,1086,1
1073,1,1086,2
1074,1,1087,1
1075,1,1087,2
1076,1,1088,1
1077,1,1088,2
1078,1,1089,1
1079,1,1089,2
1080,1,1090,1
1081,1,1090,2
1058,1,1092,1
1090,1,1092,2
1058,8,1093,1
1083,1,1093,2
1058,4,1094,1
1087,1,1094,2
1058,5,1095,1
1086,1,1095,2
1058,2,1096,1
1089,1,1096,2
1058,7,1097,1
1084,1,1097,2
1058,3,1098,1
1088,1,1098,2
1058,6,1099,1
1085,1,1099,2
1092,1,1101,1
1093,1,1101,2
1094,1,1102,1
1095,1,1102,2
1096,1,1103,1
1097,1,1103,2
1098,1,1104,1
1099,1,1104,2
1101,1,1106,1
1102,1,1106,2
1103,1,1107,1
1104,1,1107,2
1106,1,1109,1
1107,1,1109,2
1119,15,1121,1
1119,18,1121,2
1119,16,1122,1
1119,17,1122,2
1119,1,1124,1
1121,1,1124,2
1119,2,1125,1
1122,1,1125,2
1119,3,1126,1
1119,14,1126,2
1119,4,1127,1
1119,13,1127,2
1119,5,1128,1
1119,12,1128,2
1119,6,1129,1
1119,11,1129,2
1119,7,1130,1
1119,10,1130,2
1119,8,1131,1
1119,9,1131,2
1124,1,1133,1
1131,1,1133,2
1125,1,1134,1
1130,1,1134,2
1126,1,1135,1
1129,1,1135,2
1127,1,1136,1
1128,1,1136,2
1133,1,1138,1
1136,1,1138,2
1134,1,1139,1
1135,1,1139,2
1138,1,1141,1
1139,1,1141,2
1148,1,1150,1
1148,16,1150,2
1148,2,1151,1
1148,15,1151,2
1148,3,1152,1
1148,14,1152,2
1148,4,1153,1
1148,13,1153,2
1148,5,1154,1
1148,12,1154,2
1148,6,1155,1
1148,11,1155,2
1148,7,1156,1
1148,10,1156,2
1148,8,1157,1
1148,9,1157,2
1150,1,1159,1
1157,1,1159,2
1151,1,1160,1
1156,1,1160,2
1152,1,1161,1
1155,1,1161,2
1153,1,1162,1
1154,1,1162,2
1159,1,1164,1
1162,1,1164,2
1160,1,1165,1
1161,1,1165,2
1164,1,1167,1
1165,1,1167,2
1174,1,1176,1
1174,16,1176,2
1174,2,1177,1
1174,15,1177,2
1174,3,1178,1
1174,14,1178,2
1174,4,1179,1
1174,13,1179,2
1174,5,1180,1
1174,12,1180,2
1174,6,1181,1
1174,11,1181,2
1174,7,1182,1
1174,10,1182,2
1174,8,1183,1
1174,9,1183,2
1176,1,1185,1
1183,1,1185,2
1177,1,1186,1
1182,1,1186,2
1178,1,1187,1
1181,1,1187,2
1179,1,1188,1
1180,1,1188,2
1185,1,1190,1
1188,1,1190,2
1186,1,1191,1
1187,1,1191,2
1190,1,1193,1
1191,1,1193,2
1196,1,1198,1
1196,2,1198,2
1196,3,1198,3
1196,4,1198,4
1196,5,1198,5
1196,6,1198,6
1196,7,1198,7
1196,8,1198,8
1196,9,1199,1
1196,10,1199,2
1196,11,1199,3
1196,12,1199,4
1196,13,1199,5
1196,14,1199,6
1196,15,1199,7
1196,16,1199,8
1203,1,1205,1
1203,16,1205,2
1203,2,1206,1
1203,15,1206,2
1203,3,1207,1
1203,14,1207,2
1203,4,1208,1
1203,13,1208,2
1203,5,1209,1
1203,12,1209,2
1203,6,1210,1
1203,11,1210,2
1203,7,1211,1
1203,10,1211,2
1203,8,1212,1
1203,9,1212,2
1205,1,1214,1
1212,1,1214,2
1206,1,1215,1
1211,1,1215,2
1207,1,1216,1
1210,1,1216,2
1208,1,1217,1
1209,1,1217,2
1214,1,1219,1
1217,1,1219,2
1215,1,1220,1
1216,1,1220,2
1219,1,1222,1
1220,1,1222,2
1229,1,1231,1
1229,16,1231,2
1229,2,1232,1
1229,15,1232,2
1229,3,1233,1
1229,14,1233,2
1229,4,1234,1
1229,13,1234,2
1229,5,1235,1
1229,12,1235,2
1229,6,1236,1
1229,11,1236,2
1229,7,1237,1
1229,10,1237,2
1229,8,1238,1
1229,9,1238,2
1231,1,1240,1
1238,1,1240,2
1232,1,1241,1
1237,1,1241,2
1233,1,1242,1
1236,1,1242,2
1234,1,1243,1
1235,1,1243,2
1240,1,1245,1
1243,1,1245,2
1241,1,1246,1
1242,1,1246,2
1245,1,1248,1
1246,1,1248,2
1255,5,1257,1
1255,12,1257,2
1255,6,1258,1
1255,11,1258,2
1255,7,1259,1
1255,10,1259,2
1255,8,1260,1
1255,9,1260,2
1257,2,1262,1
1257,1,1262,2
1258,2,1263,1
1258,1,1263,2
1259,2,1264,1
1259,1,1264,2
1260,2,1265,1
1260,1,1265,2
1255,1,1267,1
1262,1,1267,2
1255,2,1268,1
1263,1,1268,2
1255,3,1269,1
1264,1,1269,2
1255,4,1270,1
1265,1,1270,2
1267,2,1272,1
1267,1,1272,2
1268,2,1273,1
1268,1,1273,2
1269,2,1274,1
1269,1,1274,2
1270,2,1275,1
1270,1,1275,2
1272,1,1277,1
1275,1,1277,2
1273,1,1278,1
1274,1,1278,2
1277,1,1280,1
1278,1,1280,2
1283,1,1285,1
1283,2,1285,2
1283,3,1285,3
1283,4,1285,4
1283,5,1285,5
1283,6,1285,6
1283,7,1286,1
1283,8,1286,2
1283,9,1286,3
1283,10,1286,4
1283,11,1286,5
1283,12,1286,6
1294,1,1296,1
1294,2,1296,2
1294,3,1296,3
1294,4,1296,4
1294,5,1296,5
1294,6,1296,6
1294,7,1296,7
1294,8,1296,8
1294,9,1296,9
1294,10,1296,10
1294,11,1296,11
1294,12,1296,12
1294,13,1296,13
1294,14,1296,14
1294,15,1296,15
1294,16,1296,16
1294,17,1296,17
1294,18,1296,18
1294,19,1296,19
1294,20,1296,20
1294,21,1296,21
1294,22,1296,22
1296,3,1298,1
1296,4,1298,2
1296,5,1299,1
1296,6,1299,2
1296,7,1300,1
1296,8,1300,2
1296,9,1301,1
1296,10,1301,2
1296,11,1302,1
1296,12,1302,2
1296,13,1303,1
1296,14,1303,2
1296,15,1304,1
1296,16,1304,2
1296,17,1305,1
1296,18,1305,2
1296,19,1306,1
1296,20,1306,2
1296,21,1307,1
1296,22,1307,2
1293,1,1309,1
1296,1,1309,2
1293,8,1310,1
1302,1,1310,2
1293,9,1311,1
1301,1,1311,2
1293,16,1312,1
1293,17,1312,2
1293,4,1313,1
1306,1,1313,2
1293,5,1314,1
1305,1,1314,2
1293,12,1315,1
1298,1,1315,2
1293,13,1316,1
1293,20,1316,2
1293,2,1317,1
1296,2,1317,2
1293,7,1318,1
1303,1,1318,2
1293,10,1319,1
1300,1,1319,2
1293,15,1320,1
1293,18,1320,2
1293,3,1321,1
1307,1,1321,2
1293,6,1322,1
1304,1,1322,2
1293,11,1323,1
1299,1,1323,2
1293,14,1324,1
1293,19,1324,2
1309,1,1326,1
1310,1,1326,2
1311,1,1327,1
1312,1,1327,2
1313,1,1328,1
1314,1,1328,2
1315,1,1329,1
1316,1,1329,2
1317,1,1330,1
1318,1,1330,2
1319,1,1331,1
1320,1,1331,2
1321,1,1332,1
1322,1,1332,2
1323,1,1333,1
1324,1,1333,2
1326,1,1335,1
1327,1,1335,2
1328,1,1336,1
1329,1,1336,2
1330,1,1337,1
1331,1,1337,2
1332,1,1338,1
1333,1,1338,2
1335,1,1340,1
1336,1,1340,2
1337,1,1341,1
1338,1,1341,2
1340,1,1343,1
1341,1,1343,2
1349,6,1354,1
1349,3,1354,2
1349,5,1355,1
1349,4,1355,2
1355,1,1357,1
1354,1,1357,2
1361,1,1363,1
1361,16,1363,2
1361,2,1364,1
1361,15,1364,2
1361,3,1365,1
1361,14,1365,2
1361,4,1366,1
1361,13,1366,2
1361,5,1367,1
1361,12,1367,2
1361,6,1368,1
1361,11,1368,2
1361,7,1369,1
1361,10,1369,2
1361,8,1370,1
1361,9,1370,2
1363,1,1372,1
1370,1,1372,2
1364,1,1373,1
1369,1,1373,2
1365,1,1374,1
1368,1,1374,2
1366,1,1375,1
1367,1,1375,2
1372,1,1377,1
1375,1,1377,2
1373,1,1378,1
1374,1,1378,2
1377,1,1380,1
1378,1,1380,2
1387,7,1389,1
1387,10,1389,2
1387,8,1390,1
1387,9,1390,2
1387,1,1392,1
1389,1,1392,2
1387,2,1393,1
1390,1,1393,2
1387,3,1394,1
1387,6,1394,2
1387,4,1395,1
1387,5,1395,2
1392,1,1397,1
1395,1,1397,2
1393,1,1398,1
1394,1,1398,2
1397,1,1400,1
1398,1,1400,2
1411,0,1413,1
1411,0,1413,2
1411,0,1414,1
1411,0,1414,2
1413,2,1416,1
1414,2,1416,2
1413,1,1418,1
1414,1,1418,2
1421,0,1423,1
1421,0,1423,2
1421,0,1423,3
1421,0,1423,4
1421,0,1424,1
1421,0,1424,2
1421,0,1424,3
1421,0,1424,4
1423,1,1426,1
1424,2,1426,2
1424,1,1427,1
1423,2,1427,2
1426,1,1429,1
1427,2,1429,2
1433,13,1435,1
1433,16,1435,2
1433,14,1436,1
1433,15,1436,2
1433,7,1438,1
1435,1,1438,2
1433,9,1439,1
1433,12,1439,2
1433,8,1440,1
1436,1,1440,2
1433,10,1441,1
1433,11,1441,2
1438,1,1443,1
1439,1,1443,2
1440,1,1444,1
1441,1,1444,2
1433,1,1446,1
1443,1,1446,2
1433,3,1447,1
1433,6,1447,2
1433,2,1448,1
1444,1,1448,2
1433,5,1449,1
1433,4,1449,2
1446,1,1451,1
1447,1,1451,2
1448,1,1452,1
1449,1,1452,2
1451,1,1454,1
1452,1,1454,2
1457,3,1460,1
1457,6,1460,2
1457,4,1461,1
1457,5,1461,2
1458,3,1462,1
1458,6,1462,2
1458,4,1463,1
1458,5,1463,2
1460,1,1465,1
1457,2,1465,2
1461,1,1466,1
1457,1,1466,2
1462,1,1467,1
1458,2,1467,2
1463,1,1468,1
1458,1,1468,2
1465,1,1470,1
1466,1,1470,2
1467,1,1471,1
1468,1,1471,2
1470,2,1473,1
1470,1,1473,2
1471,2,1474,1
1471,1,1474,2
1473,1,1476,1
1474,1,1476,2
1476,1,1478,1
1476,2,1478,2
1482,8,1484,1
1482,1,1484,2
1482,7,1485,1
1482,2,1485,2
1482,6,1486,1
1482,3,1486,2
1482,5,1487,1
1482,4,1487,2
1484,1,1489,1
1485,1,1489,2
1486,1,1489,3
1487,1,1489,4
1489,4,1491,1
1489,1,1491,2
1489,3,1492,1
1489,2,1492,2
1491,1,1494,1
1492,1,1494,2
1494,2,1496,1
1494,1,1496,2
1499,8,1501,1
1499,1,1501,2
1499,7,1502,1
1499,2,1502,2
1499,6,1503,1
1499,3,1503,2
1499,5,1504,1
1499,4,1504,2
1501,1,1506,1
1502,1,1506,2
1503,1,1506,3
1504,1,1506,4
1506,4,1508,1
1506,1,1508,2
1506,3,1509,1
1506,2,1509,2
1508,1,1511,1
1509,1,1511,2
1511,2,1513,1
1511,1,1513,2
1520,0,1522,1
1520,0,1522,2
1520,0,1522,3
1520,0,1522,4
1520,0,1523,1
1520,0,1523,2
1520,0,1523,3
1520,0,1523,4
1522,1,1525,1
1523,2,1525,2
1523,1,1526,1
1522,2,1526,2
1525,1,1528,1
1526,2,1528,2
1531,0,1533,1
1531,0,1533,2
1531,0,1533,3
1531,0,1534,1
1531,0,1534,2
1531,0,1534,3
1533,1,1536,1
1534,2,1536,2
1534,1,1537,1
1533,2,1537,2
1536,2,1539,1
1537,2,1539,2
1536,1,1541,1
1537,1,1541,2
1545,3,1547,1
1545,6,1547,2
1545,4,1548,1
1545,5,1548,2
1547,1,1550,1
1548,1,1550,2
1545,1,1552,1
1550,2,1552,2
1545,2,1553,1
1550,1,1553,2
1552,1,1555,1
1553,1,1555,2
1555,1,1557,1
1555,2,1557,2
1561,1,1563,1
1561,2,1563,2
1561,3,1563,3
1561,4,1563,4
1561,5,1563,5
1561,6,1563,6
1561,7,1564,1
1561,8,1564,2
1561,9,1564,3
1561,10,1564,4
1561,11,1564,5
1561,12,1564,6
1568,3,1570,1
1568,14,1570,2
1568,4,1571,1
1568,13,1571,2
1568,5,1572,1
1568,12,1572,2
1568,6,1573,1
1568,11,1573,2
1568,7,1574,1
1568,10,1574,2
1568,8,1575,1
1568,9,1575,2
1568,1,1577,1
1573,1,1577,2
1570,1,1578,1
1575,1,1578,2
1571,1,1579,1
1574,1,1579,2
1568,2,1580,1
1572,1,1580,2
1577,1,1582,1
1580,1,1582,2
1578,1,1583,1
1579,1,1583,2
1582,1,1585,1
1583,1,1585,2
1585,1,1591,1
1585,2,1591,2
1591,1,1593,1
1591,8,1593,2
1591,2,1594,1
1591,7,1594,2
1591,3,1595,1
1591,6,1595,2
1591,4,1596,1
1591,5,1596,2
1593,1,1598,1
1596,1,1598,2
1594,1,1599,1
1595,1,1599,2
1598,2,1601,1
1599,2,1601,2
1598,1,1603,1
1599,1,1603,2
1610,1,1613,1
1610,2,1613,2
1610,3,1613,3
1610,4,1614,1
1610,5,1614,2
1610,6,1614,3
1610,7,1615,1
1610,8,1615,2
1610,9,1615,3
1610,10,1616,1
1611,1,1616,2
1611,2,1616,3
1613,0,1618,1
1614,0,1618,2
1615,0,1618,3
1616,0,1618,4
1613,0,1619,1
1614,0,1619,2
1615,0,1619,3
1616,0,1619,4
1613,0,1620,1
1614,0,1620,2
1615,0,1620,3
1616,0,1620,4
1618,3,1622,1
1619,3,1622,2
1620,3,1622,3
1622,1,1624,1
1622,2,1624,2
1618,1,1626,1
1624,0,1626,2
1618,2,1627,1
1620,2,1627,2
1619,1,1628,1
1624,0,1628,2
1620,1,1629,1
1619,2,1629,2
1626,1,1631,1
1627,1,1631,2
1628,1,1632,1
1629,1,1632,2
1631,2,1634,1
1632,2,1634,2
1631,1,1636,1
1632,1,1636,2
1639,1,1641,1
1639,5,1641,2
1639,9,1641,3
1639,13,1641,4
1639,2,1642,1
1639,6,1642,2
1639,10,1642,3
1639,14,1642,4
1639,3,1643,1
1639,7,1643,2
1639,11,1643,3
1639,15,1643,4
1639,4,1644,1
1639,8,1644,2
1639,12,1644,3
1639,16,1644,4
1641,1,1646,1
1641,2,1646,2
1642,1,1646,3
1642,2,1646,4
1643,1,1646,5
1643,2,1646,6
1644,1,1646,7
1644,2,1646,8
1646,8,1648,1
1646,1,1648,2
1646,7,1649,1
1646,2,1649,2
1646,6,1650,1
1646,3,1650,2
1646,5,1651,1
1646,4,1651,2
1648,1,1653,1
1649,1,1653,2
1650,1,1653,3
1651,1,1653,4
1653,4,1655,1
1653,1,1655,2
1653,3,1656,1
1653,2,1656,2
1655,1,1658,1
1656,1,1658,2
1658,2,1660,1
1658,1,1660,2
1663,1,1665,1
1663,16,1665,2
1663,2,1666,1
1663,15,1666,2
1663,3,1667,1
1663,14,1667,2
1663,4,1668,1
1663,13,1668,2
1663,5,1669,1
1663,12,1669,2
1663,6,1670,1
1663,11,1670,2
1663,7,1671,1
1663,10,1671,2
1663,8,1672,1
1663,9,1672,2
1665,1,1674,1
1672,1,1674,2
1666,1,1675,1
1671,1,1675,2
1667,1,1676,1
1670,1,1676,2
1668,1,1677,1
1669,1,1677,2
1674,1,1679,1
1677,1,1679,2
1675,1,1680,1
1676,1,1680,2
1679,1,1682,1
1680,1,1682,2
1692,0,1696,1
1692,0,1696,2
1692,0,1697,1
1692,0,1697,2
1692,0,1698,1
1692,0,1698,2
1692,0,1699,1
1692,0,1699,2
1692,0,1700,1
1692,0,1700,2
1692,0,1701,1
1692,0,1701,2
1693,0,1703,1
1696,1,1703,2
1693,0,1704,1
1697,1,1704,2
1693,0,1705,1
1698,1,1705,2
1693,0,1706,1
1699,1,1706,2
1693,0,1707,1
1700,1,1707,2
1693,0,1708,1
1701,1,1708,2
1693,0,1709,1
1693,0,1709,2
1693,0,1710,1
1693,0,1710,2
1694,0,1712,1
1703,1,1712,2
1694,0,1713,1
1704,1,1713,2
1694,0,1714,1
1705,1,1714,2
1694,0,1715,1
1706,1,1715,2
1694,0,1716,1
1707,1,1716,2
1694,0,1717,1
1708,1,1717,2
1694,0,1718,1
1709,1,1718,2
1694,0,1719,1
1710,1,1719,2
1712,1,1721,1
1713,1,1721,2
1714,1,1722,1
1715,1,1722,2
1716,1,1723,1
1717,1,1723,2
1718,1,1724,1
1719,1,1724,2
1721,1,1726,1
1722,1,1726,2
1723,1,1727,1
1724,1,1727,2
1726,1,1729,1
1727,1,1729,2
1740,1,1742,1
1740,3,1742,2
1740,5,1742,3
1740,7,1742,4
1740,2,1743,1
1740,4,1743,2
1740,6,1743,3
1740,8,1743,4
1742,1,1745,1
1743,1,1745,2
1745,2,1747,1
1745,1,1747,2
1750,1,1752,1
1750,3,1752,2
1750,5,1752,3
1750,7,1752,4
1750,2,1753,1
1750,4,1753,2
1750,6,1753,3
1750,8,1753,4
1752,1,1755,1
1753,1,1755,2
1755,2,1757,1
1755,1,1757,2
1764,13,1766,1
1764,20,1766,2
1764,14,1767,1
1764,19,1767,2
1764,15,1768,1
1764,18,1768,2
1764,16,1769,1
1764,17,1769,2
1764,1,1771,1
1766,1,1771,2
1764,2,1772,1
1767,1,1772,2
1764,3,1773,1
1768,1,1773,2
1764,4,1774,1
1769,1,1774,2
1764,5,1775,1
1764,12,1775,2
1764,6,1776,1
1764,11,1776,2
1764,7,1777,1
1764,10,1777,2
1764,8,1778,1
1764,9,1778,2
1771,1,1780,1
1778,1,1780,2
1772,1,1781,1
1777,1,1781,2
1773,1,1782,1
1776,1,1782,2
1774,1,1783,1
1775,1,1783,2
1780,1,1785,1
1783,1,1785,2
1781,1,1786,1
1782,1,1786,2
1785,1,1788,1
1786,1,1788,2
1792,0,1794,1
1792,0,1794,2
1792,0,1794,3
1792,0,1794,4
1792,0,1795,1
1792,0,1795,2
1792,0,1795,3
1792,0,1795,4
1794,1,1797,1
1795,2,1797,2
1795,1,1798,1
1794,2,1798,2
1797,2,1800,1
1798,2,1800,2
1797,1,1802,1
1798,1,1802,2
