1
14
70
81
85
98
119
132
135
207
309
325
329
351
357
375
379
382
592
706
786
789
792
795
798
806
814
823
826
885
944
947
951
1006
1009
1012
1017
1021
1049
1053
1056
1110
1113
1117
1142
1146
1168
1172
1194
1201
1223
1227
1249
1253
1281
1288
1291
1344
1347
1350
1359
1381
1385
1401
1405
1409
1419
1431
1455
1480
1497
1515
1518
1529
1543
1559
1566
1586
1589
1605
1608
1637
1661
1683
1687
1690
1731
1734
1738
1748
1759
1762
1790
1806
1809
