3,0
3,1
3,2
3,3
3,4
3,5
3,6
3,7
5,0
5,1
5,2
5,3
6,0
6,1
6,2
6,3
8,0
8,1
9,0
9,1
11,0
11,1
13,0
13,1
16,0
16,1
16,2
16,3
17,0
17,1
17,2
18,0
18,1
18,2
18,3
19,0
19,1
19,2
19,3
19,4
19,5
19,6
19,7
19,8
19,9
19,10
19,11
19,12
19,13
19,14
19,15
20,0
20,1
20,2
20,3
20,4
22,0
22,1
22,2
22,3
22,4
22,5
23,0
23,1
23,2
24,0
24,1
24,2
24,3
24,4
24,5
24,6
24,7
24,8
25,0
25,1
26,0
26,1
26,2
27,0
27,1
27,2
27,3
28,0
28,1
29,0
30,0
30,1
32,0
32,1
32,2
32,3
33,0
33,1
33,2
33,3
34,0
34,1
34,2
34,3
35,0
35,1
35,2
35,3
36,0
36,1
36,2
36,3
37,0
37,1
37,2
37,3
38,0
38,1
38,2
38,3
39,0
39,1
39,2
39,3
41,0
41,1
41,2
41,3
42,0
42,1
42,2
42,3
43,0
43,1
43,2
43,3
44,0
44,1
44,2
44,3
45,0
45,1
45,2
45,3
46,0
46,1
46,2
46,3
47,0
47,1
47,2
47,3
48,0
48,1
48,2
48,3
50,0
50,1
51,0
51,1
52,0
52,1
53,0
53,1
54,0
54,1
55,0
55,1
56,0
56,1
57,0
57,1
59,0
59,1
60,0
60,1
61,0
61,1
62,0
62,1
64,0
64,1
65,0
65,1
67,0
67,1
69,0
69,1
72,0
72,1
73,0
73,1
75,0
75,1
76,0
76,1
78,0
78,1
80,0
80,1
83,0
83,1
87,0
87,1
87,2
87,3
87,4
87,5
88,0
88,1
88,2
88,3
88,4
88,5
88,6
88,7
88,8
88,9
88,10
89,0
89,1
89,2
89,3
89,4
89,5
89,6
89,7
89,8
89,9
89,10
89,11
89,12
89,13
91,0
91,1
91,2
91,3
91,4
91,5
92,0
92,1
92,2
92,3
92,4
93,0
93,1
93,2
93,3
93,4
93,5
93,6
93,7
93,8
93,9
93,10
93,11
93,12
93,13
93,14
95,0
95,1
95,2
95,3
95,4
95,5
95,6
95,7
95,8
95,9
95,10
97,0
97,1
97,2
97,3
97,4
97,5
100,0
100,1
100,2
100,3
101,0
101,1
101,2
101,3
102,0
102,1
102,2
102,3
103,0
103,1
103,2
103,3
105,0
105,1
105,2
105,3
106,0
106,1
106,2
106,3
107,0
107,1
107,2
107,3
108,0
108,1
108,2
108,3
110,0
110,1
111,0
111,1
112,0
112,1
113,0
113,1
115,0
115,1
116,0
116,1
118,0
118,1
121,0
121,1
121,2
121,3
121,4
121,5
122,0
122,1
122,2
122,3
122,4
122,5
122,6
122,7
122,8
122,9
122,10
123,0
123,1
123,2
123,3
123,4
123,5
123,6
123,7
123,8
123,9
123,10
123,11
123,12
123,13
125,0
125,1
125,2
125,3
125,4
125,5
126,0
126,1
126,2
126,3
126,4
127,0
127,1
127,2
127,3
127,4
127,5
127,6
127,7
127,8
127,9
127,10
127,11
127,12
127,13
127,14
129,0
129,1
129,2
129,3
129,4
129,5
129,6
129,7
129,8
131,0
131,1
131,2
131,3
131,4
131,5
134,0
134,1
137,0
138,0
138,1
138,2
138,3
138,4
138,5
138,6
138,7
138,8
138,9
138,10
138,11
138,12
138,13
138,14
138,15
138,16
138,17
138,18
138,19
138,20
139,0
139,1
139,2
139,3
139,4
139,5
139,6
139,7
139,8
139,9
139,10
139,11
139,12
139,13
139,14
139,15
139,16
139,17
139,18
139,19
139,20
139,21
139,22
139,23
139,24
141,0
141,1
141,2
141,3
141,4
141,5
141,6
141,7
141,8
141,9
143,0
143,1
144,0
144,1
145,0
145,1
146,0
146,1
147,0
147,1
149,0
149,1
149,2
149,3
149,4
149,5
149,6
149,7
149,8
149,9
149,10
149,11
149,12
149,13
149,14
149,15
149,16
149,17
149,18
149,19
151,0
151,1
151,2
151,3
151,4
151,5
151,6
151,7
151,8
151,9
152,0
152,1
152,2
152,3
152,4
152,5
152,6
152,7
152,8
152,9
154,0
154,1
155,0
155,1
156,0
156,1
157,0
157,1
158,0
158,1
159,0
159,1
160,0
160,1
161,0
161,1
162,0
162,1
163,0
163,1
165,0
166,0
166,1
166,2
166,3
166,4
166,5
166,6
166,7
166,8
166,9
166,10
166,11
166,12
166,13
166,14
166,15
166,16
166,17
166,18
166,19
166,20
166,21
166,22
166,23
166,24
166,25
166,26
166,27
166,28
166,29
166,30
168,0
168,1
168,2
168,3
168,4
168,5
168,6
168,7
169,0
169,1
169,2
169,3
169,4
169,5
169,6
169,7
170,0
170,1
170,2
170,3
170,4
170,5
170,6
170,7
171,0
171,1
171,2
171,3
171,4
171,5
171,6
171,7
173,0
173,1
173,2
173,3
174,0
174,1
174,2
174,3
175,0
175,1
175,2
175,3
176,0
176,1
176,2
176,3
177,0
177,1
177,2
177,3
178,0
178,1
178,2
178,3
179,0
179,1
179,2
179,3
180,0
180,1
180,2
180,3
182,0
182,1
182,2
182,3
182,4
182,5
182,6
182,7
183,0
183,1
183,2
183,3
183,4
183,5
183,6
183,7
185,0
185,1
186,0
186,1
187,0
187,1
188,0
188,1
189,0
189,1
190,0
190,1
191,0
191,1
192,0
192,1
194,0
194,1
194,2
194,3
194,4
194,5
194,6
194,7
196,0
196,1
197,0
197,1
198,0
198,1
199,0
199,1
201,0
201,1
201,2
201,3
203,0
203,1
204,0
204,1
206,0
206,1
209,0
210,0
210,1
210,2
210,3
210,4
210,5
210,6
210,7
210,8
210,9
210,10
210,11
210,12
210,13
210,14
211,0
211,1
211,2
211,3
211,4
211,5
211,6
211,7
211,8
211,9
211,10
211,11
211,12
211,13
211,14
211,15
211,16
211,17
211,18
211,19
211,20
211,21
211,22
211,23
211,24
211,25
211,26
211,27
211,28
211,29
211,30
211,31
211,32
211,33
211,34
211,35
211,36
211,37
211,38
211,39
211,40
211,41
211,42
211,43
213,0
213,1
213,2
213,3
213,4
213,5
213,6
213,7
213,8
213,9
213,10
213,11
213,12
213,13
213,14
213,15
213,16
213,17
213,18
213,19
213,20
213,21
213,22
213,23
213,24
213,25
213,26
213,27
213,28
213,29
213,30
213,31
213,32
213,33
213,34
213,35
213,36
213,37
213,38
213,39
213,40
213,41
213,42
213,43
215,0
215,1
215,2
215,3
215,4
215,5
215,6
215,7
215,8
215,9
215,10
215,11
215,12
215,13
215,14
215,15
215,16
215,17
215,18
215,19
215,20
215,21
216,0
216,1
216,2
216,3
216,4
216,5
216,6
216,7
216,8
216,9
216,10
216,11
216,12
216,13
216,14
216,15
216,16
216,17
216,18
216,19
216,20
216,21
218,0
218,1
219,0
219,1
220,0
220,1
221,0
221,1
222,0
222,1
223,0
223,1
224,0
224,1
225,0
225,1
226,0
226,1
227,0
227,1
228,0
228,1
229,0
229,1
230,0
230,1
231,0
231,1
232,0
232,1
233,0
233,1
234,0
234,1
235,0
235,1
236,0
236,1
237,0
237,1
238,0
238,1
239,0
239,1
241,0
242,0
242,1
242,2
242,3
242,4
242,5
242,6
242,7
242,8
242,9
242,10
242,11
242,12
242,13
242,14
242,15
242,16
242,17
242,18
242,19
242,20
242,21
242,22
242,23
242,24
242,25
242,26
242,27
242,28
242,29
242,30
242,31
242,32
242,33
242,34
242,35
242,36
242,37
242,38
242,39
242,40
242,41
242,42
242,43
242,44
242,45
242,46
244,0
244,1
244,2
244,3
244,4
244,5
244,6
244,7
244,8
244,9
244,10
244,11
245,0
245,1
245,2
245,3
245,4
245,5
245,6
245,7
245,8
245,9
245,10
245,11
246,0
246,1
246,2
246,3
246,4
246,5
246,6
246,7
246,8
246,9
246,10
246,11
247,0
247,1
247,2
247,3
247,4
247,5
247,6
247,7
247,8
247,9
247,10
247,11
249,0
249,1
249,2
249,3
250,0
250,1
250,2
250,3
251,0
251,1
251,2
251,3
252,0
252,1
252,2
252,3
253,0
253,1
253,2
253,3
254,0
254,1
254,2
254,3
255,0
255,1
255,2
255,3
256,0
256,1
256,2
256,3
257,0
257,1
257,2
257,3
258,0
258,1
258,2
258,3
259,0
259,1
259,2
259,3
260,0
260,1
260,2
260,3
262,0
262,1
262,2
262,3
262,4
262,5
262,6
262,7
264,0
264,1
264,2
264,3
264,4
264,5
264,6
264,7
264,8
264,9
264,10
264,11
264,12
264,13
264,14
264,15
265,0
265,1
265,2
265,3
265,4
265,5
265,6
265,7
265,8
265,9
265,10
265,11
265,12
265,13
265,14
265,15
267,0
267,1
268,0
268,1
269,0
269,1
270,0
270,1
271,0
271,1
272,0
272,1
273,0
273,1
274,0
274,1
275,0
275,1
276,0
276,1
277,0
277,1
278,0
278,1
279,0
279,1
280,0
280,1
281,0
281,1
282,0
282,1
284,0
284,1
284,2
284,3
284,4
284,5
284,6
284,7
284,8
284,9
284,10
284,11
284,12
284,13
284,14
284,15
286,0
286,1
287,0
287,1
288,0
288,1
289,0
289,1
290,0
290,1
291,0
291,1
292,0
292,1
293,0
293,1
295,0
295,1
295,2
295,3
295,4
295,5
295,6
295,7
297,0
297,1
298,0
298,1
299,0
299,1
300,0
300,1
302,0
302,1
302,2
302,3
304,0
304,1
305,0
305,1
307,0
307,1
311,0
311,1
311,2
311,3
311,4
311,5
311,6
311,7
311,8
311,9
313,0
313,1
314,0
314,1
316,0
316,1
317,0
317,1
318,0
318,1
319,0
319,1
321,0
321,1
322,0
322,1
324,0
324,1
327,0
327,1
327,2
327,3
327,4
327,5
327,6
327,7
327,8
327,9
331,0
331,1
331,2
331,3
331,4
331,5
331,6
331,7
331,8
331,9
331,10
331,11
331,12
331,13
331,14
331,15
333,0
333,1
334,0
334,1
335,0
335,1
336,0
336,1
337,0
337,1
338,0
338,1
339,0
339,1
340,0
340,1
342,0
342,1
343,0
343,1
344,0
344,1
345,0
345,1
347,0
347,1
348,0
348,1
350,0
350,1
353,0
353,1
353,2
353,3
353,4
353,5
353,6
353,7
353,8
353,9
353,10
353,11
353,12
353,13
353,14
353,15
355,0
355,1
355,2
355,3
355,4
355,5
359,0
359,1
359,2
359,3
359,4
359,5
359,6
359,7
359,8
359,9
359,10
359,11
361,0
361,1
362,0
362,1
363,0
363,1
364,0
364,1
366,0
366,1
367,0
367,1
368,0
368,1
369,0
369,1
371,0
371,1
372,0
372,1
374,0
374,1
377,0
377,1
377,2
377,3
377,4
377,5
377,6
377,7
377,8
377,9
377,10
377,11
381,0
381,1
384,0
384,1
384,2
384,3
384,4
384,5
384,6
384,7
384,8
384,9
384,10
384,11
384,12
384,13
384,14
384,15
384,16
384,17
384,18
384,19
384,20
384,21
384,22
384,23
386,0
386,1
386,2
386,3
386,4
386,5
386,6
386,7
386,8
386,9
386,10
386,11
386,12
386,13
386,14
386,15
386,16
386,17
386,18
386,19
386,20
386,21
386,22
386,23
388,0
388,1
389,0
389,1
390,0
390,1
391,0
391,1
392,0
392,1
393,0
393,1
394,0
394,1
395,0
395,1
397,0
397,1
398,0
398,1
399,0
399,1
400,0
400,1
401,0
401,1
402,0
402,1
403,0
403,1
404,0
404,1
406,0
406,1
406,2
406,3
406,4
406,5
406,6
406,7
406,8
406,9
406,10
406,11
406,12
406,13
406,14
406,15
406,16
406,17
406,18
406,19
406,20
406,21
406,22
406,23
406,24
406,25
406,26
406,27
406,28
406,29
406,30
406,31
406,32
406,33
406,34
406,35
406,36
406,37
406,38
406,39
408,0
408,1
409,0
409,1
410,0
410,1
411,0
411,1
412,0
412,1
413,0
413,1
414,0
414,1
415,0
415,1
416,0
416,1
417,0
417,1
418,0
418,1
419,0
419,1
420,0
420,1
421,0
421,1
422,0
422,1
423,0
423,1
424,0
424,1
425,0
425,1
426,0
426,1
427,0
427,1
429,0
429,1
430,0
430,1
431,0
431,1
432,0
432,1
433,0
433,1
434,0
434,1
435,0
435,1
436,0
436,1
437,0
437,1
438,0
438,1
439,0
439,1
440,0
440,1
441,0
441,1
442,0
442,1
443,0
443,1
444,0
444,1
445,0
445,1
446,0
446,1
447,0
447,1
448,0
448,1
450,0
450,1
450,2
450,3
450,4
450,5
450,6
450,7
450,8
450,9
450,10
450,11
450,12
450,13
450,14
450,15
450,16
450,17
450,18
450,19
450,20
450,21
450,22
450,23
450,24
450,25
450,26
450,27
450,28
450,29
450,30
450,31
450,32
450,33
450,34
450,35
450,36
450,37
450,38
450,39
450,40
450,41
450,42
450,43
450,44
450,45
450,46
450,47
450,48
450,49
450,50
450,51
450,52
450,53
450,54
450,55
450,56
450,57
450,58
450,59
450,60
450,61
450,62
450,63
452,0
452,1
453,0
453,1
454,0
454,1
455,0
455,1
456,0
456,1
457,0
457,1
458,0
458,1
459,0
459,1
460,0
460,1
461,0
461,1
462,0
462,1
463,0
463,1
464,0
464,1
465,0
465,1
466,0
466,1
467,0
467,1
468,0
468,1
469,0
469,1
470,0
470,1
471,0
471,1
472,0
472,1
473,0
473,1
474,0
474,1
475,0
475,1
476,0
476,1
477,0
477,1
478,0
478,1
479,0
479,1
480,0
480,1
481,0
481,1
482,0
482,1
483,0
483,1
485,0
485,1
486,0
486,1
487,0
487,1
488,0
488,1
489,0
489,1
490,0
490,1
491,0
491,1
492,0
492,1
493,0
493,1
494,0
494,1
495,0
495,1
496,0
496,1
497,0
497,1
498,0
498,1
499,0
499,1
500,0
500,1
501,0
501,1
502,0
502,1
503,0
503,1
504,0
504,1
505,0
505,1
506,0
506,1
507,0
507,1
508,0
508,1
509,0
509,1
510,0
510,1
511,0
511,1
512,0
512,1
513,0
513,1
514,0
514,1
515,0
515,1
516,0
516,1
518,0
518,1
518,2
518,3
518,4
518,5
518,6
518,7
518,8
518,9
518,10
518,11
518,12
518,13
518,14
518,15
518,16
518,17
518,18
518,19
518,20
518,21
518,22
518,23
518,24
518,25
518,26
518,27
518,28
518,29
518,30
518,31
520,0
520,1
521,0
521,1
522,0
522,1
523,0
523,1
524,0
524,1
525,0
525,1
526,0
526,1
527,0
527,1
528,0
528,1
529,0
529,1
530,0
530,1
531,0
531,1
532,0
532,1
533,0
533,1
534,0
534,1
535,0
535,1
537,0
537,1
538,0
538,1
539,0
539,1
540,0
540,1
541,0
541,1
542,0
542,1
543,0
543,1
544,0
544,1
545,0
545,1
546,0
546,1
547,0
547,1
548,0
548,1
549,0
549,1
550,0
550,1
551,0
551,1
552,0
552,1
554,0
554,1
554,2
554,3
554,4
554,5
554,6
554,7
554,8
554,9
554,10
554,11
554,12
554,13
554,14
554,15
556,0
556,1
557,0
557,1
558,0
558,1
559,0
559,1
560,0
560,1
561,0
561,1
562,0
562,1
563,0
563,1
565,0
565,1
566,0
566,1
567,0
567,1
568,0
568,1
569,0
569,1
570,0
570,1
571,0
571,1
572,0
572,1
574,0
574,1
574,2
574,3
574,4
574,5
574,6
574,7
576,0
576,1
577,0
577,1
578,0
578,1
579,0
579,1
581,0
581,1
582,0
582,1
583,0
583,1
584,0
584,1
586,0
586,1
586,2
586,3
588,0
588,1
589,0
589,1
591,0
591,1
594,0
594,1
594,2
594,3
594,4
594,5
594,6
594,7
594,8
594,9
594,10
594,11
594,12
594,13
594,14
594,15
594,16
594,17
594,18
594,19
594,20
594,21
594,22
594,23
594,24
594,25
594,26
594,27
594,28
594,29
594,30
594,31
594,32
594,33
594,34
594,35
594,36
594,37
594,38
594,39
594,40
594,41
594,42
594,43
594,44
594,45
594,46
594,47
594,48
594,49
594,50
594,51
594,52
594,53
594,54
594,55
594,56
594,57
594,58
594,59
594,60
594,61
594,62
594,63
594,64
594,65
594,66
594,67
594,68
594,69
594,70
594,71
595,0
595,1
595,2
595,3
595,4
595,5
595,6
595,7
595,8
595,9
595,10
595,11
595,12
595,13
595,14
595,15
595,16
595,17
595,18
595,19
597,0
597,1
597,2
597,3
597,4
597,5
597,6
597,7
597,8
597,9
597,10
597,11
597,12
597,13
597,14
597,15
597,16
597,17
597,18
597,19
597,20
597,21
597,22
597,23
597,24
597,25
597,26
597,27
597,28
597,29
597,30
597,31
597,32
597,33
597,34
597,35
597,36
597,37
597,38
597,39
597,40
597,41
597,42
597,43
597,44
597,45
597,46
597,47
597,48
597,49
597,50
597,51
597,52
597,53
597,54
597,55
597,56
597,57
597,58
597,59
597,60
597,61
597,62
597,63
597,64
597,65
597,66
597,67
597,68
597,69
597,70
597,71
599,0
599,1
600,0
600,1
601,0
601,1
602,0
602,1
603,0
603,1
604,0
604,1
605,0
605,1
606,0
606,1
607,0
607,1
608,0
608,1
609,0
609,1
610,0
610,1
611,0
611,1
612,0
612,1
613,0
613,1
614,0
614,1
615,0
615,1
616,0
616,1
617,0
617,1
618,0
618,1
619,0
619,1
620,0
620,1
621,0
621,1
622,0
622,1
623,0
623,1
624,0
624,1
625,0
625,1
626,0
626,1
627,0
627,1
628,0
628,1
629,0
629,1
630,0
630,1
631,0
631,1
632,0
632,1
633,0
633,1
634,0
634,1
636,0
636,1
636,2
636,3
636,4
636,5
636,6
636,7
636,8
636,9
636,10
636,11
636,12
636,13
636,14
636,15
636,16
636,17
636,18
636,19
636,20
636,21
636,22
636,23
636,24
636,25
636,26
636,27
636,28
636,29
636,30
636,31
636,32
636,33
636,34
636,35
636,36
636,37
636,38
636,39
636,40
636,41
636,42
636,43
636,44
636,45
636,46
636,47
638,0
638,1
639,0
639,1
640,0
640,1
641,0
641,1
642,0
642,1
643,0
643,1
644,0
644,1
645,0
645,1
646,0
646,1
647,0
647,1
648,0
648,1
649,0
649,1
650,0
650,1
651,0
651,1
652,0
652,1
653,0
653,1
654,0
654,1
655,0
655,1
656,0
656,1
657,0
657,1
658,0
658,1
659,0
659,1
660,0
660,1
661,0
661,1
663,0
663,1
663,2
663,3
663,4
663,5
663,6
663,7
663,8
663,9
663,10
663,11
663,12
663,13
663,14
663,15
663,16
663,17
663,18
663,19
663,20
663,21
663,22
663,23
663,24
663,25
663,26
663,27
663,28
663,29
663,30
663,31
665,0
665,1
666,0
666,1
667,0
667,1
668,0
668,1
669,0
669,1
670,0
670,1
671,0
671,1
672,0
672,1
673,0
673,1
674,0
674,1
675,0
675,1
676,0
676,1
677,0
677,1
678,0
678,1
679,0
679,1
680,0
680,1
682,0
682,1
682,2
682,3
682,4
682,5
682,6
682,7
682,8
682,9
682,10
682,11
682,12
682,13
682,14
682,15
684,0
684,1
685,0
685,1
686,0
686,1
687,0
687,1
688,0
688,1
689,0
689,1
690,0
690,1
691,0
691,1
693,0
693,1
693,2
693,3
693,4
693,5
693,6
693,7
695,0
695,1
696,0
696,1
697,0
697,1
698,0
698,1
700,0
700,1
700,2
700,3
702,0
702,1
703,0
703,1
705,0
705,1
708,0
708,1
708,2
708,3
708,4
708,5
708,6
708,7
708,8
708,9
708,10
708,11
708,12
708,13
708,14
708,15
708,16
708,17
708,18
708,19
708,20
708,21
708,22
708,23
708,24
708,25
708,26
708,27
708,28
708,29
708,30
708,31
708,32
708,33
708,34
708,35
708,36
708,37
708,38
708,39
708,40
708,41
708,42
708,43
708,44
708,45
708,46
708,47
710,0
710,1
710,2
710,3
710,4
710,5
710,6
710,7
710,8
710,9
710,10
710,11
710,12
710,13
710,14
710,15
710,16
710,17
710,18
710,19
710,20
710,21
710,22
710,23
710,24
710,25
710,26
710,27
710,28
710,29
710,30
710,31
710,32
710,33
710,34
710,35
710,36
710,37
710,38
710,39
710,40
710,41
710,42
710,43
710,44
710,45
710,46
710,47
712,0
712,1
712,2
712,3
712,4
712,5
712,6
712,7
713,0
713,1
713,2
713,3
713,4
713,5
713,6
713,7
716,0
716,1
717,0
717,1
718,0
718,1
719,0
719,1
721,0
721,1
722,0
722,1
723,0
723,1
724,0
724,1
726,0
726,1
727,0
727,1
728,0
728,1
729,0
729,1
731,0
731,1
732,0
732,1
733,0
733,1
734,0
734,1
736,0
736,1
736,2
736,3
736,4
736,5
736,6
736,7
736,8
736,9
736,10
736,11
736,12
736,13
736,14
736,15
737,0
737,1
737,2
737,3
737,4
737,5
737,6
737,7
737,8
737,9
737,10
737,11
737,12
737,13
737,14
737,15
740,0
740,1
741,0
741,1
742,0
742,1
743,0
743,1
744,0
744,1
745,0
745,1
746,0
746,1
747,0
747,1
749,0
749,1
750,0
750,1
751,0
751,1
752,0
752,1
753,0
753,1
754,0
754,1
755,0
755,1
756,0
756,1
758,0
758,1
758,2
758,3
758,4
758,5
758,6
758,7
759,0
759,1
759,2
759,3
759,4
759,5
759,6
759,7
762,0
762,1
763,0
763,1
764,0
764,1
765,0
765,1
767,0
767,1
768,0
768,1
769,0
769,1
770,0
770,1
772,0
772,1
772,2
772,3
773,0
773,1
773,2
773,3
776,0
776,1
777,0
777,1
779,0
779,1
780,0
780,1
782,0
782,1
783,0
783,1
785,0
785,1
788,0
788,1
788,2
788,3
788,4
788,5
788,6
788,7
788,8
788,9
788,10
788,11
788,12
788,13
788,14
788,15
788,16
788,17
788,18
788,19
791,0
791,1
791,2
791,3
791,4
791,5
791,6
791,7
791,8
791,9
791,10
791,11
791,12
791,13
791,14
791,15
791,16
791,17
791,18
791,19
791,20
791,21
791,22
791,23
794,0
794,1
794,2
794,3
794,4
794,5
794,6
794,7
794,8
794,9
794,10
794,11
794,12
794,13
794,14
794,15
794,16
794,17
794,18
794,19
794,20
794,21
794,22
794,23
797,0
797,1
797,2
797,3
797,4
797,5
797,6
797,7
797,8
797,9
797,10
797,11
797,12
797,13
797,14
797,15
797,16
797,17
797,18
797,19
797,20
797,21
797,22
797,23
802,0
802,1
803,0
803,1
805,0
805,1
810,0
810,1
811,0
811,1
813,0
813,1
818,0
818,1
819,0
819,1
821,0
821,1
825,0
825,1
828,0
828,1
828,2
828,3
828,4
828,5
828,6
828,7
828,8
828,9
828,10
828,11
828,12
828,13
828,14
828,15
828,16
828,17
828,18
828,19
829,0
829,1
829,2
829,3
829,4
829,5
829,6
829,7
829,8
829,9
829,10
829,11
829,12
829,13
829,14
829,15
829,16
829,17
829,18
829,19
831,0
831,1
831,2
831,3
831,4
831,5
831,6
831,7
831,8
831,9
831,10
831,11
831,12
831,13
831,14
831,15
831,16
831,17
831,18
831,19
833,0
833,1
834,0
834,1
835,0
835,1
836,0
836,1
837,0
837,1
838,0
838,1
839,0
839,1
840,0
840,1
842,0
842,1
842,2
842,3
842,4
842,5
842,6
842,7
842,8
842,9
842,10
842,11
842,12
842,13
842,14
842,15
842,16
842,17
842,18
842,19
842,20
842,21
842,22
842,23
842,24
842,25
842,26
842,27
842,28
842,29
842,30
842,31
844,0
844,1
845,0
845,1
846,0
846,1
847,0
847,1
848,0
848,1
849,0
849,1
850,0
850,1
851,0
851,1
852,0
852,1
853,0
853,1
854,0
854,1
855,0
855,1
856,0
856,1
857,0
857,1
858,0
858,1
859,0
859,1
861,0
861,1
861,2
861,3
861,4
861,5
861,6
861,7
861,8
861,9
861,10
861,11
861,12
861,13
861,14
861,15
863,0
863,1
864,0
864,1
865,0
865,1
866,0
866,1
867,0
867,1
868,0
868,1
869,0
869,1
870,0
870,1
872,0
872,1
872,2
872,3
872,4
872,5
872,6
872,7
874,0
874,1
875,0
875,1
876,0
876,1
877,0
877,1
879,0
879,1
879,2
879,3
881,0
881,1
882,0
882,1
884,0
884,1
887,0
887,1
887,2
887,3
887,4
887,5
887,6
887,7
887,8
887,9
887,10
887,11
887,12
887,13
887,14
887,15
887,16
887,17
887,18
887,19
888,0
888,1
888,2
888,3
888,4
888,5
888,6
888,7
888,8
888,9
888,10
888,11
888,12
888,13
888,14
888,15
888,16
888,17
888,18
888,19
890,0
890,1
890,2
890,3
890,4
890,5
890,6
890,7
890,8
890,9
890,10
890,11
890,12
890,13
890,14
890,15
890,16
890,17
890,18
890,19
892,0
892,1
893,0
893,1
894,0
894,1
895,0
895,1
896,0
896,1
897,0
897,1
898,0
898,1
899,0
899,1
901,0
901,1
901,2
901,3
901,4
901,5
901,6
901,7
901,8
901,9
901,10
901,11
901,12
901,13
901,14
901,15
901,16
901,17
901,18
901,19
901,20
901,21
901,22
901,23
901,24
901,25
901,26
901,27
901,28
901,29
901,30
901,31
903,0
903,1
904,0
904,1
905,0
905,1
906,0
906,1
907,0
907,1
908,0
908,1
909,0
909,1
910,0
910,1
911,0
911,1
912,0
912,1
913,0
913,1
914,0
914,1
915,0
915,1
916,0
916,1
917,0
917,1
918,0
918,1
920,0
920,1
920,2
920,3
920,4
920,5
920,6
920,7
920,8
920,9
920,10
920,11
920,12
920,13
920,14
920,15
922,0
922,1
923,0
923,1
924,0
924,1
925,0
925,1
926,0
926,1
927,0
927,1
928,0
928,1
929,0
929,1
931,0
931,1
931,2
931,3
931,4
931,5
931,6
931,7
933,0
933,1
934,0
934,1
935,0
935,1
936,0
936,1
938,0
938,1
938,2
938,3
940,0
940,1
941,0
941,1
943,0
943,1
946,0
946,1
946,2
946,3
946,4
946,5
946,6
946,7
946,8
946,9
946,10
946,11
946,12
946,13
946,14
946,15
946,16
946,17
946,18
946,19
949,0
949,1
949,2
949,3
949,4
949,5
949,6
949,7
949,8
949,9
949,10
949,11
949,12
949,13
949,14
949,15
949,16
949,17
949,18
949,19
953,0
953,1
953,2
953,3
953,4
953,5
953,6
953,7
953,8
953,9
953,10
953,11
953,12
953,13
953,14
953,15
953,16
953,17
954,0
954,1
954,2
954,3
954,4
954,5
954,6
954,7
954,8
954,9
954,10
954,11
954,12
954,13
954,14
954,15
954,16
954,17
956,0
956,1
956,2
956,3
956,4
956,5
956,6
956,7
956,8
956,9
956,10
956,11
956,12
956,13
956,14
956,15
956,16
956,17
958,0
958,1
959,0
959,1
960,0
960,1
961,0
961,1
963,0
963,1
963,2
963,3
963,4
963,5
963,6
963,7
963,8
963,9
963,10
963,11
963,12
963,13
963,14
963,15
963,16
963,17
963,18
963,19
963,20
963,21
963,22
963,23
963,24
963,25
963,26
963,27
963,28
963,29
963,30
963,31
965,0
965,1
966,0
966,1
967,0
967,1
968,0
968,1
969,0
969,1
970,0
970,1
971,0
971,1
972,0
972,1
973,0
973,1
974,0
974,1
975,0
975,1
976,0
976,1
977,0
977,1
978,0
978,1
979,0
979,1
980,0
980,1
982,0
982,1
982,2
982,3
982,4
982,5
982,6
982,7
982,8
982,9
982,10
982,11
982,12
982,13
982,14
982,15
984,0
984,1
985,0
985,1
986,0
986,1
987,0
987,1
988,0
988,1
989,0
989,1
990,0
990,1
991,0
991,1
993,0
993,1
993,2
993,3
993,4
993,5
993,6
993,7
995,0
995,1
996,0
996,1
997,0
997,1
998,0
998,1
1000,0
1000,1
1000,2
1000,3
1002,0
1002,1
1003,0
1003,1
1005,0
1005,1
1008,0
1008,1
1008,2
1008,3
1008,4
1008,5
1008,6
1008,7
1008,8
1008,9
1008,10
1008,11
1008,12
1008,13
1008,14
1008,15
1008,16
1008,17
1011,0
1011,1
1011,2
1011,3
1011,4
1011,5
1011,6
1011,7
1011,8
1011,9
1011,10
1011,11
1011,12
1011,13
1011,14
1011,15
1011,16
1011,17
1016,0
1016,1
1019,0
1019,1
1023,0
1023,1
1023,2
1023,3
1023,4
1023,5
1023,6
1023,7
1023,8
1023,9
1023,10
1023,11
1025,0
1025,1
1026,0
1026,1
1027,0
1027,1
1028,0
1028,1
1030,0
1030,1
1031,0
1031,1
1032,0
1032,1
1033,0
1033,1
1035,0
1035,1
1036,0
1036,1
1037,0
1037,1
1038,0
1038,1
1040,0
1040,1
1041,0
1041,1
1042,0
1042,1
1043,0
1043,1
1045,0
1045,1
1046,0
1046,1
1048,0
1048,1
1051,0
1051,1
1051,2
1051,3
1051,4
1051,5
1051,6
1051,7
1051,8
1051,9
1051,10
1051,11
1055,0
1055,1
1058,0
1058,1
1058,2
1058,3
1058,4
1058,5
1058,6
1058,7
1058,8
1058,9
1058,10
1058,11
1058,12
1058,13
1058,14
1058,15
1058,16
1058,17
1058,18
1058,19
1059,0
1059,1
1059,2
1059,3
1059,4
1059,5
1059,6
1059,7
1059,8
1059,9
1059,10
1059,11
1059,12
1059,13
1059,14
1059,15
1059,16
1059,17
1059,18
1059,19
1059,20
1059,21
1061,0
1061,1
1061,2
1061,3
1061,4
1061,5
1061,6
1061,7
1061,8
1061,9
1061,10
1061,11
1061,12
1061,13
1061,14
1061,15
1061,16
1061,17
1061,18
1061,19
1061,20
1061,21
1063,0
1063,1
1064,0
1064,1
1066,0
1066,1
1067,0
1067,1
1068,0
1068,1
1069,0
1069,1
1070,0
1070,1
1071,0
1071,1
1072,0
1072,1
1073,0
1073,1
1074,0
1074,1
1075,0
1075,1
1076,0
1076,1
1077,0
1077,1
1078,0
1078,1
1079,0
1079,1
1080,0
1080,1
1081,0
1081,1
1083,0
1083,1
1084,0
1084,1
1085,0
1085,1
1086,0
1086,1
1087,0
1087,1
1088,0
1088,1
1089,0
1089,1
1090,0
1090,1
1092,0
1092,1
1093,0
1093,1
1094,0
1094,1
1095,0
1095,1
1096,0
1096,1
1097,0
1097,1
1098,0
1098,1
1099,0
1099,1
1101,0
1101,1
1102,0
1102,1
1103,0
1103,1
1104,0
1104,1
1106,0
1106,1
1107,0
1107,1
1109,0
1109,1
1112,0
1112,1
1112,2
1112,3
1112,4
1112,5
1112,6
1112,7
1112,8
1112,9
1112,10
1112,11
1112,12
1112,13
1112,14
1112,15
1112,16
1112,17
1112,18
1112,19
1115,0
1115,1
1115,2
1115,3
1115,4
1115,5
1115,6
1115,7
1115,8
1115,9
1115,10
1115,11
1115,12
1115,13
1115,14
1115,15
1115,16
1115,17
1115,18
1115,19
1115,20
1115,21
1119,0
1119,1
1119,2
1119,3
1119,4
1119,5
1119,6
1119,7
1119,8
1119,9
1119,10
1119,11
1119,12
1119,13
1119,14
1119,15
1119,16
1119,17
1121,0
1121,1
1122,0
1122,1
1124,0
1124,1
1125,0
1125,1
1126,0
1126,1
1127,0
1127,1
1128,0
1128,1
1129,0
1129,1
1130,0
1130,1
1131,0
1131,1
1133,0
1133,1
1134,0
1134,1
1135,0
1135,1
1136,0
1136,1
1138,0
1138,1
1139,0
1139,1
1141,0
1141,1
1144,0
1144,1
1144,2
1144,3
1144,4
1144,5
1144,6
1144,7
1144,8
1144,9
1144,10
1144,11
1144,12
1144,13
1144,14
1144,15
1144,16
1144,17
1148,0
1148,1
1148,2
1148,3
1148,4
1148,5
1148,6
1148,7
1148,8
1148,9
1148,10
1148,11
1148,12
1148,13
1148,14
1148,15
1150,0
1150,1
1151,0
1151,1
1152,0
1152,1
1153,0
1153,1
1154,0
1154,1
1155,0
1155,1
1156,0
1156,1
1157,0
1157,1
1159,0
1159,1
1160,0
1160,1
1161,0
1161,1
1162,0
1162,1
1164,0
1164,1
1165,0
1165,1
1167,0
1167,1
1170,0
1170,1
1170,2
1170,3
1170,4
1170,5
1170,6
1170,7
1170,8
1170,9
1170,10
1170,11
1170,12
1170,13
1170,14
1170,15
1174,0
1174,1
1174,2
1174,3
1174,4
1174,5
1174,6
1174,7
1174,8
1174,9
1174,10
1174,11
1174,12
1174,13
1174,14
1174,15
1176,0
1176,1
1177,0
1177,1
1178,0
1178,1
1179,0
1179,1
1180,0
1180,1
1181,0
1181,1
1182,0
1182,1
1183,0
1183,1
1185,0
1185,1
1186,0
1186,1
1187,0
1187,1
1188,0
1188,1
1190,0
1190,1
1191,0
1191,1
1193,0
1193,1
1196,0
1196,1
1196,2
1196,3
1196,4
1196,5
1196,6
1196,7
1196,8
1196,9
1196,10
1196,11
1196,12
1196,13
1196,14
1196,15
1198,0
1198,1
1198,2
1198,3
1198,4
1198,5
1198,6
1198,7
1199,0
1199,1
1199,2
1199,3
1199,4
1199,5
1199,6
1199,7
1203,0
1203,1
1203,2
1203,3
1203,4
1203,5
1203,6
1203,7
1203,8
1203,9
1203,10
1203,11
1203,12
1203,13
1203,14
1203,15
1205,0
1205,1
1206,0
1206,1
1207,0
1207,1
1208,0
1208,1
1209,0
1209,1
1210,0
1210,1
1211,0
1211,1
1212,0
1212,1
1214,0
1214,1
1215,0
1215,1
1216,0
1216,1
1217,0
1217,1
1219,0
1219,1
1220,0
1220,1
1222,0
1222,1
1225,0
1225,1
1225,2
1225,3
1225,4
1225,5
1225,6
1225,7
1225,8
1225,9
1225,10
1225,11
1225,12
1225,13
1225,14
1225,15
1225,16
1225,17
1229,0
1229,1
1229,2
1229,3
1229,4
1229,5
1229,6
1229,7
1229,8
1229,9
1229,10
1229,11
1229,12
1229,13
1229,14
1229,15
1231,0
1231,1
1232,0
1232,1
1233,0
1233,1
1234,0
1234,1
1235,0
1235,1
1236,0
1236,1
1237,0
1237,1
1238,0
1238,1
1240,0
1240,1
1241,0
1241,1
1242,0
1242,1
1243,0
1243,1
1245,0
1245,1
1246,0
1246,1
1248,0
1248,1
1251,0
1251,1
1251,2
1251,3
1251,4
1251,5
1251,6
1251,7
1251,8
1251,9
1251,10
1251,11
1251,12
1251,13
1251,14
1251,15
1255,0
1255,1
1255,2
1255,3
1255,4
1255,5
1255,6
1255,7
1255,8
1255,9
1255,10
1255,11
1257,0
1257,1
1258,0
1258,1
1259,0
1259,1
1260,0
1260,1
1262,0
1262,1
1263,0
1263,1
1264,0
1264,1
1265,0
1265,1
1267,0
1267,1
1268,0
1268,1
1269,0
1269,1
1270,0
1270,1
1272,0
1272,1
1273,0
1273,1
1274,0
1274,1
1275,0
1275,1
1277,0
1277,1
1278,0
1278,1
1280,0
1280,1
1283,0
1283,1
1283,2
1283,3
1283,4
1283,5
1283,6
1283,7
1283,8
1283,9
1283,10
1283,11
1285,0
1285,1
1285,2
1285,3
1285,4
1285,5
1286,0
1286,1
1286,2
1286,3
1286,4
1286,5
1290,0
1290,1
1293,0
1293,1
1293,2
1293,3
1293,4
1293,5
1293,6
1293,7
1293,8
1293,9
1293,10
1293,11
1293,12
1293,13
1293,14
1293,15
1293,16
1293,17
1293,18
1293,19
1294,0
1294,1
1294,2
1294,3
1294,4
1294,5
1294,6
1294,7
1294,8
1294,9
1294,10
1294,11
1294,12
1294,13
1294,14
1294,15
1294,16
1294,17
1294,18
1294,19
1294,20
1294,21
1296,0
1296,1
1296,2
1296,3
1296,4
1296,5
1296,6
1296,7
1296,8
1296,9
1296,10
1296,11
1296,12
1296,13
1296,14
1296,15
1296,16
1296,17
1296,18
1296,19
1296,20
1296,21
1298,0
1298,1
1299,0
1299,1
1300,0
1300,1
1301,0
1301,1
1302,0
1302,1
1303,0
1303,1
1304,0
1304,1
1305,0
1305,1
1306,0
1306,1
1307,0
1307,1
1309,0
1309,1
1310,0
1310,1
1311,0
1311,1
1312,0
1312,1
1313,0
1313,1
1314,0
1314,1
1315,0
1315,1
1316,0
1316,1
1317,0
1317,1
1318,0
1318,1
1319,0
1319,1
1320,0
1320,1
1321,0
1321,1
1322,0
1322,1
1323,0
1323,1
1324,0
1324,1
1326,0
1326,1
1327,0
1327,1
1328,0
1328,1
1329,0
1329,1
1330,0
1330,1
1331,0
1331,1
1332,0
1332,1
1333,0
1333,1
1335,0
1335,1
1336,0
1336,1
1337,0
1337,1
1338,0
1338,1
1340,0
1340,1
1341,0
1341,1
1343,0
1343,1
1346,0
1346,1
1346,2
1346,3
1346,4
1346,5
1346,6
1346,7
1346,8
1346,9
1346,10
1346,11
1346,12
1346,13
1346,14
1346,15
1346,16
1346,17
1346,18
1346,19
1349,0
1349,1
1349,2
1349,3
1349,4
1349,5
1349,6
1349,7
1349,8
1349,9
1349,10
1349,11
1349,12
1349,13
1349,14
1349,15
1349,16
1349,17
1349,18
1349,19
1349,20
1349,21
1354,0
1354,1
1355,0
1355,1
1357,0
1357,1
1361,0
1361,1
1361,2
1361,3
1361,4
1361,5
1361,6
1361,7
1361,8
1361,9
1361,10
1361,11
1361,12
1361,13
1361,14
1361,15
1363,0
1363,1
1364,0
1364,1
1365,0
1365,1
1366,0
1366,1
1367,0
1367,1
1368,0
1368,1
1369,0
1369,1
1370,0
1370,1
1372,0
1372,1
1373,0
1373,1
1374,0
1374,1
1375,0
1375,1
1377,0
1377,1
1378,0
1378,1
1380,0
1380,1
1383,0
1383,1
1383,2
1383,3
1383,4
1383,5
1383,6
1383,7
1383,8
1383,9
1383,10
1383,11
1383,12
1383,13
1383,14
1383,15
1387,0
1387,1
1387,2
1387,3
1387,4
1387,5
1387,6
1387,7
1387,8
1387,9
1389,0
1389,1
1390,0
1390,1
1392,0
1392,1
1393,0
1393,1
1394,0
1394,1
1395,0
1395,1
1397,0
1397,1
1398,0
1398,1
1400,0
1400,1
1403,0
1403,1
1403,2
1403,3
1403,4
1403,5
1403,6
1403,7
1403,8
1403,9
1407,0
1407,1
1407,2
1407,3
1407,4
1407,5
1407,6
1407,7
1407,8
1407,9
1407,10
1407,11
1407,12
1407,13
1407,14
1407,15
1407,16
1407,17
1411,0
1411,1
1411,2
1411,3
1413,0
1413,1
1414,0
1414,1
1416,0
1416,1
1418,0
1418,1
1421,0
1421,1
1421,2
1421,3
1421,4
1421,5
1421,6
1421,7
1423,0
1423,1
1423,2
1423,3
1424,0
1424,1
1424,2
1424,3
1426,0
1426,1
1427,0
1427,1
1429,0
1429,1
1433,0
1433,1
1433,2
1433,3
1433,4
1433,5
1433,6
1433,7
1433,8
1433,9
1433,10
1433,11
1433,12
1433,13
1433,14
1433,15
1435,0
1435,1
1436,0
1436,1
1438,0
1438,1
1439,0
1439,1
1440,0
1440,1
1441,0
1441,1
1443,0
1443,1
1444,0
1444,1
1446,0
1446,1
1447,0
1447,1
1448,0
1448,1
1449,0
1449,1
1451,0
1451,1
1452,0
1452,1
1454,0
1454,1
1457,0
1457,1
1457,2
1457,3
1457,4
1457,5
1457,6
1457,7
1457,8
1457,9
1458,0
1458,1
1458,2
1458,3
1458,4
1458,5
1458,6
1458,7
1458,8
1458,9
1460,0
1460,1
1461,0
1461,1
1462,0
1462,1
1463,0
1463,1
1465,0
1465,1
1466,0
1466,1
1467,0
1467,1
1468,0
1468,1
1470,0
1470,1
1471,0
1471,1
1473,0
1473,1
1474,0
1474,1
1476,0
1476,1
1478,0
1478,1
1482,0
1482,1
1482,2
1482,3
1482,4
1482,5
1482,6
1482,7
1482,8
1482,9
1482,10
1482,11
1482,12
1482,13
1482,14
1482,15
1482,16
1482,17
1484,0
1484,1
1485,0
1485,1
1486,0
1486,1
1487,0
1487,1
1489,0
1489,1
1489,2
1489,3
1491,0
1491,1
1492,0
1492,1
1494,0
1494,1
1496,0
1496,1
1499,0
1499,1
1499,2
1499,3
1499,4
1499,5
1499,6
1499,7
1499,8
1499,9
1499,10
1499,11
1499,12
1499,13
1499,14
1499,15
1499,16
1499,17
1501,0
1501,1
1502,0
1502,1
1503,0
1503,1
1504,0
1504,1
1506,0
1506,1
1506,2
1506,3
1508,0
1508,1
1509,0
1509,1
1511,0
1511,1
1513,0
1513,1
1517,0
1517,1
1517,2
1517,3
1517,4
1517,5
1520,0
1520,1
1520,2
1520,3
1520,4
1520,5
1520,6
1520,7
1522,0
1522,1
1522,2
1522,3
1523,0
1523,1
1523,2
1523,3
1525,0
1525,1
1526,0
1526,1
1528,0
1528,1
1531,0
1531,1
1531,2
1531,3
1531,4
1531,5
1533,0
1533,1
1533,2
1534,0
1534,1
1534,2
1536,0
1536,1
1537,0
1537,1
1539,0
1539,1
1541,0
1541,1
1545,0
1545,1
1545,2
1545,3
1545,4
1545,5
1545,6
1545,7
1545,8
1545,9
1547,0
1547,1
1548,0
1548,1
1550,0
1550,1
1552,0
1552,1
1553,0
1553,1
1555,0
1555,1
1557,0
1557,1
1561,0
1561,1
1561,2
1561,3
1561,4
1561,5
1561,6
1561,7
1561,8
1561,9
1561,10
1561,11
1563,0
1563,1
1563,2
1563,3
1563,4
1563,5
1564,0
1564,1
1564,2
1564,3
1564,4
1564,5
1568,0
1568,1
1568,2
1568,3
1568,4
1568,5
1568,6
1568,7
1568,8
1568,9
1568,10
1568,11
1568,12
1568,13
1570,0
1570,1
1571,0
1571,1
1572,0
1572,1
1573,0
1573,1
1574,0
1574,1
1575,0
1575,1
1577,0
1577,1
1578,0
1578,1
1579,0
1579,1
1580,0
1580,1
1582,0
1582,1
1583,0
1583,1
1585,0
1585,1
1588,0
1588,1
1588,2
1588,3
1588,4
1588,5
1588,6
1588,7
1588,8
1588,9
1588,10
1588,11
1588,12
1588,13
1591,0
1591,1
1591,2
1591,3
1591,4
1591,5
1591,6
1591,7
1593,0
1593,1
1594,0
1594,1
1595,0
1595,1
1596,0
1596,1
1598,0
1598,1
1599,0
1599,1
1601,0
1601,1
1603,0
1603,1
1607,0
1607,1
1607,2
1607,3
1607,4
1607,5
1607,6
1607,7
1607,8
1607,9
1610,0
1610,1
1610,2
1610,3
1610,4
1610,5
1610,6
1610,7
1610,8
1610,9
1611,0
1611,1
1613,0
1613,1
1613,2
1614,0
1614,1
1614,2
1615,0
1615,1
1615,2
1616,0
1616,1
1616,2
1618,0
1618,1
1618,2
1618,3
1619,0
1619,1
1619,2
1619,3
1620,0
1620,1
1620,2
1620,3
1622,0
1622,1
1622,2
1624,0
1624,1
1626,0
1626,1
1627,0
1627,1
1628,0
1628,1
1629,0
1629,1
1631,0
1631,1
1632,0
1632,1
1634,0
1634,1
1636,0
1636,1
1639,0
1639,1
1639,2
1639,3
1639,4
1639,5
1639,6
1639,7
1639,8
1639,9
1639,10
1639,11
1639,12
1639,13
1639,14
1639,15
1641,0
1641,1
1641,2
1641,3
1642,0
1642,1
1642,2
1642,3
1643,0
1643,1
1643,2
1643,3
1644,0
1644,1
1644,2
1644,3
1646,0
1646,1
1646,2
1646,3
1646,4
1646,5
1646,6
1646,7
1648,0
1648,1
1649,0
1649,1
1650,0
1650,1
1651,0
1651,1
1653,0
1653,1
1653,2
1653,3
1655,0
1655,1
1656,0
1656,1
1658,0
1658,1
1660,0
1660,1
1663,0
1663,1
1663,2
1663,3
1663,4
1663,5
1663,6
1663,7
1663,8
1663,9
1663,10
1663,11
1663,12
1663,13
1663,14
1663,15
1665,0
1665,1
1666,0
1666,1
1667,0
1667,1
1668,0
1668,1
1669,0
1669,1
1670,0
1670,1
1671,0
1671,1
1672,0
1672,1
1674,0
1674,1
1675,0
1675,1
1676,0
1676,1
1677,0
1677,1
1679,0
1679,1
1680,0
1680,1
1682,0
1682,1
1685,0
1685,1
1689,0
1689,1
1689,2
1689,3
1689,4
1689,5
1689,6
1689,7
1689,8
1689,9
1689,10
1689,11
1689,12
1689,13
1689,14
1689,15
1689,16
1689,17
1689,18
1689,19
1689,20
1689,21
1689,22
1689,23
1689,24
1689,25
1689,26
1689,27
1689,28
1689,29
1692,0
1692,1
1692,2
1692,3
1692,4
1692,5
1692,6
1692,7
1692,8
1692,9
1692,10
1692,11
1693,0
1693,1
1693,2
1693,3
1693,4
1693,5
1693,6
1693,7
1693,8
1693,9
1694,0
1694,1
1694,2
1694,3
1694,4
1694,5
1694,6
1694,7
1696,0
1696,1
1697,0
1697,1
1698,0
1698,1
1699,0
1699,1
1700,0
1700,1
1701,0
1701,1
1703,0
1703,1
1704,0
1704,1
1705,0
1705,1
1706,0
1706,1
1707,0
1707,1
1708,0
1708,1
1709,0
1709,1
1710,0
1710,1
1712,0
1712,1
1713,0
1713,1
1714,0
1714,1
1715,0
1715,1
1716,0
1716,1
1717,0
1717,1
1718,0
1718,1
1719,0
1719,1
1721,0
1721,1
1722,0
1722,1
1723,0
1723,1
1724,0
1724,1
1726,0
1726,1
1727,0
1727,1
1729,0
1729,1
1733,0
1733,1
1733,2
1733,3
1733,4
1733,5
1733,6
1733,7
1733,8
1733,9
1733,10
1733,11
1733,12
1733,13
1733,14
1733,15
1733,16
1733,17
1736,0
1736,1
1736,2
1736,3
1736,4
1736,5
1736,6
1736,7
1736,8
1736,9
1736,10
1736,11
1736,12
1736,13
1736,14
1736,15
1736,16
1736,17
1740,0
1740,1
1740,2
1740,3
1740,4
1740,5
1740,6
1740,7
1740,8
1740,9
1740,10
1740,11
1740,12
1740,13
1740,14
1740,15
1740,16
1740,17
1742,0
1742,1
1742,2
1742,3
1743,0
1743,1
1743,2
1743,3
1745,0
1745,1
1747,0
1747,1
1750,0
1750,1
1750,2
1750,3
1750,4
1750,5
1750,6
1750,7
1750,8
1750,9
1750,10
1750,11
1750,12
1750,13
1750,14
1750,15
1750,16
1750,17
1752,0
1752,1
1752,2
1752,3
1753,0
1753,1
1753,2
1753,3
1755,0
1755,1
1757,0
1757,1
1761,0
1761,1
1761,2
1761,3
1761,4
1761,5
1761,6
1761,7
1761,8
1761,9
1761,10
1761,11
1761,12
1761,13
1761,14
1761,15
1761,16
1761,17
1761,18
1761,19
1764,0
1764,1
1764,2
1764,3
1764,4
1764,5
1764,6
1764,7
1764,8
1764,9
1764,10
1764,11
1764,12
1764,13
1764,14
1764,15
1764,16
1764,17
1764,18
1764,19
1766,0
1766,1
1767,0
1767,1
1768,0
1768,1
1769,0
1769,1
1771,0
1771,1
1772,0
1772,1
1773,0
1773,1
1774,0
1774,1
1775,0
1775,1
1776,0
1776,1
1777,0
1777,1
1778,0
1778,1
1780,0
1780,1
1781,0
1781,1
1782,0
1782,1
1783,0
1783,1
1785,0
1785,1
1786,0
1786,1
1788,0
1788,1
1792,0
1792,1
1792,2
1792,3
1792,4
1792,5
1792,6
1792,7
1794,0
1794,1
1794,2
1794,3
1795,0
1795,1
1795,2
1795,3
1797,0
1797,1
1798,0
1798,1
1800,0
1800,1
1802,0
1802,1
1808,0
1808,1
1808,2
1808,3
1808,4
1808,5
1808,6
1808,7
1808,8
1808,9
1808,10
1808,11
1808,12
1808,13
1808,14
1808,15
1808,16
1808,17
1808,18
1808,19
1808,20
1808,21
1808,22
1808,23
1808,24
1808,25
1808,26
1808,27
1808,28
1808,29
1808,30
1808,31
1808,32
1808,33
1808,34
1808,35
1808,36
1808,37
1808,38
1808,39
1808,40
1808,41
1808,42
1808,43
1808,44
1808,45
1808,46
1808,47
1808,48
1808,49
1808,50
1808,51
1808,52
1808,53
1808,54
1808,55
1808,56
1808,57
1808,58
1808,59
1811,0
1811,1
1811,2
1811,3
1811,4
1811,5
1811,6
1811,7
1811,8
1811,9
1811,10
1811,11
1811,12
1811,13
1811,14
1811,15
1811,16
1811,17
1811,18
1811,19
1811,20
1811,21
1811,22
1811,23
1811,24
1811,25
1811,26
1811,27
1811,28
1811,29
1811,30
1811,31
1811,32
1811,33
1811,34
1811,35
1811,36
1811,37
1811,38
1811,39
