3,0,5,1
3,0,5,2
3,0,5,3
3,0,5,4
3,0,6,1
3,0,6,2
3,0,6,3
3,0,6,4
5,1,8,1
6,2,8,2
6,1,9,1
5,2,9,2
8,2,11,1
9,2,11,2
8,1,13,1
9,1,13,2
19,1,22,1
19,2,22,2
19,3,22,3
19,4,22,4
19,5,22,5
19,6,22,6
19,7,23,1
19,8,23,2
19,9,23,3
19,10,24,1
19,11,24,2
19,12,24,3
19,13,24,4
19,14,24,5
19,15,24,6
19,16,24,7
18,3,24,8
18,4,24,9
20,1,25,1
20,2,25,2
20,3,26,1
20,4,26,2
20,5,26,3
16,1,27,1
16,2,27,2
16,3,27,3
16,4,27,4
17,1,28,1
17,2,28,2
17,3,29,1
18,1,30,1
18,2,30,2
22,0,32,1
23,0,32,2
24,0,32,3
26,0,32,4
22,0,33,1
24,0,33,2
30,0,33,3
26,0,33,4
22,0,34,1
24,0,34,2
28,0,34,3
26,0,34,4
25,0,35,1
23,0,35,2
24,0,35,3
29,0,35,4
22,0,36,1
24,0,36,2
24,0,36,3
27,0,36,4
22,0,37,1
24,0,37,2
30,0,37,3
27,0,37,4
22,0,38,1
24,0,38,2
28,0,38,3
27,0,38,4
25,0,39,1
23,0,39,2
24,0,39,3
27,0,39,4
32,1,41,1
32,2,41,2
32,3,41,3
32,4,41,4
33,1,42,1
33,2,42,2
33,3,42,3
33,4,42,4
34,1,43,1
34,2,43,2
34,3,43,3
34,4,43,4
35,1,44,1
35,2,44,2
35,3,44,3
35,4,44,4
36,1,45,1
36,2,45,2
36,3,45,3
36,4,45,4
37,1,46,1
37,2,46,2
37,3,46,3
37,4,46,4
38,1,47,1
38,2,47,2
38,3,47,3
38,4,47,4
39,1,48,1
39,2,48,2
39,3,48,3
39,4,48,4
41,1,50,1
42,2,50,2
43,1,51,1
44,2,51,2
45,1,52,1
46,2,52,2
47,1,53,1
48,2,53,2
42,1,54,1
41,2,54,2
44,1,55,1
43,2,55,2
46,1,56,1
45,2,56,2
48,1,57,1
47,2,57,2
50,1,59,1
51,1,59,2
52,1,60,1
53,1,60,2
54,1,61,1
55,1,61,2
56,1,62,1
57,1,62,2
59,1,64,1
60,1,64,2
61,1,65,1
62,1,65,2
64,2,67,1
65,2,67,2
64,1,69,1
65,1,69,2
72,0,75,1
73,0,75,2
72,0,76,1
73,0,76,2
75,2,78,1
76,2,78,2
75,1,80,1
76,1,80,2
87,0,91,1
88,0,91,2
88,0,91,3
88,0,91,4
89,0,91,5
89,0,91,6
87,0,92,1
87,0,92,2
87,0,92,3
87,0,92,4
87,0,92,5
88,0,93,1
88,0,93,2
88,0,93,3
88,0,93,4
88,0,93,5
88,0,93,6
88,0,93,7
88,0,93,8
89,0,93,9
89,0,93,10
89,0,93,11
89,0,93,12
89,0,93,13
89,0,93,14
89,0,93,15
93,0,95,1
93,0,95,2
93,0,95,3
93,0,95,4
93,0,95,5
93,0,95,6
93,0,95,7
93,0,95,8
93,0,95,9
93,0,95,10
93,0,95,11
91,1,97,1
91,2,97,2
91,3,97,3
91,4,97,4
91,5,97,5
91,6,97,6
100,0,105,1
101,0,105,2
102,0,105,3
103,0,105,4
100,0,106,1
101,0,106,2
102,0,106,3
103,0,106,4
100,0,107,1
101,0,107,2
102,0,107,3
103,0,107,4
100,0,108,1
101,0,108,2
102,0,108,3
103,0,108,4
105,1,110,1
106,2,110,2
107,1,111,1
108,2,111,2
106,1,112,1
105,2,112,2
108,1,113,1
107,2,113,2
110,1,115,1
111,1,115,2
112,1,116,1
113,1,116,2
115,1,118,1
116,1,118,2
121,0,125,1
122,0,125,2
122,0,125,3
122,0,125,4
123,0,125,5
123,0,125,6
121,0,126,1
121,0,126,2
121,0,126,3
121,0,126,4
121,0,126,5
122,0,127,1
122,0,127,2
122,0,127,3
122,0,127,4
122,0,127,5
122,0,127,6
122,0,127,7
122,0,127,8
123,0,127,9
123,0,127,10
123,0,127,11
123,0,127,12
123,0,127,13
123,0,127,14
123,0,127,15
127,0,129,1
127,0,129,2
127,0,129,3
127,0,129,4
127,0,129,5
127,0,129,6
127,0,129,7
127,0,129,8
127,0,129,9
125,1,131,1
125,2,131,2
125,3,131,3
125,4,131,4
125,5,131,5
125,6,131,6
139,16,141,1
139,17,141,2
139,18,141,3
139,19,141,4
139,20,141,5
139,21,141,6
139,22,141,7
139,23,141,8
139,24,141,9
139,25,141,10
141,1,143,1
141,10,143,2
141,2,144,1
141,9,144,2
141,3,145,1
141,8,145,2
141,4,146,1
141,7,146,2
141,5,147,1
141,6,147,2
139,1,149,1
139,2,149,2
139,3,149,3
139,4,149,4
139,5,149,5
139,6,149,6
139,7,149,7
139,8,149,8
139,9,149,9
139,10,149,10
139,11,149,11
139,12,149,12
139,13,149,13
139,14,149,14
139,15,149,15
143,1,149,16
144,1,149,17
145,1,149,18
146,1,149,19
147,1,149,20
149,1,151,1
149,2,151,2
149,3,151,3
149,4,151,4
149,5,151,5
149,6,151,6
149,7,151,7
149,8,151,8
149,9,151,9
149,10,151,10
149,11,152,1
149,12,152,2
149,13,152,3
149,14,152,4
149,15,152,5
149,16,152,6
149,17,152,7
149,18,152,8
149,19,152,9
149,20,152,10
152,0,154,1
151,0,154,2
152,0,155,1
151,0,155,2
152,0,156,1
151,0,156,2
152,0,157,1
151,0,157,2
152,0,158,1
151,0,158,2
152,0,159,1
151,0,159,2
152,0,160,1
151,0,160,2
152,0,161,1
151,0,161,2
152,0,162,1
151,0,162,2
152,0,163,1
151,0,163,2
137,1,165,1
138,1,166,1
138,2,166,2
138,3,166,3
138,4,166,4
138,5,166,5
138,6,166,6
138,7,166,7
138,8,166,8
138,9,166,9
138,10,166,10
138,11,166,11
138,12,166,12
138,13,166,13
138,14,166,14
138,15,166,15
138,16,166,16
138,17,166,17
138,18,166,18
138,19,166,19
138,20,166,20
138,21,166,21
154,1,166,22
155,1,166,23
156,1,166,24
157,1,166,25
158,1,166,26
159,1,166,27
160,1,166,28
161,1,166,29
162,1,166,30
163,1,166,31
165,1,168,1
166,1,168,2
166,2,168,3
166,3,168,4
166,4,168,5
166,5,168,6
166,6,168,7
166,7,168,8
166,8,169,1
166,9,169,2
166,10,169,3
166,11,169,4
166,12,169,5
166,13,169,6
166,14,169,7
166,15,169,8
166,16,170,1
166,17,170,2
166,18,170,3
166,19,170,4
166,20,170,5
166,21,170,6
166,22,170,7
166,23,170,8
166,24,171,1
166,25,171,2
166,26,171,3
166,27,171,4
166,28,171,5
166,29,171,6
166,30,171,7
166,31,171,8
168,0,173,1
169,0,173,2
170,0,173,3
171,0,173,4
168,0,174,1
169,0,174,2
170,0,174,3
171,0,174,4
168,0,175,1
169,0,175,2
170,0,175,3
171,0,175,4
168,0,176,1
169,0,176,2
170,0,176,3
171,0,176,4
168,0,177,1
169,0,177,2
170,0,177,3
171,0,177,4
168,0,178,1
169,0,178,2
170,0,178,3
171,0,178,4
168,0,179,1
169,0,179,2
170,0,179,3
171,0,179,4
168,0,180,1
169,0,180,2
170,0,180,3
171,0,180,4
173,1,182,1
174,1,182,2
175,1,182,3
176,1,182,4
177,1,182,5
178,1,182,6
179,1,182,7
180,1,182,8
173,2,183,1
174,2,183,2
175,2,183,3
176,2,183,4
177,2,183,5
178,2,183,6
179,2,183,7
180,2,183,8
183,0,185,1
182,0,185,2
183,0,186,1
182,0,186,2
183,0,187,1
182,0,187,2
183,0,188,1
182,0,188,2
183,0,189,1
182,0,189,2
183,0,190,1
182,0,190,2
183,0,191,1
182,0,191,2
183,0,192,1
182,0,192,2
185,1,194,1
186,1,194,2
187,1,194,3
188,1,194,4
189,1,194,5
190,1,194,6
191,1,194,7
192,1,194,8
194,1,196,1
194,2,196,2
194,3,197,1
194,4,197,2
194,5,198,1
194,6,198,2
194,7,199,1
194,8,199,2
196,1,201,1
197,1,201,2
198,1,201,3
199,1,201,4
201,1,203,1
201,2,203,2
201,3,204,1
201,4,204,2
203,1,206,1
204,1,206,2
211,1,213,1
211,2,213,2
211,3,213,3
211,4,213,4
211,5,213,5
211,6,213,6
211,7,213,7
211,8,213,8
211,9,213,9
211,10,213,10
211,11,213,11
211,12,213,12
211,13,213,13
211,14,213,14
211,15,213,15
211,16,213,16
211,17,213,17
211,18,213,18
211,19,213,19
211,20,213,20
211,21,213,21
211,22,213,22
211,23,213,23
211,24,213,24
211,25,213,25
211,26,213,26
211,27,213,27
211,28,213,28
211,29,213,29
211,30,213,30
211,31,213,31
211,32,213,32
211,33,213,33
211,34,213,34
211,35,213,35
211,36,213,36
211,37,213,37
211,38,213,38
211,39,213,39
211,40,213,40
211,41,213,41
211,42,213,42
211,43,213,43
211,44,213,44
213,1,215,1
213,2,215,2
213,3,215,3
213,4,215,4
213,5,215,5
213,6,215,6
213,7,215,7
213,8,215,8
213,9,215,9
213,10,215,10
213,11,215,11
213,12,215,12
213,13,215,13
213,14,215,14
213,15,215,15
213,16,215,16
213,17,215,17
213,18,215,18
213,19,215,19
213,20,215,20
213,21,215,21
213,22,215,22
213,23,216,1
213,24,216,2
213,25,216,3
213,26,216,4
213,27,216,5
213,28,216,6
213,29,216,7
213,30,216,8
213,31,216,9
213,32,216,10
213,33,216,11
213,34,216,12
213,35,216,13
213,36,216,14
213,37,216,15
213,38,216,16
213,39,216,17
213,40,216,18
213,41,216,19
213,42,216,20
213,43,216,21
213,44,216,22
215,0,218,1
216,0,218,2
215,0,219,1
216,0,219,2
215,0,220,1
216,0,220,2
215,0,221,1
216,0,221,2
215,0,222,1
216,0,222,2
215,0,223,1
216,0,223,2
215,0,224,1
216,0,224,2
215,0,225,1
216,0,225,2
215,0,226,1
216,0,226,2
215,0,227,1
216,0,227,2
215,0,228,1
216,0,228,2
215,0,229,1
216,0,229,2
215,0,230,1
216,0,230,2
215,0,231,1
216,0,231,2
215,0,232,1
216,0,232,2
215,0,233,1
216,0,233,2
215,0,234,1
216,0,234,2
215,0,235,1
216,0,235,2
215,0,236,1
216,0,236,2
215,0,237,1
216,0,237,2
215,0,238,1
216,0,238,2
215,0,239,1
216,0,239,2
209,1,241,1
210,1,242,1
210,2,242,2
210,3,242,3
210,4,242,4
210,5,242,5
210,6,242,6
210,7,242,7
210,8,242,8
210,9,242,9
210,10,242,10
210,11,242,11
210,12,242,12
210,13,242,13
210,14,242,14
210,15,242,15
218,1,242,16
219,1,242,17
220,1,242,18
221,1,242,19
222,1,242,20
223,1,242,21
224,1,242,22
225,1,242,23
226,1,242,24
227,1,242,25
228,1,242,26
229,1,242,27
230,1,242,28
231,1,242,29
232,1,242,30
233,1,242,31
234,1,242,32
235,1,242,33
236,1,242,34
237,1,242,35
238,1,242,36
239,1,242,37
154,2,242,38
155,2,242,39
156,2,242,40
157,2,242,41
158,2,242,42
159,2,242,43
160,2,242,44
161,2,242,45
162,2,242,46
163,2,242,47
241,1,244,1
242,1,244,2
242,2,244,3
242,3,244,4
242,4,244,5
242,5,244,6
242,6,244,7
242,7,244,8
242,8,244,9
242,9,244,10
242,10,244,11
242,11,244,12
242,12,245,1
242,13,245,2
242,14,245,3
242,15,245,4
242,16,245,5
242,17,245,6
242,18,245,7
242,19,245,8
242,20,245,9
242,21,245,10
242,22,245,11
242,23,245,12
242,24,246,1
242,25,246,2
242,26,246,3
242,27,246,4
242,28,246,5
242,29,246,6
242,30,246,7
242,31,246,8
242,32,246,9
242,33,246,10
242,34,246,11
242,35,246,12
242,36,247,1
242,37,247,2
242,38,247,3
242,39,247,4
242,40,247,5
242,41,247,6
242,42,247,7
242,43,247,8
242,44,247,9
242,45,247,10
242,46,247,11
242,47,247,12
244,0,249,1
245,0,249,2
246,0,249,3
247,0,249,4
244,0,250,1
245,0,250,2
246,0,250,3
247,0,250,4
244,0,251,1
245,0,251,2
246,0,251,3
247,0,251,4
244,0,252,1
245,0,252,2
246,0,252,3
247,0,252,4
244,0,253,1
245,0,253,2
246,0,253,3
247,0,253,4
244,0,254,1
245,0,254,2
246,0,254,3
247,0,254,4
244,0,255,1
245,0,255,2
246,0,255,3
247,0,255,4
244,0,256,1
245,0,256,2
246,0,256,3
247,0,256,4
244,0,257,1
245,0,257,2
246,0,257,3
247,0,257,4
244,0,258,1
245,0,258,2
246,0,258,3
247,0,258,4
244,0,259,1
245,0,259,2
246,0,259,3
247,0,259,4
244,0,260,1
245,0,260,2
246,0,260,3
247,0,260,4
173,3,262,1
174,3,262,2
175,3,262,3
176,3,262,4
177,3,262,5
178,3,262,6
179,3,262,7
180,3,262,8
249,1,264,1
250,1,264,2
251,1,264,3
252,1,264,4
253,1,264,5
254,1,264,6
255,1,264,7
256,1,264,8
257,1,264,9
258,1,264,10
259,1,264,11
260,1,264,12
262,1,264,13
262,2,264,14
262,3,264,15
262,4,264,16
249,2,265,1
250,2,265,2
251,2,265,3
252,2,265,4
253,2,265,5
254,2,265,6
255,2,265,7
256,2,265,8
257,2,265,9
258,2,265,10
259,2,265,11
260,2,265,12
262,5,265,13
262,6,265,14
262,7,265,15
262,8,265,16
265,0,267,1
264,0,267,2
265,0,268,1
264,0,268,2
265,0,269,1
264,0,269,2
265,0,270,1
264,0,270,2
265,0,271,1
264,0,271,2
265,0,272,1
264,0,272,2
265,0,273,1
264,0,273,2
265,0,274,1
264,0,274,2
265,0,275,1
264,0,275,2
265,0,276,1
264,0,276,2
265,0,277,1
264,0,277,2
265,0,278,1
264,0,278,2
265,0,279,1
264,0,279,2
265,0,280,1
264,0,280,2
265,0,281,1
264,0,281,2
265,0,282,1
264,0,282,2
267,1,284,1
268,1,284,2
269,1,284,3
270,1,284,4
271,1,284,5
272,1,284,6
273,1,284,7
274,1,284,8
275,1,284,9
276,1,284,10
277,1,284,11
278,1,284,12
279,1,284,13
280,1,284,14
281,1,284,15
282,1,284,16
284,1,286,1
284,2,286,2
284,3,287,1
284,4,287,2
284,5,288,1
284,6,288,2
284,7,289,1
284,8,289,2
284,9,290,1
284,10,290,2
284,11,291,1
284,12,291,2
284,13,292,1
284,14,292,2
284,15,293,1
284,16,293,2
286,1,295,1
287,1,295,2
288,1,295,3
289,1,295,4
290,1,295,5
291,1,295,6
292,1,295,7
293,1,295,8
295,1,297,1
295,2,297,2
295,3,298,1
295,4,298,2
295,5,299,1
295,6,299,2
295,7,300,1
295,8,300,2
297,1,302,1
298,1,302,2
299,1,302,3
300,1,302,4
302,1,304,1
302,2,304,2
302,3,305,1
302,4,305,2
304,1,307,1
305,1,307,2
311,7,313,1
311,9,313,2
311,8,314,1
311,10,314,2
311,1,316,1
313,1,316,2
311,2,317,1
314,1,317,2
311,3,318,1
311,6,318,2
311,4,319,1
311,5,319,2
316,1,321,1
319,1,321,2
317,1,322,1
318,1,322,2
321,1,324,1
322,1,324,2
331,1,333,1
331,16,333,2
331,2,334,1
331,15,334,2
331,3,335,1
331,14,335,2
331,4,336,1
331,13,336,2
331,5,337,1
331,12,337,2
331,6,338,1
331,11,338,2
331,7,339,1
331,10,339,2
331,8,340,1
331,9,340,2
333,1,342,1
340,1,342,2
334,1,343,1
339,1,343,2
335,1,344,1
338,1,344,2
336,1,345,1
337,1,345,2
342,1,347,1
345,1,347,2
343,1,348,1
344,1,348,2
347,1,350,1
348,1,350,2
353,1,355,1
353,2,355,2
353,3,355,3
353,4,355,4
353,5,355,5
353,6,355,6
359,5,361,1
359,12,361,2
359,6,362,1
359,11,362,2
359,7,363,1
359,10,363,2
359,8,364,1
359,9,364,2
359,1,366,1
364,1,366,2
359,2,367,1
363,1,367,2
359,3,368,1
362,1,368,2
359,4,369,1
361,1,369,2
366,1,371,1
369,1,371,2
367,1,372,1
368,1,372,2
371,1,374,1
372,1,374,2
384,1,386,1
384,2,386,2
384,3,386,3
384,4,386,4
384,5,386,5
384,6,386,6
384,7,386,7
384,8,386,8
384,9,386,9
384,10,386,10
384,11,386,11
384,12,386,12
384,13,386,13
384,14,386,14
384,15,386,15
384,16,386,16
384,17,386,17
384,18,386,18
384,19,386,19
384,20,386,20
384,21,386,21
384,22,386,22
384,23,386,23
384,24,386,24
386,1,388,1
386,2,388,2
386,3,389,1
386,4,389,2
386,5,390,1
386,6,390,2
386,7,391,1
386,8,391,2
386,9,392,1
386,10,392,2
386,11,393,1
386,12,393,2
386,13,394,1
386,14,394,2
386,15,395,1
386,16,395,2
388,2,397,1
388,1,397,2
389,2,398,1
389,1,398,2
390,2,399,1
390,1,399,2
391,2,400,1
391,1,400,2
392,2,401,1
392,1,401,2
393,2,402,1
393,1,402,2
394,2,403,1
394,1,403,2
395,2,404,1
395,1,404,2
386,17,406,25
386,18,406,26
386,19,406,27
386,20,406,28
386,21,406,29
386,22,406,30
386,23,406,31
386,24,406,32
397,1,406,33
398,1,406,34
399,1,406,35
400,1,406,36
401,1,406,37
402,1,406,38
403,1,406,39
404,1,406,40
406,1,408,1
406,2,408,2
406,3,409,1
406,4,409,2
406,5,410,1
406,6,410,2
406,7,411,1
406,8,411,2
406,9,412,1
406,10,412,2
406,11,413,1
406,12,413,2
406,13,414,1
406,14,414,2
406,15,415,1
406,16,415,2
406,17,416,1
406,18,416,2
406,19,417,1
406,20,417,2
406,21,418,1
406,22,418,2
406,23,419,1
406,24,419,2
406,25,420,1
406,26,420,2
406,27,421,1
406,28,421,2
406,29,422,1
406,30,422,2
406,31,423,1
406,32,423,2
406,33,424,1
406,34,424,2
406,35,425,1
406,36,425,2
406,37,426,1
406,38,426,2
406,39,427,1
406,40,427,2
408,2,429,1
408,1,429,2
409,2,430,1
409,1,430,2
410,2,431,1
410,1,431,2
411,2,432,1
411,1,432,2
412,2,433,1
412,1,433,2
413,2,434,1
413,1,434,2
414,2,435,1
414,1,435,2
415,2,436,1
415,1,436,2
416,2,437,1
416,1,437,2
417,2,438,1
417,1,438,2
418,2,439,1
418,1,439,2
419,2,440,1
419,1,440,2
420,2,441,1
420,1,441,2
421,2,442,1
421,1,442,2
422,2,443,1
422,1,443,2
423,2,444,1
423,1,444,2
424,2,445,1
424,1,445,2
425,2,446,1
425,1,446,2
426,2,447,1
426,1,447,2
427,2,448,1
427,1,448,2
429,1,450,45
430,1,450,46
431,1,450,47
432,1,450,48
433,1,450,49
434,1,450,50
435,1,450,51
436,1,450,52
437,1,450,53
438,1,450,54
439,1,450,55
440,1,450,56
441,1,450,57
442,1,450,58
443,1,450,59
444,1,450,60
445,1,450,61
446,1,450,62
447,1,450,63
448,1,450,64
450,1,452,1
450,2,452,2
450,3,453,1
450,4,453,2
450,5,454,1
450,6,454,2
450,7,455,1
450,8,455,2
450,9,456,1
450,10,456,2
450,11,457,1
450,12,457,2
450,13,458,1
450,14,458,2
450,15,459,1
450,16,459,2
450,17,460,1
450,18,460,2
450,19,461,1
450,20,461,2
450,21,462,1
450,22,462,2
450,23,463,1
450,24,463,2
450,25,464,1
450,26,464,2
450,27,465,1
450,28,465,2
450,29,466,1
450,30,466,2
450,31,467,1
450,32,467,2
450,33,468,1
450,34,468,2
450,35,469,1
450,36,469,2
450,37,470,1
450,38,470,2
450,39,471,1
450,40,471,2
450,41,472,1
450,42,472,2
450,43,473,1
450,44,473,2
450,45,474,1
450,46,474,2
450,47,475,1
450,48,475,2
450,49,476,1
450,50,476,2
450,51,477,1
450,52,477,2
450,53,478,1
450,54,478,2
450,55,479,1
450,56,479,2
450,57,480,1
450,58,480,2
450,59,481,1
450,60,481,2
450,61,482,1
450,62,482,2
450,63,483,1
450,64,483,2
452,2,485,1
452,1,485,2
453,2,486,1
453,1,486,2
454,2,487,1
454,1,487,2
455,2,488,1
455,1,488,2
456,2,489,1
456,1,489,2
457,2,490,1
457,1,490,2
458,2,491,1
458,1,491,2
459,2,492,1
459,1,492,2
460,2,493,1
460,1,493,2
461,2,494,1
461,1,494,2
462,2,495,1
462,1,495,2
463,2,496,1
463,1,496,2
464,2,497,1
464,1,497,2
465,2,498,1
465,1,498,2
466,2,499,1
466,1,499,2
467,2,500,1
467,1,500,2
468,2,501,1
468,1,501,2
469,2,502,1
469,1,502,2
470,2,503,1
470,1,503,2
471,2,504,1
471,1,504,2
472,2,505,1
472,1,505,2
473,2,506,1
473,1,506,2
474,2,507,1
474,1,507,2
475,2,508,1
475,1,508,2
476,2,509,1
476,1,509,2
477,2,510,1
477,1,510,2
478,2,511,1
478,1,511,2
479,2,512,1
479,1,512,2
480,2,513,1
480,1,513,2
481,2,514,1
481,1,514,2
482,2,515,1
482,1,515,2
483,2,516,1
483,1,516,2
485,1,518,1
486,1,518,2
487,1,518,3
488,1,518,4
489,1,518,5
490,1,518,6
491,1,518,7
492,1,518,8
493,1,518,9
494,1,518,10
495,1,518,11
496,1,518,12
497,1,518,13
498,1,518,14
499,1,518,15
500,1,518,16
501,1,518,17
502,1,518,18
503,1,518,19
504,1,518,20
505,1,518,21
506,1,518,22
507,1,518,23
508,1,518,24
509,1,518,25
510,1,518,26
511,1,518,27
512,1,518,28
513,1,518,29
514,1,518,30
515,1,518,31
516,1,518,32
518,1,520,1
518,2,520,2
518,3,521,1
518,4,521,2
518,5,522,1
518,6,522,2
518,7,523,1
518,8,523,2
518,9,524,1
518,10,524,2
518,11,525,1
518,12,525,2
518,13,526,1
518,14,526,2
518,15,527,1
518,16,527,2
518,17,528,1
518,18,528,2
518,19,529,1
518,20,529,2
518,21,530,1
518,22,530,2
518,23,531,1
518,24,531,2
518,25,532,1
518,26,532,2
518,27,533,1
518,28,533,2
518,29,534,1
518,30,534,2
518,31,535,1
518,32,535,2
520,2,537,1
520,1,537,2
521,2,538,1
521,1,538,2
522,2,539,1
522,1,539,2
523,2,540,1
523,1,540,2
524,2,541,1
524,1,541,2
525,2,542,1
525,1,542,2
526,2,543,1
526,1,543,2
527,2,544,1
527,1,544,2
528,2,545,1
528,1,545,2
529,2,546,1
529,1,546,2
530,2,547,1
530,1,547,2
531,2,548,1
531,1,548,2
532,2,549,1
532,1,549,2
533,2,550,1
533,1,550,2
534,2,551,1
534,1,551,2
535,2,552,1
535,1,552,2
537,1,554,1
538,1,554,2
539,1,554,3
540,1,554,4
541,1,554,5
542,1,554,6
543,1,554,7
544,1,554,8
545,1,554,9
546,1,554,10
547,1,554,11
548,1,554,12
549,1,554,13
550,1,554,14
551,1,554,15
552,1,554,16
554,1,556,1
554,2,556,2
554,3,557,1
554,4,557,2
554,5,558,1
554,6,558,2
554,7,559,1
554,8,559,2
554,9,560,1
554,10,560,2
554,11,561,1
554,12,561,2
554,13,562,1
554,14,562,2
554,15,563,1
554,16,563,2
556,2,565,1
556,1,565,2
557,2,566,1
557,1,566,2
558,2,567,1
558,1,567,2
559,2,568,1
559,1,568,2
560,2,569,1
560,1,569,2
561,2,570,1
561,1,570,2
562,2,571,1
562,1,571,2
563,2,572,1
563,1,572,2
565,1,574,1
566,1,574,2
567,1,574,3
568,1,574,4
569,1,574,5
570,1,574,6
571,1,574,7
572,1,574,8
574,1,576,1
574,2,576,2
574,3,577,1
574,4,577,2
574,5,578,1
574,6,578,2
574,7,579,1
574,8,579,2
576,2,581,1
576,1,581,2
577,2,582,1
577,1,582,2
578,2,583,1
578,1,583,2
579,2,584,1
579,1,584,2
581,1,586,1
582,1,586,2
583,1,586,3
584,1,586,4
586,1,588,1
586,2,588,2
586,3,589,1
586,4,589,2
588,1,591,1
589,1,591,2
594,1,597,1
594,2,597,2
594,3,597,3
594,4,597,4
594,5,597,5
594,6,597,6
594,7,597,7
594,8,597,8
594,9,597,9
594,10,597,10
594,11,597,11
594,12,597,12
594,13,597,13
594,14,597,14
594,15,597,15
594,16,597,16
594,17,597,17
594,18,597,18
594,19,597,19
594,20,597,20
594,21,597,21
594,22,597,22
594,23,597,23
594,24,597,24
594,25,597,25
594,26,597,26
594,27,597,27
594,28,597,28
594,29,597,29
594,30,597,30
594,31,597,31
594,32,597,32
594,33,597,33
594,34,597,34
594,35,597,35
594,36,597,36
594,37,597,37
594,38,597,38
594,39,597,39
594,40,597,40
594,41,597,41
594,42,597,42
594,43,597,43
594,44,597,44
594,45,597,45
594,46,597,46
594,47,597,47
594,48,597,48
594,49,597,49
594,50,597,50
594,51,597,51
594,52,597,52
594,53,597,53
594,54,597,54
594,55,597,55
594,56,597,56
594,57,597,57
594,58,597,58
594,59,597,59
594,60,597,60
594,61,597,61
594,62,597,62
594,63,597,63
594,64,597,64
594,65,597,65
594,66,597,66
594,67,597,67
594,68,597,68
594,69,597,69
594,70,597,70
594,71,597,71
594,72,597,72
597,1,599,1
597,2,599,2
597,3,600,1
597,4,600,2
597,5,601,1
597,6,601,2
597,7,602,1
597,8,602,2
597,9,603,1
597,10,603,2
597,11,604,1
597,12,604,2
597,13,605,1
597,14,605,2
597,15,606,1
597,16,606,2
597,17,607,1
597,18,607,2
597,19,608,1
597,20,608,2
597,21,609,1
597,22,609,2
597,23,610,1
597,24,610,2
597,25,611,1
597,26,611,2
597,27,612,1
597,28,612,2
597,29,613,1
597,30,613,2
597,31,614,1
597,32,614,2
597,33,615,1
597,34,615,2
597,35,616,1
597,36,616,2
597,37,617,1
597,38,617,2
597,39,618,1
597,40,618,2
597,41,619,1
597,42,619,2
597,43,620,1
597,44,620,2
597,45,621,1
597,46,621,2
597,47,622,1
597,48,622,2
597,49,623,1
597,50,623,2
597,51,624,1
597,52,624,2
597,53,625,1
597,54,625,2
597,55,626,1
597,56,626,2
597,57,627,1
597,58,627,2
597,59,628,1
597,60,628,2
597,61,629,1
597,62,629,2
597,63,630,1
597,64,630,2
597,65,631,1
597,66,631,2
597,67,632,1
597,68,632,2
597,69,633,1
597,70,633,2
597,71,634,1
597,72,634,2
595,9,636,1
595,10,636,2
595,11,636,3
595,12,636,4
595,13,636,5
595,14,636,6
595,15,636,7
595,16,636,8
595,17,636,9
595,18,636,10
595,19,636,11
595,20,636,12
599,1,636,13
600,1,636,14
601,1,636,15
602,1,636,16
603,1,636,17
604,1,636,18
605,1,636,19
606,1,636,20
607,1,636,21
608,1,636,22
609,1,636,23
610,1,636,24
611,1,636,25
612,1,636,26
613,1,636,27
614,1,636,28
615,1,636,29
616,1,636,30
617,1,636,31
618,1,636,32
619,1,636,33
620,1,636,34
621,1,636,35
622,1,636,36
623,1,636,37
624,1,636,38
625,1,636,39
626,1,636,40
627,1,636,41
628,1,636,42
629,1,636,43
630,1,636,44
631,1,636,45
632,1,636,46
633,1,636,47
634,1,636,48
636,1,638,1
636,2,638,2
636,3,639,1
636,4,639,2
636,5,640,1
636,6,640,2
636,7,641,1
636,8,641,2
636,9,642,1
636,10,642,2
636,11,643,1
636,12,643,2
636,13,644,1
636,14,644,2
636,15,645,1
636,16,645,2
636,17,646,1
636,18,646,2
636,19,647,1
636,20,647,2
636,21,648,1
636,22,648,2
636,23,649,1
636,24,649,2
636,25,650,1
636,26,650,2
636,27,651,1
636,28,651,2
636,29,652,1
636,30,652,2
636,31,653,1
636,32,653,2
636,33,654,1
636,34,654,2
636,35,655,1
636,36,655,2
636,37,656,1
636,38,656,2
636,39,657,1
636,40,657,2
636,41,658,1
636,42,658,2
636,43,659,1
636,44,659,2
636,45,660,1
636,46,660,2
636,47,661,1
636,48,661,2
595,1,663,1
595,2,663,2
595,3,663,3
595,4,663,4
595,5,663,5
595,6,663,6
595,7,663,7
595,8,663,8
638,1,663,9
639,1,663,10
640,1,663,11
641,1,663,12
642,1,663,13
643,1,663,14
644,1,663,15
645,1,663,16
646,1,663,17
647,1,663,18
648,1,663,19
649,1,663,20
650,1,663,21
651,1,663,22
652,1,663,23
653,1,663,24
654,1,663,25
655,1,663,26
656,1,663,27
657,1,663,28
658,1,663,29
659,1,663,30
660,1,663,31
661,1,663,32
663,1,665,1
663,2,665,2
663,3,666,1
663,4,666,2
663,5,667,1
663,6,667,2
663,7,668,1
663,8,668,2
663,9,669,1
663,10,669,2
663,11,670,1
663,12,670,2
663,13,671,1
663,14,671,2
663,15,672,1
663,16,672,2
663,17,673,1
663,18,673,2
663,19,674,1
663,20,674,2
663,21,675,1
663,22,675,2
663,23,676,1
663,24,676,2
663,25,677,1
663,26,677,2
663,27,678,1
663,28,678,2
663,29,679,1
663,30,679,2
663,31,680,1
663,32,680,2
665,1,682,1
666,1,682,2
667,1,682,3
668,1,682,4
669,1,682,5
670,1,682,6
671,1,682,7
672,1,682,8
673,1,682,9
674,1,682,10
675,1,682,11
676,1,682,12
677,1,682,13
678,1,682,14
679,1,682,15
680,1,682,16
682,1,684,1
682,2,684,2
682,3,685,1
682,4,685,2
682,5,686,1
682,6,686,2
682,7,687,1
682,8,687,2
682,9,688,1
682,10,688,2
682,11,689,1
682,12,689,2
682,13,690,1
682,14,690,2
682,15,691,1
682,16,691,2
684,1,693,1
685,1,693,2
686,1,693,3
687,1,693,4
688,1,693,5
689,1,693,6
690,1,693,7
691,1,693,8
693,1,695,1
693,2,695,2
693,3,696,1
693,4,696,2
693,5,697,1
693,6,697,2
693,7,698,1
693,8,698,2
695,1,700,1
696,1,700,2
697,1,700,3
698,1,700,4
700,1,702,1
700,2,702,2
700,3,703,1
700,4,703,2
702,1,705,1
703,1,705,2
711,6,722,1
711,3,722,2
711,5,723,1
711,4,723,2
723,1,725,1
722,1,725,2
714,6,730,1
714,3,730,2
714,5,731,1
714,4,731,2
731,1,733,1
730,1,733,2
717,7,738,1
717,4,738,2
717,6,739,1
717,5,739,2
739,1,741,1
738,1,741,2
749,1,751,1
749,2,751,2
749,3,751,3
749,4,751,4
749,5,751,5
749,6,751,6
749,7,751,7
749,8,751,8
749,9,751,9
749,10,751,10
749,11,751,11
749,12,751,12
749,13,751,13
749,14,751,14
749,15,751,15
749,16,751,16
749,17,751,17
749,18,751,18
749,19,751,19
749,20,751,20
751,1,753,1
751,2,753,2
751,3,754,1
751,4,754,2
751,5,755,1
751,6,755,2
751,7,756,1
751,8,756,2
751,9,757,1
751,10,757,2
751,11,758,1
751,12,758,2
751,13,759,1
751,14,759,2
751,15,760,1
751,16,760,2
748,1,762,1
748,2,762,2
748,3,762,3
748,4,762,4
748,5,762,5
748,6,762,6
748,7,762,7
748,8,762,8
748,9,762,9
748,10,762,10
748,11,762,11
748,12,762,12
748,13,762,13
748,14,762,14
748,15,762,15
748,16,762,16
748,17,762,17
748,18,762,18
748,19,762,19
748,20,762,20
751,17,762,21
751,18,762,22
751,19,762,23
751,20,762,24
753,1,762,25
754,1,762,26
755,1,762,27
756,1,762,28
757,1,762,29
758,1,762,30
759,1,762,31
760,1,762,32
762,1,764,1
762,2,764,2
762,3,765,1
762,4,765,2
762,5,766,1
762,6,766,2
762,7,767,1
762,8,767,2
762,9,768,1
762,10,768,2
762,11,769,1
762,12,769,2
762,13,770,1
762,14,770,2
762,15,771,1
762,16,771,2
762,17,772,1
762,18,772,2
762,19,773,1
762,20,773,2
762,21,774,1
762,22,774,2
762,23,775,1
762,24,775,2
762,25,776,1
762,26,776,2
762,27,777,1
762,28,777,2
762,29,778,1
762,30,778,2
762,31,779,1
762,32,779,2
764,1,781,1
765,1,781,2
766,1,781,3
767,1,781,4
768,1,781,5
769,1,781,6
770,1,781,7
771,1,781,8
772,1,781,9
773,1,781,10
774,1,781,11
775,1,781,12
776,1,781,13
777,1,781,14
778,1,781,15
779,1,781,16
781,1,783,1
781,2,783,2
781,3,784,1
781,4,784,2
781,5,785,1
781,6,785,2
781,7,786,1
781,8,786,2
781,9,787,1
781,10,787,2
781,11,788,1
781,12,788,2
781,13,789,1
781,14,789,2
781,15,790,1
781,16,790,2
783,1,792,1
784,1,792,2
785,1,792,3
786,1,792,4
787,1,792,5
788,1,792,6
789,1,792,7
790,1,792,8
792,1,794,1
792,2,794,2
792,3,795,1
792,4,795,2
792,5,796,1
792,6,796,2
792,7,797,1
792,8,797,2
794,1,799,1
795,1,799,2
796,1,799,3
797,1,799,4
799,1,801,1
799,2,801,2
799,3,802,1
799,4,802,2
801,1,804,1
802,1,804,2
808,1,810,1
808,2,810,2
808,3,810,3
808,4,810,4
808,5,810,5
808,6,810,6
808,7,810,7
808,8,810,8
808,9,810,9
808,10,810,10
808,11,810,11
808,12,810,12
808,13,810,13
808,14,810,14
808,15,810,15
808,16,810,16
808,17,810,17
808,18,810,18
808,19,810,19
808,20,810,20
810,1,812,1
810,2,812,2
810,3,813,1
810,4,813,2
810,5,814,1
810,6,814,2
810,7,815,1
810,8,815,2
810,9,816,1
810,10,816,2
810,11,817,1
810,12,817,2
810,13,818,1
810,14,818,2
810,15,819,1
810,16,819,2
807,1,821,1
807,2,821,2
807,3,821,3
807,4,821,4
807,5,821,5
807,6,821,6
807,7,821,7
807,8,821,8
807,9,821,9
807,10,821,10
807,11,821,11
807,12,821,12
807,13,821,13
807,14,821,14
807,15,821,15
807,16,821,16
807,17,821,17
807,18,821,18
807,19,821,19
807,20,821,20
810,17,821,21
810,18,821,22
810,19,821,23
810,20,821,24
812,1,821,25
813,1,821,26
814,1,821,27
815,1,821,28
816,1,821,29
817,1,821,30
818,1,821,31
819,1,821,32
821,1,823,1
821,2,823,2
821,3,824,1
821,4,824,2
821,5,825,1
821,6,825,2
821,7,826,1
821,8,826,2
821,9,827,1
821,10,827,2
821,11,828,1
821,12,828,2
821,13,829,1
821,14,829,2
821,15,830,1
821,16,830,2
821,17,831,1
821,18,831,2
821,19,832,1
821,20,832,2
821,21,833,1
821,22,833,2
821,23,834,1
821,24,834,2
821,25,835,1
821,26,835,2
821,27,836,1
821,28,836,2
821,29,837,1
821,30,837,2
821,31,838,1
821,32,838,2
823,1,840,1
824,1,840,2
825,1,840,3
826,1,840,4
827,1,840,5
828,1,840,6
829,1,840,7
830,1,840,8
831,1,840,9
832,1,840,10
833,1,840,11
834,1,840,12
835,1,840,13
836,1,840,14
837,1,840,15
838,1,840,16
840,1,842,1
840,2,842,2
840,3,843,1
840,4,843,2
840,5,844,1
840,6,844,2
840,7,845,1
840,8,845,2
840,9,846,1
840,10,846,2
840,11,847,1
840,12,847,2
840,13,848,1
840,14,848,2
840,15,849,1
840,16,849,2
842,1,851,1
843,1,851,2
844,1,851,3
845,1,851,4
846,1,851,5
847,1,851,6
848,1,851,7
849,1,851,8
851,1,853,1
851,2,853,2
851,3,854,1
851,4,854,2
851,5,855,1
851,6,855,2
851,7,856,1
851,8,856,2
853,1,858,1
854,1,858,2
855,1,858,3
856,1,858,4
858,1,860,1
858,2,860,2
858,3,861,1
858,4,861,2
860,1,863,1
861,1,863,2
874,1,876,1
874,2,876,2
874,3,876,3
874,4,876,4
874,5,876,5
874,6,876,6
874,7,876,7
874,8,876,8
874,9,876,9
874,10,876,10
874,11,876,11
874,12,876,12
874,13,876,13
874,14,876,14
874,15,876,15
874,16,876,16
874,17,876,17
874,18,876,18
876,1,878,1
876,2,878,2
876,3,879,1
876,4,879,2
876,5,880,1
876,6,880,2
876,7,881,1
876,8,881,2
873,1,883,1
873,2,883,2
873,3,883,3
873,4,883,4
873,5,883,5
873,6,883,6
873,7,883,7
873,8,883,8
873,9,883,9
873,10,883,10
873,11,883,11
873,12,883,12
873,13,883,13
873,14,883,14
873,15,883,15
873,16,883,16
873,17,883,17
873,18,883,18
876,9,883,19
876,10,883,20
876,11,883,21
876,12,883,22
876,13,883,23
876,14,883,24
876,15,883,25
876,16,883,26
876,17,883,27
876,18,883,28
878,1,883,29
879,1,883,30
880,1,883,31
881,1,883,32
883,1,885,1
883,2,885,2
883,3,886,1
883,4,886,2
883,5,887,1
883,6,887,2
883,7,888,1
883,8,888,2
883,9,889,1
883,10,889,2
883,11,890,1
883,12,890,2
883,13,891,1
883,14,891,2
883,15,892,1
883,16,892,2
883,17,893,1
883,18,893,2
883,19,894,1
883,20,894,2
883,21,895,1
883,22,895,2
883,23,896,1
883,24,896,2
883,25,897,1
883,26,897,2
883,27,898,1
883,28,898,2
883,29,899,1
883,30,899,2
883,31,900,1
883,32,900,2
885,1,902,1
886,1,902,2
887,1,902,3
888,1,902,4
889,1,902,5
890,1,902,6
891,1,902,7
892,1,902,8
893,1,902,9
894,1,902,10
895,1,902,11
896,1,902,12
897,1,902,13
898,1,902,14
899,1,902,15
900,1,902,16
902,1,904,1
902,2,904,2
902,3,905,1
902,4,905,2
902,5,906,1
902,6,906,2
902,7,907,1
902,8,907,2
902,9,908,1
902,10,908,2
902,11,909,1
902,12,909,2
902,13,910,1
902,14,910,2
902,15,911,1
902,16,911,2
904,1,913,1
905,1,913,2
906,1,913,3
907,1,913,4
908,1,913,5
909,1,913,6
910,1,913,7
911,1,913,8
913,1,915,1
913,2,915,2
913,3,916,1
913,4,916,2
913,5,917,1
913,6,917,2
913,7,918,1
913,8,918,2
915,1,920,1
916,1,920,2
917,1,920,3
918,1,920,4
920,1,922,1
920,2,922,2
920,3,923,1
920,4,923,2
922,1,925,1
923,1,925,2
928,16,936,1
931,3,936,2
943,6,945,1
943,11,945,2
943,7,946,1
943,10,946,2
943,8,947,1
943,9,947,2
943,5,948,1
943,12,948,2
945,2,950,1
945,1,950,2
946,2,951,1
946,1,951,2
947,2,952,1
947,1,952,2
948,2,953,1
948,1,953,2
943,1,955,1
950,1,955,2
943,2,956,1
951,1,956,2
943,3,957,1
952,1,957,2
943,4,958,1
953,1,958,2
955,2,960,1
955,1,960,2
956,2,961,1
956,1,961,2
957,2,962,1
957,1,962,2
958,2,963,1
958,1,963,2
960,1,965,1
963,1,965,2
961,1,966,1
962,1,966,2
965,1,968,1
966,1,968,2
979,1,981,1
979,2,981,2
979,3,981,3
979,4,981,4
979,5,981,5
979,6,981,6
979,7,981,7
979,8,981,8
979,9,981,9
979,10,981,10
979,11,981,11
979,12,981,12
979,13,981,13
979,14,981,14
979,15,981,15
979,16,981,16
979,17,981,17
979,18,981,18
979,19,981,19
979,20,981,20
979,21,981,21
979,22,981,22
981,19,983,1
981,20,983,2
981,21,984,1
981,22,984,2
978,9,986,1
981,1,986,2
981,16,987,1
984,1,987,2
978,13,988,1
981,5,988,2
978,20,989,1
981,12,989,2
978,12,990,1
981,4,990,2
981,13,991,1
981,18,991,2
978,16,992,1
981,8,992,2
978,17,993,1
981,9,993,2
978,10,994,1
981,2,994,2
981,15,995,1
983,1,995,2
978,14,996,1
981,6,996,2
978,19,997,1
981,11,997,2
978,11,998,1
981,3,998,2
981,14,999,1
981,17,999,2
978,15,1000,1
981,7,1000,2
978,18,1001,1
981,10,1001,2
986,1,1003,1
987,1,1003,2
988,1,1004,1
989,1,1004,2
990,1,1005,1
991,1,1005,2
992,1,1006,1
993,1,1006,2
994,1,1007,1
995,1,1007,2
996,1,1008,1
997,1,1008,2
998,1,1009,1
999,1,1009,2
1000,1,1010,1
1001,1,1010,2
978,1,1012,1
1010,1,1012,2
978,8,1013,1
1003,1,1013,2
978,4,1014,1
1007,1,1014,2
978,5,1015,1
1006,1,1015,2
978,2,1016,1
1009,1,1016,2
978,7,1017,1
1004,1,1017,2
978,3,1018,1
1008,1,1018,2
978,6,1019,1
1005,1,1019,2
1012,1,1021,1
1013,1,1021,2
1014,1,1022,1
1015,1,1022,2
1016,1,1023,1
1017,1,1023,2
1018,1,1024,1
1019,1,1024,2
1021,1,1026,1
1022,1,1026,2
1023,1,1027,1
1024,1,1027,2
1026,1,1029,1
1027,1,1029,2
1039,15,1041,1
1039,18,1041,2
1039,16,1042,1
1039,17,1042,2
1039,1,1044,1
1041,1,1044,2
1039,2,1045,1
1042,1,1045,2
1039,3,1046,1
1039,14,1046,2
1039,4,1047,1
1039,13,1047,2
1039,5,1048,1
1039,12,1048,2
1039,6,1049,1
1039,11,1049,2
1039,7,1050,1
1039,10,1050,2
1039,8,1051,1
1039,9,1051,2
1044,1,1053,1
1051,1,1053,2
1045,1,1054,1
1050,1,1054,2
1046,1,1055,1
1049,1,1055,2
1047,1,1056,1
1048,1,1056,2
1053,1,1058,1
1056,1,1058,2
1054,1,1059,1
1055,1,1059,2
1058,1,1061,1
1059,1,1061,2
1068,1,1070,1
1068,16,1070,2
1068,2,1071,1
1068,15,1071,2
1068,3,1072,1
1068,14,1072,2
1068,4,1073,1
1068,13,1073,2
1068,5,1074,1
1068,12,1074,2
1068,6,1075,1
1068,11,1075,2
1068,7,1076,1
1068,10,1076,2
1068,8,1077,1
1068,9,1077,2
1070,1,1079,1
1077,1,1079,2
1071,1,1080,1
1076,1,1080,2
1072,1,1081,1
1075,1,1081,2
1073,1,1082,1
1074,1,1082,2
1079,1,1084,1
1082,1,1084,2
1080,1,1085,1
1081,1,1085,2
1084,1,1087,1
1085,1,1087,2
1094,1,1096,1
1094,16,1096,2
1094,2,1097,1
1094,15,1097,2
1094,3,1098,1
1094,14,1098,2
1094,4,1099,1
1094,13,1099,2
1094,5,1100,1
1094,12,1100,2
1094,6,1101,1
1094,11,1101,2
1094,7,1102,1
1094,10,1102,2
1094,8,1103,1
1094,9,1103,2
1096,1,1105,1
1103,1,1105,2
1097,1,1106,1
1102,1,1106,2
1098,1,1107,1
1101,1,1107,2
1099,1,1108,1
1100,1,1108,2
1105,1,1110,1
1108,1,1110,2
1106,1,1111,1
1107,1,1111,2
1110,1,1113,1
1111,1,1113,2
1116,1,1118,1
1116,2,1118,2
1116,3,1118,3
1116,4,1118,4
1116,5,1118,5
1116,6,1118,6
1116,7,1118,7
1116,8,1118,8
1116,9,1119,1
1116,10,1119,2
1116,11,1119,3
1116,12,1119,4
1116,13,1119,5
1116,14,1119,6
1116,15,1119,7
1116,16,1119,8
1123,1,1125,1
1123,16,1125,2
1123,2,1126,1
1123,15,1126,2
1123,3,1127,1
1123,14,1127,2
1123,4,1128,1
1123,13,1128,2
1123,5,1129,1
1123,12,1129,2
1123,6,1130,1
1123,11,1130,2
1123,7,1131,1
1123,10,1131,2
1123,8,1132,1
1123,9,1132,2
1125,1,1134,1
1132,1,1134,2
1126,1,1135,1
1131,1,1135,2
1127,1,1136,1
1130,1,1136,2
1128,1,1137,1
1129,1,1137,2
1134,1,1139,1
1137,1,1139,2
1135,1,1140,1
1136,1,1140,2
1139,1,1142,1
1140,1,1142,2
1149,1,1151,1
1149,16,1151,2
1149,2,1152,1
1149,15,1152,2
1149,3,1153,1
1149,14,1153,2
1149,4,1154,1
1149,13,1154,2
1149,5,1155,1
1149,12,1155,2
1149,6,1156,1
1149,11,1156,2
1149,7,1157,1
1149,10,1157,2
1149,8,1158,1
1149,9,1158,2
1151,1,1160,1
1158,1,1160,2
1152,1,1161,1
1157,1,1161,2
1153,1,1162,1
1156,1,1162,2
1154,1,1163,1
1155,1,1163,2
1160,1,1165,1
1163,1,1165,2
1161,1,1166,1
1162,1,1166,2
1165,1,1168,1
1166,1,1168,2
1175,5,1177,1
1175,12,1177,2
1175,6,1178,1
1175,11,1178,2
1175,7,1179,1
1175,10,1179,2
1175,8,1180,1
1175,9,1180,2
1177,2,1182,1
1177,1,1182,2
1178,2,1183,1
1178,1,1183,2
1179,2,1184,1
1179,1,1184,2
1180,2,1185,1
1180,1,1185,2
1175,1,1187,1
1182,1,1187,2
1175,2,1188,1
1183,1,1188,2
1175,3,1189,1
1184,1,1189,2
1175,4,1190,1
1185,1,1190,2
1187,2,1192,1
1187,1,1192,2
1188,2,1193,1
1188,1,1193,2
1189,2,1194,1
1189,1,1194,2
1190,2,1195,1
1190,1,1195,2
1192,1,1197,1
1195,1,1197,2
1193,1,1198,1
1194,1,1198,2
1197,1,1200,1
1198,1,1200,2
1203,1,1205,1
1203,2,1205,2
1203,3,1205,3
1203,4,1205,4
1203,5,1205,5
1203,6,1205,6
1203,7,1206,1
1203,8,1206,2
1203,9,1206,3
1203,10,1206,4
1203,11,1206,5
1203,12,1206,6
1214,1,1216,1
1214,2,1216,2
1214,3,1216,3
1214,4,1216,4
1214,5,1216,5
1214,6,1216,6
1214,7,1216,7
1214,8,1216,8
1214,9,1216,9
1214,10,1216,10
1214,11,1216,11
1214,12,1216,12
1214,13,1216,13
1214,14,1216,14
1214,15,1216,15
1214,16,1216,16
1214,17,1216,17
1214,18,1216,18
1214,19,1216,19
1214,20,1216,20
1214,21,1216,21
1214,22,1216,22
1216,3,1218,1
1216,4,1218,2
1216,5,1219,1
1216,6,1219,2
1216,7,1220,1
1216,8,1220,2
1216,9,1221,1
1216,10,1221,2
1216,11,1222,1
1216,12,1222,2
1216,13,1223,1
1216,14,1223,2
1216,15,1224,1
1216,16,1224,2
1216,17,1225,1
1216,18,1225,2
1216,19,1226,1
1216,20,1226,2
1216,21,1227,1
1216,22,1227,2
1213,1,1229,1
1216,1,1229,2
1213,8,1230,1
1222,1,1230,2
1213,9,1231,1
1221,1,1231,2
1213,16,1232,1
1213,17,1232,2
1213,4,1233,1
1226,1,1233,2
1213,5,1234,1
1225,1,1234,2
1213,12,1235,1
1218,1,1235,2
1213,13,1236,1
1213,20,1236,2
1213,2,1237,1
1216,2,1237,2
1213,7,1238,1
1223,1,1238,2
1213,10,1239,1
1220,1,1239,2
1213,15,1240,1
1213,18,1240,2
1213,3,1241,1
1227,1,1241,2
1213,6,1242,1
1224,1,1242,2
1213,11,1243,1
1219,1,1243,2
1213,14,1244,1
1213,19,1244,2
1229,1,1246,1
1230,1,1246,2
1231,1,1247,1
1232,1,1247,2
1233,1,1248,1
1234,1,1248,2
1235,1,1249,1
1236,1,1249,2
1237,1,1250,1
1238,1,1250,2
1239,1,1251,1
1240,1,1251,2
1241,1,1252,1
1242,1,1252,2
1243,1,1253,1
1244,1,1253,2
1246,1,1255,1
1247,1,1255,2
1248,1,1256,1
1249,1,1256,2
1250,1,1257,1
1251,1,1257,2
1252,1,1258,1
1253,1,1258,2
1255,1,1260,1
1256,1,1260,2
1257,1,1261,1
1258,1,1261,2
1260,1,1263,1
1261,1,1263,2
1269,6,1274,1
1269,3,1274,2
1269,5,1275,1
1269,4,1275,2
1275,1,1277,1
1274,1,1277,2
1281,1,1283,1
1281,16,1283,2
1281,2,1284,1
1281,15,1284,2
1281,3,1285,1
1281,14,1285,2
1281,4,1286,1
1281,13,1286,2
1281,5,1287,1
1281,12,1287,2
1281,6,1288,1
1281,11,1288,2
1281,7,1289,1
1281,10,1289,2
1281,8,1290,1
1281,9,1290,2
1283,1,1292,1
1290,1,1292,2
1284,1,1293,1
1289,1,1293,2
1285,1,1294,1
1288,1,1294,2
1286,1,1295,1
1287,1,1295,2
1292,1,1297,1
1295,1,1297,2
1293,1,1298,1
1294,1,1298,2
1297,1,1300,1
1298,1,1300,2
1307,7,1309,1
1307,10,1309,2
1307,8,1310,1
1307,9,1310,2
1307,1,1312,1
1309,1,1312,2
1307,2,1313,1
1310,1,1313,2
1307,3,1314,1
1307,6,1314,2
1307,4,1315,1
1307,5,1315,2
1312,1,1317,1
1315,1,1317,2
1313,1,1318,1
1314,1,1318,2
1317,1,1320,1
1318,1,1320,2
1330,15,1332,1
1330,18,1332,2
1330,16,1333,1
1330,17,1333,2
1330,1,1335,1
1332,1,1335,2
1330,2,1336,1
1333,1,1336,2
1330,3,1337,1
1330,14,1337,2
1330,4,1338,1
1330,13,1338,2
1330,5,1339,1
1330,12,1339,2
1330,6,1340,1
1330,11,1340,2
1330,7,1341,1
1330,10,1341,2
1330,8,1342,1
1330,9,1342,2
1335,1,1344,1
1342,1,1344,2
1336,1,1345,1
1341,1,1345,2
1337,1,1346,1
1340,1,1346,2
1338,1,1347,1
1339,1,1347,2
1344,1,1349,1
1347,1,1349,2
1345,1,1350,1
1346,1,1350,2
1349,1,1352,1
1350,1,1352,2
1356,0,1358,1
1356,0,1358,2
1356,0,1359,1
1356,0,1359,2
1358,2,1361,1
1359,2,1361,2
1358,1,1363,1
1359,1,1363,2
1366,0,1368,1
1366,0,1368,2
1366,0,1368,3
1366,0,1368,4
1366,0,1369,1
1366,0,1369,2
1366,0,1369,3
1366,0,1369,4
1368,1,1371,1
1369,2,1371,2
1369,1,1372,1
1368,2,1372,2
1371,1,1374,1
1372,2,1374,2
1378,13,1380,1
1378,16,1380,2
1378,14,1381,1
1378,15,1381,2
1378,7,1383,1
1380,1,1383,2
1378,9,1384,1
1378,12,1384,2
1378,8,1385,1
1381,1,1385,2
1378,10,1386,1
1378,11,1386,2
1383,1,1388,1
1384,1,1388,2
1385,1,1389,1
1386,1,1389,2
1378,1,1391,1
1388,1,1391,2
1378,3,1392,1
1378,6,1392,2
1378,2,1393,1
1389,1,1393,2
1378,5,1394,1
1378,4,1394,2
1391,1,1396,1
1392,1,1396,2
1393,1,1397,1
1394,1,1397,2
1396,1,1399,1
1397,1,1399,2
1402,3,1405,1
1402,6,1405,2
1402,4,1406,1
1402,5,1406,2
1403,3,1407,1
1403,6,1407,2
1403,4,1408,1
1403,5,1408,2
1405,1,1410,1
1402,2,1410,2
1406,1,1411,1
1402,1,1411,2
1407,1,1412,1
1403,2,1412,2
1408,1,1413,1
1403,1,1413,2
1410,1,1415,1
1411,1,1415,2
1412,1,1416,1
1413,1,1416,2
1415,2,1418,1
1415,1,1418,2
1416,2,1419,1
1416,1,1419,2
1418,1,1421,1
1419,1,1421,2
1421,1,1423,1
1421,2,1423,2
1427,8,1429,1
1427,1,1429,2
1427,7,1430,1
1427,2,1430,2
1427,6,1431,1
1427,3,1431,2
1427,5,1432,1
1427,4,1432,2
1429,1,1434,1
1430,1,1434,2
1431,1,1434,3
1432,1,1434,4
1434,4,1436,1
1434,1,1436,2
1434,3,1437,1
1434,2,1437,2
1436,1,1439,1
1437,1,1439,2
1439,2,1441,1
1439,1,1441,2
1444,8,1446,1
1444,1,1446,2
1444,7,1447,1
1444,2,1447,2
1444,6,1448,1
1444,3,1448,2
1444,5,1449,1
1444,4,1449,2
1446,1,1451,1
1447,1,1451,2
1448,1,1451,3
1449,1,1451,4
1451,4,1453,1
1451,1,1453,2
1451,3,1454,1
1451,2,1454,2
1453,1,1456,1
1454,1,1456,2
1456,2,1458,1
1456,1,1458,2
1465,0,1467,1
1465,0,1467,2
1465,0,1467,3
1465,0,1467,4
1465,0,1468,1
1465,0,1468,2
1465,0,1468,3
1465,0,1468,4
1467,1,1470,1
1468,2,1470,2
1468,1,1471,1
1467,2,1471,2
1470,1,1473,1
1471,2,1473,2
1476,0,1478,1
1476,0,1478,2
1476,0,1478,3
1476,0,1479,1
1476,0,1479,2
1476,0,1479,3
1478,1,1481,1
1479,2,1481,2
1479,1,1482,1
1478,2,1482,2
1481,2,1484,1
1482,2,1484,2
1481,1,1486,1
1482,1,1486,2
1490,3,1492,1
1490,6,1492,2
1490,4,1493,1
1490,5,1493,2
1492,1,1495,1
1493,1,1495,2
1490,1,1497,1
1495,2,1497,2
1490,2,1498,1
1495,1,1498,2
1497,1,1500,1
1498,1,1500,2
1500,1,1502,1
1500,2,1502,2
1506,1,1508,1
1506,2,1508,2
1506,3,1508,3
1506,4,1508,4
1506,5,1508,5
1506,6,1508,6
1506,7,1509,1
1506,8,1509,2
1506,9,1509,3
1506,10,1509,4
1506,11,1509,5
1506,12,1509,6
1513,3,1515,1
1513,14,1515,2
1513,4,1516,1
1513,13,1516,2
1513,5,1517,1
1513,12,1517,2
1513,6,1518,1
1513,11,1518,2
1513,7,1519,1
1513,10,1519,2
1513,8,1520,1
1513,9,1520,2
1513,1,1522,1
1518,1,1522,2
1515,1,1523,1
1520,1,1523,2
1516,1,1524,1
1519,1,1524,2
1513,2,1525,1
1517,1,1525,2
1522,1,1527,1
1525,1,1527,2
1523,1,1528,1
1524,1,1528,2
1527,1,1530,1
1528,1,1530,2
1530,1,1536,1
1530,2,1536,2
1536,1,1538,1
1536,8,1538,2
1536,2,1539,1
1536,7,1539,2
1536,3,1540,1
1536,6,1540,2
1536,4,1541,1
1536,5,1541,2
1538,1,1543,1
1541,1,1543,2
1539,1,1544,1
1540,1,1544,2
1543,2,1546,1
1544,2,1546,2
1543,1,1548,1
1544,1,1548,2
1555,1,1558,1
1555,2,1558,2
1555,3,1558,3
1555,4,1559,1
1555,5,1559,2
1555,6,1559,3
1555,7,1560,1
1555,8,1560,2
1555,9,1560,3
1555,10,1561,1
1556,1,1561,2
1556,2,1561,3
1558,0,1563,1
1559,0,1563,2
1560,0,1563,3
1561,0,1563,4
1558,0,1564,1
1559,0,1564,2
1560,0,1564,3
1561,0,1564,4
1558,0,1565,1
1559,0,1565,2
1560,0,1565,3
1561,0,1565,4
1563,3,1567,1
1564,3,1567,2
1565,3,1567,3
1567,1,1569,1
1567,2,1569,2
1563,1,1571,1
1569,0,1571,2
1563,2,1572,1
1565,2,1572,2
1564,1,1573,1
1569,0,1573,2
1565,1,1574,1
1564,2,1574,2
1571,1,1576,1
1572,1,1576,2
1573,1,1577,1
1574,1,1577,2
1576,2,1579,1
1577,2,1579,2
1576,1,1581,1
1577,1,1581,2
1584,1,1586,1
1584,5,1586,2
1584,9,1586,3
1584,13,1586,4
1584,2,1587,1
1584,6,1587,2
1584,10,1587,3
1584,14,1587,4
1584,3,1588,1
1584,7,1588,2
1584,11,1588,3
1584,15,1588,4
1584,4,1589,1
1584,8,1589,2
1584,12,1589,3
1584,16,1589,4
1586,1,1591,1
1586,2,1591,2
1587,1,1591,3
1587,2,1591,4
1588,1,1591,5
1588,2,1591,6
1589,1,1591,7
1589,2,1591,8
1591,8,1593,1
1591,1,1593,2
1591,7,1594,1
1591,2,1594,2
1591,6,1595,1
1591,3,1595,2
1591,5,1596,1
1591,4,1596,2
1593,1,1598,1
1594,1,1598,2
1595,1,1598,3
1596,1,1598,4
1598,4,1600,1
1598,1,1600,2
1598,3,1601,1
1598,2,1601,2
1600,1,1603,1
1601,1,1603,2
1603,2,1605,1
1603,1,1605,2
1608,1,1610,1
1608,16,1610,2
1608,2,1611,1
1608,15,1611,2
1608,3,1612,1
1608,14,1612,2
1608,4,1613,1
1608,13,1613,2
1608,5,1614,1
1608,12,1614,2
1608,6,1615,1
1608,11,1615,2
1608,7,1616,1
1608,10,1616,2
1608,8,1617,1
1608,9,1617,2
1610,1,1619,1
1617,1,1619,2
1611,1,1620,1
1616,1,1620,2
1612,1,1621,1
1615,1,1621,2
1613,1,1622,1
1614,1,1622,2
1619,1,1624,1
1622,1,1624,2
1620,1,1625,1
1621,1,1625,2
1624,1,1627,1
1625,1,1627,2
1637,0,1641,1
1637,0,1641,2
1637,0,1642,1
1637,0,1642,2
1637,0,1643,1
1637,0,1643,2
1637,0,1644,1
1637,0,1644,2
1637,0,1645,1
1637,0,1645,2
1637,0,1646,1
1637,0,1646,2
1638,0,1648,1
1641,1,1648,2
1638,0,1649,1
1642,1,1649,2
1638,0,1650,1
1643,1,1650,2
1638,0,1651,1
1644,1,1651,2
1638,0,1652,1
1645,1,1652,2
1638,0,1653,1
1646,1,1653,2
1638,0,1654,1
1638,0,1654,2
1638,0,1655,1
1638,0,1655,2
1639,0,1657,1
1648,1,1657,2
1639,0,1658,1
1649,1,1658,2
1639,0,1659,1
1650,1,1659,2
1639,0,1660,1
1651,1,1660,2
1639,0,1661,1
1652,1,1661,2
1639,0,1662,1
1653,1,1662,2
1639,0,1663,1
1654,1,1663,2
1639,0,1664,1
1655,1,1664,2
1657,1,1666,1
1658,1,1666,2
1659,1,1667,1
1660,1,1667,2
1661,1,1668,1
1662,1,1668,2
1663,1,1669,1
1664,1,1669,2
1666,1,1671,1
1667,1,1671,2
1668,1,1672,1
1669,1,1672,2
1671,1,1674,1
1672,1,1674,2
1685,1,1687,1
1685,3,1687,2
1685,5,1687,3
1685,7,1687,4
1685,2,1688,1
1685,4,1688,2
1685,6,1688,3
1685,8,1688,4
1687,1,1690,1
1688,1,1690,2
1690,2,1692,1
1690,1,1692,2
1695,1,1697,1
1695,3,1697,2
1695,5,1697,3
1695,7,1697,4
1695,2,1698,1
1695,4,1698,2
1695,6,1698,3
1695,8,1698,4
1697,1,1700,1
1698,1,1700,2
1700,2,1702,1
1700,1,1702,2
1709,13,1711,1
1709,20,1711,2
1709,14,1712,1
1709,19,1712,2
1709,15,1713,1
1709,18,1713,2
1709,16,1714,1
1709,17,1714,2
1709,1,1716,1
1711,1,1716,2
1709,2,1717,1
1712,1,1717,2
1709,3,1718,1
1713,1,1718,2
1709,4,1719,1
1714,1,1719,2
1709,5,1720,1
1709,12,1720,2
1709,6,1721,1
1709,11,1721,2
1709,7,1722,1
1709,10,1722,2
1709,8,1723,1
1709,9,1723,2
1716,1,1725,1
1723,1,1725,2
1717,1,1726,1
1722,1,1726,2
1718,1,1727,1
1721,1,1727,2
1719,1,1728,1
1720,1,1728,2
1725,1,1730,1
1728,1,1730,2
1726,1,1731,1
1727,1,1731,2
1730,1,1733,1
1731,1,1733,2
1737,0,1739,1
1737,0,1739,2
1737,0,1739,3
1737,0,1739,4
1737,0,1740,1
1737,0,1740,2
1737,0,1740,3
1737,0,1740,4
1739,1,1742,1
1740,2,1742,2
1740,1,1743,1
1739,2,1743,2
1742,2,1745,1
1743,2,1745,2
1742,1,1747,1
1743,1,1747,2
