3,0,5,1
3,0,5,2
3,0,5,3
3,0,5,4
3,0,6,1
3,0,6,2
3,0,6,3
3,0,6,4
5,1,8,1
6,2,8,2
6,1,9,1
5,2,9,2
8,2,11,1
9,2,11,2
8,1,13,1
9,1,13,2
19,1,22,1
19,2,22,2
19,3,22,3
19,4,22,4
19,5,22,5
19,6,22,6
19,7,23,1
19,8,23,2
19,9,23,3
19,10,24,1
19,11,24,2
19,12,24,3
19,13,24,4
19,14,24,5
19,15,24,6
20,1,25,1
20,2,25,2
20,3,26,1
20,4,26,2
20,5,26,3
16,1,27,1
16,2,27,2
16,3,27,3
16,4,27,4
16,5,27,5
17,1,28,1
17,2,28,2
17,3,28,3
17,4,29,1
18,1,30,1
18,2,30,2
18,3,30,3
22,0,32,1
23,0,32,2
26,0,32,3
27,0,32,4
22,0,33,1
24,0,33,2
30,0,33,3
26,0,33,4
22,0,34,1
24,0,34,2
28,0,34,3
26,0,34,4
25,0,35,1
23,0,35,2
24,0,35,3
29,0,35,4
22,0,36,1
24,0,36,2
28,0,36,3
27,0,36,4
22,0,37,1
24,0,37,2
30,0,37,3
27,0,37,4
22,0,38,1
24,0,38,2
28,0,38,3
27,0,38,4
25,0,39,1
23,0,39,2
30,0,39,3
27,0,39,4
32,1,41,1
32,2,41,2
32,3,41,3
32,4,41,4
33,1,42,1
33,2,42,2
33,3,42,3
33,4,42,4
34,1,43,1
34,2,43,2
34,3,43,3
34,4,43,4
35,1,44,1
35,2,44,2
35,3,44,3
35,4,44,4
36,1,45,1
36,2,45,2
36,3,45,3
36,4,45,4
37,1,46,1
37,2,46,2
37,3,46,3
37,4,46,4
38,1,47,1
38,2,47,2
38,3,47,3
38,4,47,4
39,1,48,1
39,2,48,2
39,3,48,3
39,4,48,4
41,1,50,1
42,2,50,2
43,1,51,1
44,2,51,2
45,1,52,1
46,2,52,2
47,1,53,1
48,2,53,2
42,1,54,1
41,2,54,2
44,1,55,1
43,2,55,2
46,1,56,1
45,2,56,2
48,1,57,1
47,2,57,2
50,1,59,1
51,1,59,2
52,1,60,1
53,1,60,2
54,1,61,1
55,1,61,2
56,1,62,1
57,1,62,2
59,1,64,1
60,1,64,2
61,1,65,1
62,1,65,2
64,2,67,1
65,2,67,2
64,1,69,1
65,1,69,2
72,1,77,1
73,1,77,2
74,1,77,3
75,1,77,4
72,2,78,1
73,2,78,2
74,2,78,3
75,2,78,4
72,3,79,1
73,3,79,2
74,3,79,3
75,3,79,4
72,4,80,1
73,4,80,2
74,4,80,3
75,4,80,4
72,5,81,1
73,5,81,2
74,5,81,3
75,5,81,4
72,6,82,1
73,6,82,2
74,6,82,3
75,6,82,4
77,3,84,1
78,3,84,2
79,3,84,3
80,3,84,4
81,3,84,5
82,3,84,6
84,1,86,1
84,2,86,2
84,3,86,3
84,4,86,4
77,2,88,1
79,2,88,2
80,1,89,1
86,0,89,2
78,1,90,1
86,0,90,2
82,1,91,1
81,2,91,2
79,1,92,1
86,0,92,2
81,1,93,1
80,2,93,2
77,1,94,1
86,0,94,2
78,2,95,1
82,2,95,2
88,1,97,1
89,1,97,2
90,1,98,1
91,1,98,2
92,1,99,1
93,1,99,2
94,1,100,1
95,1,100,2
97,1,102,1
98,1,102,2
99,1,103,1
100,1,103,2
102,1,105,1
103,1,105,2
134,0,111,1
135,0,111,2
136,0,111,3
137,0,111,4
134,0,112,1
135,0,112,2
136,0,112,3
137,0,112,4
134,0,113,1
135,0,113,2
136,0,113,3
137,0,113,4
134,0,114,1
135,0,114,2
136,0,114,3
137,0,114,4
134,0,115,1
135,0,115,2
136,0,115,3
137,0,115,4
134,0,116,1
135,0,116,2
136,0,116,3
137,0,116,4
134,0,117,1
135,0,117,2
136,0,117,3
137,0,117,4
134,0,118,1
135,0,118,2
136,0,118,3
137,0,118,4
111,1,120,1
112,1,120,2
113,1,120,3
114,1,120,4
115,1,120,5
116,1,120,6
117,1,120,7
118,1,120,8
111,2,121,1
112,2,121,2
113,2,121,3
114,2,121,4
115,2,121,5
116,2,121,6
117,2,121,7
118,2,121,8
121,0,123,1
120,0,123,2
121,0,124,1
120,0,124,2
121,0,125,1
120,0,125,2
121,0,126,1
120,0,126,2
121,0,127,1
120,0,127,2
121,0,128,1
120,0,128,2
121,0,129,1
120,0,129,2
121,0,130,1
120,0,130,2
123,1,132,1
124,1,132,2
125,1,132,3
126,1,132,4
127,1,132,5
128,1,132,6
129,1,132,7
130,1,132,8
132,1,134,1
132,2,134,2
132,3,135,1
132,4,135,2
132,5,136,1
132,6,136,2
132,7,137,1
132,8,137,2
134,1,139,1
135,1,139,2
136,1,139,3
137,1,139,4
139,1,141,1
139,2,141,2
139,3,142,1
139,4,142,2
141,1,144,1
142,1,144,2
147,15,149,1
147,4,149,2
147,9,149,3
147,11,149,4
147,13,150,1
147,5,150,2
147,6,150,3
147,2,150,4
147,16,151,1
147,7,151,2
147,10,151,3
147,12,151,4
147,14,152,1
147,3,152,2
147,8,152,3
147,1,152,4
149,1,154,1
150,2,154,2
152,1,155,1
151,2,155,2
150,1,156,1
149,2,156,2
151,1,157,1
152,2,157,2
154,1,159,1
155,1,159,2
156,1,160,1
157,1,160,2
159,2,162,1
160,2,162,2
159,1,164,1
160,1,164,2
167,1,176,1
168,1,176,2
169,1,176,3
170,1,176,4
171,1,176,5
172,1,176,6
173,1,176,7
174,1,176,8
167,2,177,1
168,2,177,2
169,2,177,3
170,2,177,4
171,2,177,5
172,2,177,6
173,2,177,7
174,2,177,8
177,8,179,1
176,1,179,2
177,1,180,1
176,8,180,2
177,5,181,1
176,4,181,2
177,4,182,1
176,5,182,2
177,7,183,1
176,2,183,2
177,2,184,1
176,7,184,2
177,6,185,1
176,3,185,2
177,3,186,1
176,6,186,2
180,1,188,1
179,1,188,2
182,1,189,1
181,1,189,2
184,1,190,1
183,1,190,2
186,1,191,1
185,1,191,2
189,1,193,1
188,1,193,2
191,1,194,1
190,1,194,2
194,1,196,1
193,1,196,2
199,1,213,1
199,2,213,2
199,3,213,3
199,4,213,4
200,1,214,1
200,2,214,2
200,3,214,3
200,4,214,4
201,1,215,1
201,2,215,2
201,3,215,3
201,4,215,4
202,1,216,1
202,2,216,2
202,3,216,3
202,4,216,4
203,1,217,1
203,2,217,2
203,3,217,3
203,4,217,4
204,1,218,1
204,2,218,2
204,3,218,3
204,4,218,4
205,1,219,1
205,2,219,2
205,3,219,3
205,4,219,4
206,1,220,1
206,2,220,2
206,3,220,3
206,4,220,4
207,1,221,1
207,2,221,2
207,3,221,3
207,4,221,4
208,1,222,1
208,2,222,2
208,3,222,3
208,4,222,4
209,1,223,1
209,2,223,2
209,3,223,3
209,4,223,4
210,1,224,1
210,2,224,2
210,3,224,3
210,4,224,4
211,0,226,1
211,0,226,2
211,0,226,3
211,0,226,4
211,0,226,5
211,0,226,6
211,0,226,7
211,0,226,8
213,1,228,1
214,1,228,2
215,1,228,3
216,1,228,4
217,1,228,5
218,1,228,6
219,1,228,7
220,1,228,8
221,1,228,9
222,1,228,10
223,1,228,11
224,1,228,12
226,1,228,13
226,2,228,14
226,3,228,15
226,4,228,16
213,2,229,1
214,2,229,2
215,2,229,3
216,2,229,4
217,2,229,5
218,2,229,6
219,2,229,7
220,2,229,8
221,2,229,9
222,2,229,10
223,2,229,11
224,2,229,12
226,5,229,13
226,6,229,14
226,7,229,15
226,8,229,16
229,0,231,1
228,0,231,2
229,0,232,1
228,0,232,2
229,0,233,1
228,0,233,2
229,0,234,1
228,0,234,2
229,0,235,1
228,0,235,2
229,0,236,1
228,0,236,2
229,0,237,1
228,0,237,2
229,0,238,1
228,0,238,2
229,0,239,1
228,0,239,2
229,0,240,1
228,0,240,2
229,0,241,1
228,0,241,2
229,0,242,1
228,0,242,2
229,0,243,1
228,0,243,2
229,0,244,1
228,0,244,2
229,0,245,1
228,0,245,2
229,0,246,1
228,0,246,2
231,1,248,1
232,1,248,2
233,1,248,3
234,1,248,4
235,1,248,5
236,1,248,6
237,1,248,7
238,1,248,8
239,1,248,9
240,1,248,10
241,1,248,11
242,1,248,12
243,1,248,13
244,1,248,14
245,1,248,15
246,1,248,16
248,1,250,1
248,2,250,2
248,3,251,1
248,4,251,2
248,5,252,1
248,6,252,2
248,7,253,1
248,8,253,2
248,9,254,1
248,10,254,2
248,11,255,1
248,12,255,2
248,13,256,1
248,14,256,2
248,15,257,1
248,16,257,2
250,1,259,1
251,1,259,2
252,1,259,3
253,1,259,4
254,1,259,5
255,1,259,6
256,1,259,7
257,1,259,8
259,1,261,1
259,2,261,2
259,3,262,1
259,4,262,2
259,5,263,1
259,6,263,2
259,7,264,1
259,8,264,2
261,1,266,1
262,1,266,2
263,1,266,3
264,1,266,4
266,1,268,1
266,2,268,2
266,3,269,1
266,4,269,2
268,1,271,1
269,1,271,2
274,0,276,1
274,0,276,2
274,0,276,3
274,0,276,4
274,0,277,1
274,0,277,2
274,0,277,3
274,0,277,4
276,1,279,1
277,2,279,2
277,1,280,1
276,2,280,2
279,1,282,1
280,1,282,2
285,0,287,1
285,0,287,2
285,0,287,3
285,0,287,4
285,0,288,1
285,0,288,2
285,0,288,3
285,0,288,4
287,1,290,1
288,2,290,2
288,1,291,1
287,2,291,2
290,1,293,1
291,1,293,2
296,0,298,1
296,0,298,2
296,0,298,3
296,0,298,4
296,0,299,1
296,0,299,2
296,0,299,3
296,0,299,4
296,0,300,1
296,0,300,2
296,0,300,3
296,0,300,4
296,0,301,1
296,0,301,2
296,0,301,3
296,0,301,4
298,1,303,1
299,2,303,2
301,1,304,1
300,2,304,2
299,1,305,1
298,2,305,2
300,1,306,1
301,2,306,2
303,1,308,1
304,1,308,2
305,1,309,1
306,1,309,2
308,1,311,1
309,1,311,2
316,7,318,1
316,9,318,2
316,8,319,1
316,10,319,2
316,1,321,1
318,1,321,2
316,2,322,1
319,1,322,2
316,3,323,1
316,6,323,2
316,4,324,1
316,5,324,2
321,1,326,1
324,1,326,2
322,1,327,1
323,1,327,2
326,1,329,1
327,1,329,2
336,1,338,1
336,16,338,2
336,2,339,1
336,15,339,2
336,3,340,1
336,14,340,2
336,4,341,1
336,13,341,2
336,5,342,1
336,12,342,2
336,6,343,1
336,11,343,2
336,7,344,1
336,10,344,2
336,8,345,1
336,9,345,2
338,1,347,1
345,1,347,2
339,1,348,1
344,1,348,2
340,1,349,1
343,1,349,2
341,1,350,1
342,1,350,2
347,1,352,1
350,1,352,2
348,1,353,1
349,1,353,2
352,1,355,1
353,1,355,2
358,1,360,1
358,2,360,2
358,3,360,3
358,4,360,4
358,5,360,5
358,6,360,6
364,5,366,1
364,12,366,2
364,6,367,1
364,11,367,2
364,7,368,1
364,10,368,2
364,8,369,1
364,9,369,2
364,1,371,1
369,1,371,2
364,2,372,1
368,1,372,2
364,3,373,1
367,1,373,2
364,4,374,1
366,1,374,2
371,1,376,1
374,1,376,2
372,1,377,1
373,1,377,2
376,1,379,1
377,1,379,2
389,1,391,1
389,2,391,2
389,3,391,3
389,4,391,4
389,5,391,5
389,6,391,6
389,7,391,7
389,8,391,8
389,9,391,9
389,10,391,10
389,11,391,11
389,12,391,12
389,13,391,13
389,14,391,14
389,15,391,15
389,16,391,16
389,17,391,17
389,18,391,18
389,19,391,19
389,20,391,20
389,21,391,21
389,22,391,22
389,23,391,23
389,24,391,24
391,1,393,1
391,2,393,2
391,3,394,1
391,4,394,2
391,5,395,1
391,6,395,2
391,7,396,1
391,8,396,2
391,9,397,1
391,10,397,2
391,11,398,1
391,12,398,2
391,13,399,1
391,14,399,2
391,15,400,1
391,16,400,2
393,2,402,1
393,1,402,2
394,2,403,1
394,1,403,2
395,2,404,1
395,1,404,2
396,2,405,1
396,1,405,2
397,2,406,1
397,1,406,2
398,2,407,1
398,1,407,2
399,2,408,1
399,1,408,2
400,2,409,1
400,1,409,2
391,17,411,25
391,18,411,26
391,19,411,27
391,20,411,28
391,21,411,29
391,22,411,30
391,23,411,31
391,24,411,32
402,1,411,33
403,1,411,34
404,1,411,35
405,1,411,36
406,1,411,37
407,1,411,38
408,1,411,39
409,1,411,40
411,1,413,1
411,2,413,2
411,3,414,1
411,4,414,2
411,5,415,1
411,6,415,2
411,7,416,1
411,8,416,2
411,9,417,1
411,10,417,2
411,11,418,1
411,12,418,2
411,13,419,1
411,14,419,2
411,15,420,1
411,16,420,2
411,17,421,1
411,18,421,2
411,19,422,1
411,20,422,2
411,21,423,1
411,22,423,2
411,23,424,1
411,24,424,2
411,25,425,1
411,26,425,2
411,27,426,1
411,28,426,2
411,29,427,1
411,30,427,2
411,31,428,1
411,32,428,2
411,33,429,1
411,34,429,2
411,35,430,1
411,36,430,2
411,37,431,1
411,38,431,2
411,39,432,1
411,40,432,2
413,2,434,1
413,1,434,2
414,2,435,1
414,1,435,2
415,2,436,1
415,1,436,2
416,2,437,1
416,1,437,2
417,2,438,1
417,1,438,2
418,2,439,1
418,1,439,2
419,2,440,1
419,1,440,2
420,2,441,1
420,1,441,2
421,2,442,1
421,1,442,2
422,2,443,1
422,1,443,2
423,2,444,1
423,1,444,2
424,2,445,1
424,1,445,2
425,2,446,1
425,1,446,2
426,2,447,1
426,1,447,2
427,2,448,1
427,1,448,2
428,2,449,1
428,1,449,2
429,2,450,1
429,1,450,2
430,2,451,1
430,1,451,2
431,2,452,1
431,1,452,2
432,2,453,1
432,1,453,2
434,1,455,45
435,1,455,46
436,1,455,47
437,1,455,48
438,1,455,49
439,1,455,50
440,1,455,51
441,1,455,52
442,1,455,53
443,1,455,54
444,1,455,55
445,1,455,56
446,1,455,57
447,1,455,58
448,1,455,59
449,1,455,60
450,1,455,61
451,1,455,62
452,1,455,63
453,1,455,64
455,1,457,1
455,2,457,2
455,3,458,1
455,4,458,2
455,5,459,1
455,6,459,2
455,7,460,1
455,8,460,2
455,9,461,1
455,10,461,2
455,11,462,1
455,12,462,2
455,13,463,1
455,14,463,2
455,15,464,1
455,16,464,2
455,17,465,1
455,18,465,2
455,19,466,1
455,20,466,2
455,21,467,1
455,22,467,2
455,23,468,1
455,24,468,2
455,25,469,1
455,26,469,2
455,27,470,1
455,28,470,2
455,29,471,1
455,30,471,2
455,31,472,1
455,32,472,2
455,33,473,1
455,34,473,2
455,35,474,1
455,36,474,2
455,37,475,1
455,38,475,2
455,39,476,1
455,40,476,2
455,41,477,1
455,42,477,2
455,43,478,1
455,44,478,2
455,45,479,1
455,46,479,2
455,47,480,1
455,48,480,2
455,49,481,1
455,50,481,2
455,51,482,1
455,52,482,2
455,53,483,1
455,54,483,2
455,55,484,1
455,56,484,2
455,57,485,1
455,58,485,2
455,59,486,1
455,60,486,2
455,61,487,1
455,62,487,2
455,63,488,1
455,64,488,2
457,2,490,1
457,1,490,2
458,2,491,1
458,1,491,2
459,2,492,1
459,1,492,2
460,2,493,1
460,1,493,2
461,2,494,1
461,1,494,2
462,2,495,1
462,1,495,2
463,2,496,1
463,1,496,2
464,2,497,1
464,1,497,2
465,2,498,1
465,1,498,2
466,2,499,1
466,1,499,2
467,2,500,1
467,1,500,2
468,2,501,1
468,1,501,2
469,2,502,1
469,1,502,2
470,2,503,1
470,1,503,2
471,2,504,1
471,1,504,2
472,2,505,1
472,1,505,2
473,2,506,1
473,1,506,2
474,2,507,1
474,1,507,2
475,2,508,1
475,1,508,2
476,2,509,1
476,1,509,2
477,2,510,1
477,1,510,2
478,2,511,1
478,1,511,2
479,2,512,1
479,1,512,2
480,2,513,1
480,1,513,2
481,2,514,1
481,1,514,2
482,2,515,1
482,1,515,2
483,2,516,1
483,1,516,2
484,2,517,1
484,1,517,2
485,2,518,1
485,1,518,2
486,2,519,1
486,1,519,2
487,2,520,1
487,1,520,2
488,2,521,1
488,1,521,2
490,1,523,1
491,1,523,2
492,1,523,3
493,1,523,4
494,1,523,5
495,1,523,6
496,1,523,7
497,1,523,8
498,1,523,9
499,1,523,10
500,1,523,11
501,1,523,12
502,1,523,13
503,1,523,14
504,1,523,15
505,1,523,16
506,1,523,17
507,1,523,18
508,1,523,19
509,1,523,20
510,1,523,21
511,1,523,22
512,1,523,23
513,1,523,24
514,1,523,25
515,1,523,26
516,1,523,27
517,1,523,28
518,1,523,29
519,1,523,30
520,1,523,31
521,1,523,32
523,1,525,1
523,2,525,2
523,3,526,1
523,4,526,2
523,5,527,1
523,6,527,2
523,7,528,1
523,8,528,2
523,9,529,1
523,10,529,2
523,11,530,1
523,12,530,2
523,13,531,1
523,14,531,2
523,15,532,1
523,16,532,2
523,17,533,1
523,18,533,2
523,19,534,1
523,20,534,2
523,21,535,1
523,22,535,2
523,23,536,1
523,24,536,2
523,25,537,1
523,26,537,2
523,27,538,1
523,28,538,2
523,29,539,1
523,30,539,2
523,31,540,1
523,32,540,2
525,2,542,1
525,1,542,2
526,2,543,1
526,1,543,2
527,2,544,1
527,1,544,2
528,2,545,1
528,1,545,2
529,2,546,1
529,1,546,2
530,2,547,1
530,1,547,2
531,2,548,1
531,1,548,2
532,2,549,1
532,1,549,2
533,2,550,1
533,1,550,2
534,2,551,1
534,1,551,2
535,2,552,1
535,1,552,2
536,2,553,1
536,1,553,2
537,2,554,1
537,1,554,2
538,2,555,1
538,1,555,2
539,2,556,1
539,1,556,2
540,2,557,1
540,1,557,2
542,1,559,1
543,1,559,2
544,1,559,3
545,1,559,4
546,1,559,5
547,1,559,6
548,1,559,7
549,1,559,8
550,1,559,9
551,1,559,10
552,1,559,11
553,1,559,12
554,1,559,13
555,1,559,14
556,1,559,15
557,1,559,16
559,1,561,1
559,2,561,2
559,3,562,1
559,4,562,2
559,5,563,1
559,6,563,2
559,7,564,1
559,8,564,2
559,9,565,1
559,10,565,2
559,11,566,1
559,12,566,2
559,13,567,1
559,14,567,2
559,15,568,1
559,16,568,2
561,2,570,1
561,1,570,2
562,2,571,1
562,1,571,2
563,2,572,1
563,1,572,2
564,2,573,1
564,1,573,2
565,2,574,1
565,1,574,2
566,2,575,1
566,1,575,2
567,2,576,1
567,1,576,2
568,2,577,1
568,1,577,2
570,1,579,1
571,1,579,2
572,1,579,3
573,1,579,4
574,1,579,5
575,1,579,6
576,1,579,7
577,1,579,8
579,1,581,1
579,2,581,2
579,3,582,1
579,4,582,2
579,5,583,1
579,6,583,2
579,7,584,1
579,8,584,2
581,2,586,1
581,1,586,2
582,2,587,1
582,1,587,2
583,2,588,1
583,1,588,2
584,2,589,1
584,1,589,2
586,1,591,1
587,1,591,2
588,1,591,3
589,1,591,4
591,1,593,1
591,2,593,2
591,3,594,1
591,4,594,2
593,1,596,1
594,1,596,2
599,1,602,1
599,2,602,2
599,3,602,3
599,4,602,4
599,5,602,5
599,6,602,6
599,7,602,7
599,8,602,8
599,9,602,9
599,10,602,10
599,11,602,11
599,12,602,12
599,13,602,13
599,14,602,14
599,15,602,15
599,16,602,16
599,17,602,17
599,18,602,18
599,19,602,19
599,20,602,20
599,21,602,21
599,22,602,22
599,23,602,23
599,24,602,24
599,25,602,25
599,26,602,26
599,27,602,27
599,28,602,28
599,29,602,29
599,30,602,30
599,31,602,31
599,32,602,32
599,33,602,33
599,34,602,34
599,35,602,35
599,36,602,36
599,37,602,37
599,38,602,38
599,39,602,39
599,40,602,40
599,41,602,41
599,42,602,42
599,43,602,43
599,44,602,44
599,45,602,45
599,46,602,46
599,47,602,47
599,48,602,48
599,49,602,49
599,50,602,50
599,51,602,51
599,52,602,52
599,53,602,53
599,54,602,54
599,55,602,55
599,56,602,56
599,57,602,57
599,58,602,58
599,59,602,59
599,60,602,60
599,61,602,61
599,62,602,62
599,63,602,63
599,64,602,64
599,65,602,65
599,66,602,66
599,67,602,67
599,68,602,68
599,69,602,69
599,70,602,70
599,71,602,71
599,72,602,72
602,1,604,1
602,2,604,2
602,3,605,1
602,4,605,2
602,5,606,1
602,6,606,2
602,7,607,1
602,8,607,2
602,9,608,1
602,10,608,2
602,11,609,1
602,12,609,2
602,13,610,1
602,14,610,2
602,15,611,1
602,16,611,2
602,17,612,1
602,18,612,2
602,19,613,1
602,20,613,2
602,21,614,1
602,22,614,2
602,23,615,1
602,24,615,2
602,25,616,1
602,26,616,2
602,27,617,1
602,28,617,2
602,29,618,1
602,30,618,2
602,31,619,1
602,32,619,2
602,33,620,1
602,34,620,2
602,35,621,1
602,36,621,2
602,37,622,1
602,38,622,2
602,39,623,1
602,40,623,2
602,41,624,1
602,42,624,2
602,43,625,1
602,44,625,2
602,45,626,1
602,46,626,2
602,47,627,1
602,48,627,2
602,49,628,1
602,50,628,2
602,51,629,1
602,52,629,2
602,53,630,1
602,54,630,2
602,55,631,1
602,56,631,2
602,57,632,1
602,58,632,2
602,59,633,1
602,60,633,2
602,61,634,1
602,62,634,2
602,63,635,1
602,64,635,2
602,65,636,1
602,66,636,2
602,67,637,1
602,68,637,2
602,69,638,1
602,70,638,2
602,71,639,1
602,72,639,2
600,9,641,1
600,10,641,2
600,11,641,3
600,12,641,4
600,13,641,5
600,14,641,6
600,15,641,7
600,16,641,8
600,17,641,9
600,18,641,10
600,19,641,11
600,20,641,12
604,1,641,13
605,1,641,14
606,1,641,15
607,1,641,16
608,1,641,17
609,1,641,18
610,1,641,19
611,1,641,20
612,1,641,21
613,1,641,22
614,1,641,23
615,1,641,24
616,1,641,25
617,1,641,26
618,1,641,27
619,1,641,28
620,1,641,29
621,1,641,30
622,1,641,31
623,1,641,32
624,1,641,33
625,1,641,34
626,1,641,35
627,1,641,36
628,1,641,37
629,1,641,38
630,1,641,39
631,1,641,40
632,1,641,41
633,1,641,42
634,1,641,43
635,1,641,44
636,1,641,45
637,1,641,46
638,1,641,47
639,1,641,48
641,1,643,1
641,2,643,2
641,3,644,1
641,4,644,2
641,5,645,1
641,6,645,2
641,7,646,1
641,8,646,2
641,9,647,1
641,10,647,2
641,11,648,1
641,12,648,2
641,13,649,1
641,14,649,2
641,15,650,1
641,16,650,2
641,17,651,1
641,18,651,2
641,19,652,1
641,20,652,2
641,21,653,1
641,22,653,2
641,23,654,1
641,24,654,2
641,25,655,1
641,26,655,2
641,27,656,1
641,28,656,2
641,29,657,1
641,30,657,2
641,31,658,1
641,32,658,2
641,33,659,1
641,34,659,2
641,35,660,1
641,36,660,2
641,37,661,1
641,38,661,2
641,39,662,1
641,40,662,2
641,41,663,1
641,42,663,2
641,43,664,1
641,44,664,2
641,45,665,1
641,46,665,2
641,47,666,1
641,48,666,2
600,1,668,1
600,2,668,2
600,3,668,3
600,4,668,4
600,5,668,5
600,6,668,6
600,7,668,7
600,8,668,8
643,1,668,9
644,1,668,10
645,1,668,11
646,1,668,12
647,1,668,13
648,1,668,14
649,1,668,15
650,1,668,16
651,1,668,17
652,1,668,18
653,1,668,19
654,1,668,20
655,1,668,21
656,1,668,22
657,1,668,23
658,1,668,24
659,1,668,25
660,1,668,26
661,1,668,27
662,1,668,28
663,1,668,29
664,1,668,30
665,1,668,31
666,1,668,32
668,1,670,1
668,2,670,2
668,3,671,1
668,4,671,2
668,5,672,1
668,6,672,2
668,7,673,1
668,8,673,2
668,9,674,1
668,10,674,2
668,11,675,1
668,12,675,2
668,13,676,1
668,14,676,2
668,15,677,1
668,16,677,2
668,17,678,1
668,18,678,2
668,19,679,1
668,20,679,2
668,21,680,1
668,22,680,2
668,23,681,1
668,24,681,2
668,25,682,1
668,26,682,2
668,27,683,1
668,28,683,2
668,29,684,1
668,30,684,2
668,31,685,1
668,32,685,2
670,1,687,1
671,1,687,2
672,1,687,3
673,1,687,4
674,1,687,5
675,1,687,6
676,1,687,7
677,1,687,8
678,1,687,9
679,1,687,10
680,1,687,11
681,1,687,12
682,1,687,13
683,1,687,14
684,1,687,15
685,1,687,16
687,1,689,1
687,2,689,2
687,3,690,1
687,4,690,2
687,5,691,1
687,6,691,2
687,7,692,1
687,8,692,2
687,9,693,1
687,10,693,2
687,11,694,1
687,12,694,2
687,13,695,1
687,14,695,2
687,15,696,1
687,16,696,2
689,1,698,1
690,1,698,2
691,1,698,3
692,1,698,4
693,1,698,5
694,1,698,6
695,1,698,7
696,1,698,8
698,1,700,1
698,2,700,2
698,3,701,1
698,4,701,2
698,5,702,1
698,6,702,2
698,7,703,1
698,8,703,2
700,1,705,1
701,1,705,2
702,1,705,3
703,1,705,4
705,1,707,1
705,2,707,2
705,3,708,1
705,4,708,2
707,1,710,1
708,1,710,2
713,1,715,1
713,2,715,2
713,3,715,3
713,4,715,4
713,5,715,5
713,6,715,6
713,7,715,7
713,8,715,8
713,9,715,9
713,10,715,10
713,11,715,11
713,12,715,12
713,13,715,13
713,14,715,14
713,15,715,15
713,16,715,16
713,17,715,17
713,18,715,18
713,19,715,19
713,20,715,20
713,21,715,21
713,22,715,22
713,23,715,23
713,24,715,24
713,25,715,25
713,26,715,26
713,27,715,27
713,28,715,28
713,29,715,29
713,30,715,30
713,31,715,31
713,32,715,32
713,33,715,33
713,34,715,34
713,35,715,35
713,36,715,36
713,37,715,37
713,38,715,38
713,39,715,39
713,40,715,40
713,41,715,41
713,42,715,42
713,43,715,43
713,44,715,44
713,45,715,45
713,46,715,46
713,47,715,47
713,48,715,48
715,1,717,1
715,2,717,2
715,3,717,3
715,4,717,4
715,5,717,5
715,6,717,6
715,7,717,7
715,8,717,8
715,25,718,1
715,26,718,2
715,27,718,3
715,28,718,4
715,29,718,5
715,30,718,6
715,31,718,7
715,32,718,8
715,9,721,1
715,10,721,2
715,11,722,1
715,12,722,2
715,13,723,1
715,14,723,2
715,15,724,1
715,16,724,2
715,17,726,1
715,18,726,2
715,19,727,1
715,20,727,2
715,21,728,1
715,22,728,2
715,23,729,1
715,24,729,2
715,33,731,1
715,34,731,2
715,35,732,1
715,36,732,2
715,37,733,1
715,38,733,2
715,39,734,1
715,40,734,2
715,41,736,1
715,42,736,2
715,43,737,1
715,44,737,2
715,45,738,1
715,46,738,2
715,47,739,1
715,48,739,2
717,1,741,1
717,2,741,2
717,3,741,3
717,4,741,4
717,5,741,5
717,6,741,6
717,7,741,7
717,8,741,8
721,1,741,9
722,1,741,10
723,1,741,11
724,1,741,12
726,1,741,13
727,1,741,14
728,1,741,15
729,1,741,16
718,1,742,1
718,2,742,2
718,3,742,3
718,4,742,4
718,5,742,5
718,6,742,6
718,7,742,7
718,8,742,8
731,1,742,9
732,1,742,10
733,1,742,11
734,1,742,12
736,1,742,13
737,1,742,14
738,1,742,15
739,1,742,16
741,1,745,1
741,2,745,2
741,3,746,1
741,4,746,2
741,5,747,1
741,6,747,2
741,7,748,1
741,8,748,2
741,9,749,1
741,10,749,2
741,11,750,1
741,12,750,2
741,13,751,1
741,14,751,2
741,15,752,1
741,16,752,2
742,1,754,1
742,2,754,2
742,3,755,1
742,4,755,2
742,5,756,1
742,6,756,2
742,7,757,1
742,8,757,2
742,9,758,1
742,10,758,2
742,11,759,1
742,12,759,2
742,13,760,1
742,14,760,2
742,15,761,1
742,16,761,2
745,1,763,1
746,1,763,2
747,1,763,3
748,1,763,4
749,1,763,5
750,1,763,6
751,1,763,7
752,1,763,8
754,1,764,1
755,1,764,2
756,1,764,3
757,1,764,4
758,1,764,5
759,1,764,6
760,1,764,7
761,1,764,8
763,1,767,1
763,2,767,2
763,3,768,1
763,4,768,2
763,5,769,1
763,6,769,2
763,7,770,1
763,8,770,2
764,1,772,1
764,2,772,2
764,3,773,1
764,4,773,2
764,5,774,1
764,6,774,2
764,7,775,1
764,8,775,2
767,1,777,1
768,1,777,2
769,1,777,3
770,1,777,4
772,1,778,1
773,1,778,2
774,1,778,3
775,1,778,4
777,1,781,1
777,2,781,2
777,3,782,1
777,4,782,2
778,1,784,1
778,2,784,2
778,3,785,1
778,4,785,2
781,1,787,1
782,1,787,2
784,1,788,1
785,1,788,2
787,1,790,1
788,1,790,2
796,6,807,1
796,3,807,2
796,5,808,1
796,4,808,2
808,1,810,1
807,1,810,2
799,6,815,1
799,3,815,2
799,5,816,1
799,4,816,2
816,1,818,1
815,1,818,2
802,7,823,1
802,4,823,2
802,6,824,1
802,5,824,2
824,1,826,1
823,1,826,2
834,1,836,1
834,2,836,2
834,3,836,3
834,4,836,4
834,5,836,5
834,6,836,6
834,7,836,7
834,8,836,8
834,9,836,9
834,10,836,10
834,11,836,11
834,12,836,12
834,13,836,13
834,14,836,14
834,15,836,15
834,16,836,16
834,17,836,17
834,18,836,18
834,19,836,19
834,20,836,20
836,1,838,1
836,2,838,2
836,3,839,1
836,4,839,2
836,5,840,1
836,6,840,2
836,7,841,1
836,8,841,2
836,9,842,1
836,10,842,2
836,11,843,1
836,12,843,2
836,13,844,1
836,14,844,2
836,15,845,1
836,16,845,2
833,1,847,1
833,2,847,2
833,3,847,3
833,4,847,4
833,5,847,5
833,6,847,6
833,7,847,7
833,8,847,8
833,9,847,9
833,10,847,10
833,11,847,11
833,12,847,12
833,13,847,13
833,14,847,14
833,15,847,15
833,16,847,16
833,17,847,17
833,18,847,18
833,19,847,19
833,20,847,20
836,17,847,21
836,18,847,22
836,19,847,23
836,20,847,24
838,1,847,25
839,1,847,26
840,1,847,27
841,1,847,28
842,1,847,29
843,1,847,30
844,1,847,31
845,1,847,32
847,1,849,1
847,2,849,2
847,3,850,1
847,4,850,2
847,5,851,1
847,6,851,2
847,7,852,1
847,8,852,2
847,9,853,1
847,10,853,2
847,11,854,1
847,12,854,2
847,13,855,1
847,14,855,2
847,15,856,1
847,16,856,2
847,17,857,1
847,18,857,2
847,19,858,1
847,20,858,2
847,21,859,1
847,22,859,2
847,23,860,1
847,24,860,2
847,25,861,1
847,26,861,2
847,27,862,1
847,28,862,2
847,29,863,1
847,30,863,2
847,31,864,1
847,32,864,2
849,1,866,1
850,1,866,2
851,1,866,3
852,1,866,4
853,1,866,5
854,1,866,6
855,1,866,7
856,1,866,8
857,1,866,9
858,1,866,10
859,1,866,11
860,1,866,12
861,1,866,13
862,1,866,14
863,1,866,15
864,1,866,16
866,1,868,1
866,2,868,2
866,3,869,1
866,4,869,2
866,5,870,1
866,6,870,2
866,7,871,1
866,8,871,2
866,9,872,1
866,10,872,2
866,11,873,1
866,12,873,2
866,13,874,1
866,14,874,2
866,15,875,1
866,16,875,2
868,1,877,1
869,1,877,2
870,1,877,3
871,1,877,4
872,1,877,5
873,1,877,6
874,1,877,7
875,1,877,8
877,1,879,1
877,2,879,2
877,3,880,1
877,4,880,2
877,5,881,1
877,6,881,2
877,7,882,1
877,8,882,2
879,1,884,1
880,1,884,2
881,1,884,3
882,1,884,4
884,1,886,1
884,2,886,2
884,3,887,1
884,4,887,2
886,1,889,1
887,1,889,2
893,1,895,1
893,2,895,2
893,3,895,3
893,4,895,4
893,5,895,5
893,6,895,6
893,7,895,7
893,8,895,8
893,9,895,9
893,10,895,10
893,11,895,11
893,12,895,12
893,13,895,13
893,14,895,14
893,15,895,15
893,16,895,16
893,17,895,17
893,18,895,18
893,19,895,19
893,20,895,20
895,1,897,1
895,2,897,2
895,3,898,1
895,4,898,2
895,5,899,1
895,6,899,2
895,7,900,1
895,8,900,2
895,9,901,1
895,10,901,2
895,11,902,1
895,12,902,2
895,13,903,1
895,14,903,2
895,15,904,1
895,16,904,2
892,1,906,1
892,2,906,2
892,3,906,3
892,4,906,4
892,5,906,5
892,6,906,6
892,7,906,7
892,8,906,8
892,9,906,9
892,10,906,10
892,11,906,11
892,12,906,12
892,13,906,13
892,14,906,14
892,15,906,15
892,16,906,16
892,17,906,17
892,18,906,18
892,19,906,19
892,20,906,20
895,17,906,21
895,18,906,22
895,19,906,23
895,20,906,24
897,1,906,25
898,1,906,26
899,1,906,27
900,1,906,28
901,1,906,29
902,1,906,30
903,1,906,31
904,1,906,32
906,1,908,1
906,2,908,2
906,3,909,1
906,4,909,2
906,5,910,1
906,6,910,2
906,7,911,1
906,8,911,2
906,9,912,1
906,10,912,2
906,11,913,1
906,12,913,2
906,13,914,1
906,14,914,2
906,15,915,1
906,16,915,2
906,17,916,1
906,18,916,2
906,19,917,1
906,20,917,2
906,21,918,1
906,22,918,2
906,23,919,1
906,24,919,2
906,25,920,1
906,26,920,2
906,27,921,1
906,28,921,2
906,29,922,1
906,30,922,2
906,31,923,1
906,32,923,2
908,1,925,1
909,1,925,2
910,1,925,3
911,1,925,4
912,1,925,5
913,1,925,6
914,1,925,7
915,1,925,8
916,1,925,9
917,1,925,10
918,1,925,11
919,1,925,12
920,1,925,13
921,1,925,14
922,1,925,15
923,1,925,16
925,1,927,1
925,2,927,2
925,3,928,1
925,4,928,2
925,5,929,1
925,6,929,2
925,7,930,1
925,8,930,2
925,9,931,1
925,10,931,2
925,11,932,1
925,12,932,2
925,13,933,1
925,14,933,2
925,15,934,1
925,16,934,2
927,1,936,1
928,1,936,2
929,1,936,3
930,1,936,4
931,1,936,5
932,1,936,6
933,1,936,7
934,1,936,8
936,1,938,1
936,2,938,2
936,3,939,1
936,4,939,2
936,5,940,1
936,6,940,2
936,7,941,1
936,8,941,2
938,1,943,1
939,1,943,2
940,1,943,3
941,1,943,4
943,1,945,1
943,2,945,2
943,3,946,1
943,4,946,2
945,1,948,1
946,1,948,2
956,1,958,1
956,2,958,2
956,3,958,3
956,4,958,4
956,5,958,5
956,6,958,6
956,7,958,7
956,8,958,8
956,9,958,9
956,10,958,10
956,11,958,11
956,12,958,12
956,13,958,13
956,14,958,14
956,15,958,15
956,16,958,16
956,17,958,17
956,18,958,18
958,1,960,1
958,2,960,2
958,3,961,1
958,4,961,2
958,5,962,1
958,6,962,2
958,7,963,1
958,8,963,2
955,1,965,1
955,2,965,2
955,3,965,3
955,4,965,4
955,5,965,5
955,6,965,6
955,7,965,7
955,8,965,8
955,9,965,9
955,10,965,10
955,11,965,11
955,12,965,12
955,13,965,13
955,14,965,14
955,15,965,15
955,16,965,16
955,17,965,17
955,18,965,18
958,9,965,19
958,10,965,20
958,11,965,21
958,12,965,22
958,13,965,23
958,14,965,24
958,15,965,25
958,16,965,26
958,17,965,27
958,18,965,28
960,1,965,29
961,1,965,30
962,1,965,31
963,1,965,32
965,1,967,1
965,2,967,2
965,3,968,1
965,4,968,2
965,5,969,1
965,6,969,2
965,7,970,1
965,8,970,2
965,9,971,1
965,10,971,2
965,11,972,1
965,12,972,2
965,13,973,1
965,14,973,2
965,15,974,1
965,16,974,2
965,17,975,1
965,18,975,2
965,19,976,1
965,20,976,2
965,21,977,1
965,22,977,2
965,23,978,1
965,24,978,2
965,25,979,1
965,26,979,2
965,27,980,1
965,28,980,2
965,29,981,1
965,30,981,2
965,31,982,1
965,32,982,2
967,1,984,1
968,1,984,2
969,1,984,3
970,1,984,4
971,1,984,5
972,1,984,6
973,1,984,7
974,1,984,8
975,1,984,9
976,1,984,10
977,1,984,11
978,1,984,12
979,1,984,13
980,1,984,14
981,1,984,15
982,1,984,16
984,1,986,1
984,2,986,2
984,3,987,1
984,4,987,2
984,5,988,1
984,6,988,2
984,7,989,1
984,8,989,2
984,9,990,1
984,10,990,2
984,11,991,1
984,12,991,2
984,13,992,1
984,14,992,2
984,15,993,1
984,16,993,2
986,1,995,1
987,1,995,2
988,1,995,3
989,1,995,4
990,1,995,5
991,1,995,6
992,1,995,7
993,1,995,8
995,1,997,1
995,2,997,2
995,3,998,1
995,4,998,2
995,5,999,1
995,6,999,2
995,7,1000,1
995,8,1000,2
997,1,1002,1
998,1,1002,2
999,1,1002,3
1000,1,1002,4
1002,1,1004,1
1002,2,1004,2
1002,3,1005,1
1002,4,1005,2
1004,1,1007,1
1005,1,1007,2
1014,6,1016,1
1014,11,1016,2
1014,7,1017,1
1014,10,1017,2
1014,8,1018,1
1014,9,1018,2
1014,5,1019,1
1014,12,1019,2
1016,2,1021,1
1016,1,1021,2
1017,2,1022,1
1017,1,1022,2
1018,2,1023,1
1018,1,1023,2
1019,2,1024,1
1019,1,1024,2
1014,1,1026,1
1021,1,1026,2
1014,2,1027,1
1022,1,1027,2
1014,3,1028,1
1023,1,1028,2
1014,4,1029,1
1024,1,1029,2
1026,2,1031,1
1026,1,1031,2
1027,2,1032,1
1027,1,1032,2
1028,2,1033,1
1028,1,1033,2
1029,2,1034,1
1029,1,1034,2
1031,1,1036,1
1034,1,1036,2
1032,1,1037,1
1033,1,1037,2
1036,1,1039,1
1037,1,1039,2
1050,1,1052,1
1050,2,1052,2
1050,3,1052,3
1050,4,1052,4
1050,5,1052,5
1050,6,1052,6
1050,7,1052,7
1050,8,1052,8
1050,9,1052,9
1050,10,1052,10
1050,11,1052,11
1050,12,1052,12
1050,13,1052,13
1050,14,1052,14
1050,15,1052,15
1050,16,1052,16
1050,17,1052,17
1050,18,1052,18
1050,19,1052,19
1050,20,1052,20
1050,21,1052,21
1050,22,1052,22
1052,19,1054,1
1052,20,1054,2
1052,21,1055,1
1052,22,1055,2
1049,9,1057,1
1052,1,1057,2
1052,16,1058,1
1055,1,1058,2
1049,13,1059,1
1052,5,1059,2
1049,20,1060,1
1052,12,1060,2
1049,12,1061,1
1052,4,1061,2
1052,13,1062,1
1052,18,1062,2
1049,16,1063,1
1052,8,1063,2
1049,17,1064,1
1052,9,1064,2
1049,10,1065,1
1052,2,1065,2
1052,15,1066,1
1054,1,1066,2
1049,14,1067,1
1052,6,1067,2
1049,19,1068,1
1052,11,1068,2
1049,11,1069,1
1052,3,1069,2
1052,14,1070,1
1052,17,1070,2
1049,15,1071,1
1052,7,1071,2
1049,18,1072,1
1052,10,1072,2
1057,1,1074,1
1058,1,1074,2
1059,1,1075,1
1060,1,1075,2
1061,1,1076,1
1062,1,1076,2
1063,1,1077,1
1064,1,1077,2
1065,1,1078,1
1066,1,1078,2
1067,1,1079,1
1068,1,1079,2
1069,1,1080,1
1070,1,1080,2
1071,1,1081,1
1072,1,1081,2
1049,1,1083,1
1081,1,1083,2
1049,8,1084,1
1074,1,1084,2
1049,4,1085,1
1078,1,1085,2
1049,5,1086,1
1077,1,1086,2
1049,2,1087,1
1080,1,1087,2
1049,7,1088,1
1075,1,1088,2
1049,3,1089,1
1079,1,1089,2
1049,6,1090,1
1076,1,1090,2
1083,1,1092,1
1084,1,1092,2
1085,1,1093,1
1086,1,1093,2
1087,1,1094,1
1088,1,1094,2
1089,1,1095,1
1090,1,1095,2
1092,1,1097,1
1093,1,1097,2
1094,1,1098,1
1095,1,1098,2
1097,1,1100,1
1098,1,1100,2
1107,15,1109,1
1107,18,1109,2
1107,16,1110,1
1107,17,1110,2
1107,1,1112,1
1109,1,1112,2
1107,2,1113,1
1110,1,1113,2
1107,3,1114,1
1107,14,1114,2
1107,4,1115,1
1107,13,1115,2
1107,5,1116,1
1107,12,1116,2
1107,6,1117,1
1107,11,1117,2
1107,7,1118,1
1107,10,1118,2
1107,8,1119,1
1107,9,1119,2
1112,1,1121,1
1119,1,1121,2
1113,1,1122,1
1118,1,1122,2
1114,1,1123,1
1117,1,1123,2
1115,1,1124,1
1116,1,1124,2
1121,1,1126,1
1124,1,1126,2
1122,1,1127,1
1123,1,1127,2
1126,1,1129,1
1127,1,1129,2
1136,1,1138,1
1136,16,1138,2
1136,2,1139,1
1136,15,1139,2
1136,3,1140,1
1136,14,1140,2
1136,4,1141,1
1136,13,1141,2
1136,5,1142,1
1136,12,1142,2
1136,6,1143,1
1136,11,1143,2
1136,7,1144,1
1136,10,1144,2
1136,8,1145,1
1136,9,1145,2
1138,1,1147,1
1145,1,1147,2
1139,1,1148,1
1144,1,1148,2
1140,1,1149,1
1143,1,1149,2
1141,1,1150,1
1142,1,1150,2
1147,1,1152,1
1150,1,1152,2
1148,1,1153,1
1149,1,1153,2
1152,1,1155,1
1153,1,1155,2
1162,1,1164,1
1162,16,1164,2
1162,2,1165,1
1162,15,1165,2
1162,3,1166,1
1162,14,1166,2
1162,4,1167,1
1162,13,1167,2
1162,5,1168,1
1162,12,1168,2
1162,6,1169,1
1162,11,1169,2
1162,7,1170,1
1162,10,1170,2
1162,8,1171,1
1162,9,1171,2
1164,1,1173,1
1171,1,1173,2
1165,1,1174,1
1170,1,1174,2
1166,1,1175,1
1169,1,1175,2
1167,1,1176,1
1168,1,1176,2
1173,1,1178,1
1176,1,1178,2
1174,1,1179,1
1175,1,1179,2
1178,1,1181,1
1179,1,1181,2
1184,1,1186,1
1184,2,1186,2
1184,3,1186,3
1184,4,1186,4
1184,5,1186,5
1184,6,1186,6
1184,7,1186,7
1184,8,1186,8
1184,9,1187,1
1184,10,1187,2
1184,11,1187,3
1184,12,1187,4
1184,13,1187,5
1184,14,1187,6
1184,15,1187,7
1184,16,1187,8
1191,1,1193,1
1191,16,1193,2
1191,2,1194,1
1191,15,1194,2
1191,3,1195,1
1191,14,1195,2
1191,4,1196,1
1191,13,1196,2
1191,5,1197,1
1191,12,1197,2
1191,6,1198,1
1191,11,1198,2
1191,7,1199,1
1191,10,1199,2
1191,8,1200,1
1191,9,1200,2
1193,1,1202,1
1200,1,1202,2
1194,1,1203,1
1199,1,1203,2
1195,1,1204,1
1198,1,1204,2
1196,1,1205,1
1197,1,1205,2
1202,1,1207,1
1205,1,1207,2
1203,1,1208,1
1204,1,1208,2
1207,1,1210,1
1208,1,1210,2
1217,1,1219,1
1217,16,1219,2
1217,2,1220,1
1217,15,1220,2
1217,3,1221,1
1217,14,1221,2
1217,4,1222,1
1217,13,1222,2
1217,5,1223,1
1217,12,1223,2
1217,6,1224,1
1217,11,1224,2
1217,7,1225,1
1217,10,1225,2
1217,8,1226,1
1217,9,1226,2
1219,1,1228,1
1226,1,1228,2
1220,1,1229,1
1225,1,1229,2
1221,1,1230,1
1224,1,1230,2
1222,1,1231,1
1223,1,1231,2
1228,1,1233,1
1231,1,1233,2
1229,1,1234,1
1230,1,1234,2
1233,1,1236,1
1234,1,1236,2
1243,5,1245,1
1243,12,1245,2
1243,6,1246,1
1243,11,1246,2
1243,7,1247,1
1243,10,1247,2
1243,8,1248,1
1243,9,1248,2
1245,2,1250,1
1245,1,1250,2
1246,2,1251,1
1246,1,1251,2
1247,2,1252,1
1247,1,1252,2
1248,2,1253,1
1248,1,1253,2
1243,1,1255,1
1250,1,1255,2
1243,2,1256,1
1251,1,1256,2
1243,3,1257,1
1252,1,1257,2
1243,4,1258,1
1253,1,1258,2
1255,2,1260,1
1255,1,1260,2
1256,2,1261,1
1256,1,1261,2
1257,2,1262,1
1257,1,1262,2
1258,2,1263,1
1258,1,1263,2
1260,1,1265,1
1263,1,1265,2
1261,1,1266,1
1262,1,1266,2
1265,1,1268,1
1266,1,1268,2
1271,1,1273,1
1271,2,1273,2
1271,3,1273,3
1271,4,1273,4
1271,5,1273,5
1271,6,1273,6
1271,7,1274,1
1271,8,1274,2
1271,9,1274,3
1271,10,1274,4
1271,11,1274,5
1271,12,1274,6
1282,1,1284,1
1282,2,1284,2
1282,3,1284,3
1282,4,1284,4
1282,5,1284,5
1282,6,1284,6
1282,7,1284,7
1282,8,1284,8
1282,9,1284,9
1282,10,1284,10
1282,11,1284,11
1282,12,1284,12
1282,13,1284,13
1282,14,1284,14
1282,15,1284,15
1282,16,1284,16
1282,17,1284,17
1282,18,1284,18
1282,19,1284,19
1282,20,1284,20
1282,21,1284,21
1282,22,1284,22
1284,3,1286,1
1284,4,1286,2
1284,5,1287,1
1284,6,1287,2
1284,7,1288,1
1284,8,1288,2
1284,9,1289,1
1284,10,1289,2
1284,11,1290,1
1284,12,1290,2
1284,13,1291,1
1284,14,1291,2
1284,15,1292,1
1284,16,1292,2
1284,17,1293,1
1284,18,1293,2
1284,19,1294,1
1284,20,1294,2
1284,21,1295,1
1284,22,1295,2
1281,1,1297,1
1284,1,1297,2
1281,8,1298,1
1290,1,1298,2
1281,9,1299,1
1289,1,1299,2
1281,16,1300,1
1281,17,1300,2
1281,4,1301,1
1294,1,1301,2
1281,5,1302,1
1293,1,1302,2
1281,12,1303,1
1286,1,1303,2
1281,13,1304,1
1281,20,1304,2
1281,2,1305,1
1284,2,1305,2
1281,7,1306,1
1291,1,1306,2
1281,10,1307,1
1288,1,1307,2
1281,15,1308,1
1281,18,1308,2
1281,3,1309,1
1295,1,1309,2
1281,6,1310,1
1292,1,1310,2
1281,11,1311,1
1287,1,1311,2
1281,14,1312,1
1281,19,1312,2
1297,1,1314,1
1298,1,1314,2
1299,1,1315,1
1300,1,1315,2
1301,1,1316,1
1302,1,1316,2
1303,1,1317,1
1304,1,1317,2
1305,1,1318,1
1306,1,1318,2
1307,1,1319,1
1308,1,1319,2
1309,1,1320,1
1310,1,1320,2
1311,1,1321,1
1312,1,1321,2
1314,1,1323,1
1315,1,1323,2
1316,1,1324,1
1317,1,1324,2
1318,1,1325,1
1319,1,1325,2
1320,1,1326,1
1321,1,1326,2
1323,1,1328,1
1324,1,1328,2
1325,1,1329,1
1326,1,1329,2
1328,1,1331,1
1329,1,1331,2
1338,1,1340,1
1338,16,1340,2
1338,2,1341,1
1338,15,1341,2
1338,3,1342,1
1338,14,1342,2
1338,4,1343,1
1338,13,1343,2
1338,5,1344,1
1338,12,1344,2
1338,6,1345,1
1338,11,1345,2
1338,7,1346,1
1338,10,1346,2
1338,8,1347,1
1338,9,1347,2
1340,1,1349,1
1347,1,1349,2
1341,1,1350,1
1346,1,1350,2
1342,1,1351,1
1345,1,1351,2
1343,1,1352,1
1344,1,1352,2
1349,1,1354,1
1352,1,1354,2
1350,1,1355,1
1351,1,1355,2
1354,1,1357,1
1355,1,1357,2
1364,7,1366,1
1364,10,1366,2
1364,8,1367,1
1364,9,1367,2
1364,1,1369,1
1366,1,1369,2
1364,2,1370,1
1367,1,1370,2
1364,3,1371,1
1364,6,1371,2
1364,4,1372,1
1364,5,1372,2
1369,1,1374,1
1372,1,1374,2
1370,1,1375,1
1371,1,1375,2
1374,1,1377,1
1375,1,1377,2
1389,0,1391,1
1389,0,1391,2
1389,0,1391,3
1389,0,1391,4
1389,0,1391,5
1389,0,1391,6
1389,0,1391,7
1389,0,1391,8
1389,0,1391,9
1389,0,1391,10
1389,0,1391,11
1389,0,1391,12
1389,0,1391,13
1389,0,1391,14
1389,0,1391,15
1389,0,1391,16
1389,0,1391,17
1391,1,1393,1
1391,2,1393,2
1391,3,1395,1
1393,1,1395,2
1391,4,1396,1
1391,5,1396,2
1391,6,1397,1
1391,7,1397,2
1391,8,1398,1
1391,9,1398,2
1391,10,1399,1
1391,11,1399,2
1391,12,1400,1
1391,13,1400,2
1391,14,1401,1
1391,15,1401,2
1391,16,1402,1
1391,17,1402,2
1395,1,1404,1
1401,1,1404,2
1397,1,1405,1
1400,1,1405,2
1396,1,1406,1
1402,1,1406,2
1399,1,1407,1
1398,1,1407,2
1404,1,1409,1
1405,1,1409,2
1406,1,1410,1
1407,1,1410,2
1409,1,1412,1
1410,1,1412,2
1415,4,1418,1
1415,5,1418,2
1416,4,1419,1
1416,5,1419,2
1418,1,1422,1
1415,1,1422,2
1415,3,1423,1
1415,2,1423,2
1419,1,1425,1
1416,1,1425,2
1416,3,1426,1
1416,2,1426,2
1422,1,1428,1
1423,1,1428,2
1425,1,1429,1
1426,1,1429,2
1428,2,1431,1
1428,1,1431,2
1429,2,1432,1
1429,1,1432,2
1431,1,1434,1
1432,1,1434,2
1434,1,1436,1
1434,2,1436,2
1440,8,1442,1
1440,1,1442,2
1440,7,1443,1
1440,2,1443,2
1440,6,1444,1
1440,3,1444,2
1440,5,1445,1
1440,4,1445,2
1442,1,1447,1
1443,1,1447,2
1444,1,1447,3
1445,1,1447,4
1447,4,1449,1
1447,1,1449,2
1447,3,1450,1
1447,2,1450,2
1449,1,1452,1
1450,1,1452,2
1452,2,1454,1
1452,1,1454,2
1459,3,1461,1
1459,6,1461,2
1459,4,1462,1
1459,5,1462,2
1461,1,1464,1
1462,1,1464,2
1459,1,1466,1
1464,2,1466,2
1459,2,1467,1
1464,1,1467,2
1466,1,1469,1
1467,1,1469,2
1469,1,1471,1
1469,2,1471,2
1475,1,1477,1
1475,2,1477,2
1475,3,1477,3
1475,4,1477,4
1475,5,1477,5
1475,6,1477,6
1475,7,1478,1
1475,8,1478,2
1475,9,1478,3
1475,10,1478,4
1475,11,1478,5
1475,12,1478,6
1488,8,1490,1
1488,1,1490,2
1488,7,1491,1
1488,2,1491,2
1488,6,1492,1
1488,3,1492,2
1488,5,1493,1
1488,4,1493,2
1490,1,1495,1
1491,1,1495,2
1492,1,1495,3
1493,1,1495,4
1495,4,1497,1
1495,1,1497,2
1495,3,1498,1
1495,2,1498,2
1497,1,1500,1
1498,1,1500,2
1500,2,1502,1
1500,1,1502,2
1506,1,1508,1
1506,3,1508,2
1506,5,1508,3
1506,7,1508,4
1506,2,1509,1
1506,4,1509,2
1506,6,1509,3
1506,8,1509,4
1508,1,1511,1
1509,1,1511,2
1511,2,1513,1
1511,1,1513,2
