3,0,5,1
3,0,5,2
3,0,5,3
3,0,5,4
3,0,6,1
3,0,6,2
3,0,6,3
3,0,6,4
5,1,8,1
6,2,8,2
6,1,9,1
5,2,9,2
8,2,11,1
9,2,11,2
8,1,13,1
9,1,13,2
19,1,22,1
19,2,22,2
19,3,22,3
19,4,22,4
19,5,22,5
19,6,22,6
19,7,23,1
19,8,23,2
19,9,23,3
19,10,24,1
19,11,24,2
19,12,24,3
19,13,24,4
19,14,24,5
19,15,24,6
19,16,24,7
19,17,24,8
19,18,24,9
20,1,25,1
20,2,25,2
20,3,26,1
20,4,26,2
20,5,26,3
16,1,27,1
16,2,27,2
16,3,27,3
16,4,27,4
17,1,28,1
17,2,28,2
17,3,29,1
18,1,30,1
18,2,30,2
22,0,32,1
23,0,32,2
24,0,32,3
26,0,32,4
22,0,33,1
24,0,33,2
30,0,33,3
26,0,33,4
22,0,34,1
24,0,34,2
28,0,34,3
26,0,34,4
25,0,35,1
23,0,35,2
24,0,35,3
29,0,35,4
22,0,36,1
24,0,36,2
24,0,36,3
27,0,36,4
22,0,37,1
24,0,37,2
30,0,37,3
27,0,37,4
22,0,38,1
24,0,38,2
28,0,38,3
27,0,38,4
25,0,39,1
23,0,39,2
24,0,39,3
27,0,39,4
32,1,41,1
32,2,41,2
32,3,41,3
32,4,41,4
33,1,42,1
33,2,42,2
33,3,42,3
33,4,42,4
34,1,43,1
34,2,43,2
34,3,43,3
34,4,43,4
35,1,44,1
35,2,44,2
35,3,44,3
35,4,44,4
36,1,45,1
36,2,45,2
36,3,45,3
36,4,45,4
37,1,46,1
37,2,46,2
37,3,46,3
37,4,46,4
38,1,47,1
38,2,47,2
38,3,47,3
38,4,47,4
39,1,48,1
39,2,48,2
39,3,48,3
39,4,48,4
41,1,50,1
42,2,50,2
43,1,51,1
44,2,51,2
45,1,52,1
46,2,52,2
47,1,53,1
48,2,53,2
42,1,54,1
41,2,54,2
44,1,55,1
43,2,55,2
46,1,56,1
45,2,56,2
48,1,57,1
47,2,57,2
50,1,59,1
51,1,59,2
52,1,60,1
53,1,60,2
54,1,61,1
55,1,61,2
56,1,62,1
57,1,62,2
59,1,64,1
60,1,64,2
61,1,65,1
62,1,65,2
64,2,67,1
65,2,67,2
64,1,69,1
65,1,69,2
72,0,77,1
73,0,77,2
74,0,77,3
75,0,77,4
72,0,78,1
73,0,78,2
74,0,78,3
75,0,78,4
72,0,79,1
73,0,79,2
74,0,79,3
75,0,79,4
72,0,80,1
73,0,80,2
74,0,80,3
75,0,80,4
77,1,82,1
78,2,82,2
79,1,83,1
80,2,83,2
78,1,84,1
77,2,84,2
80,1,85,1
79,2,85,2
82,1,87,1
83,1,87,2
84,1,88,1
85,1,88,2
87,1,90,1
88,1,90,2
93,1,102,1
93,2,102,2
93,3,102,3
93,4,102,4
94,1,103,1
94,2,103,2
94,3,103,3
94,4,103,4
95,1,104,1
95,2,104,2
95,3,104,3
95,4,104,4
96,1,105,1
96,2,105,2
96,3,105,3
96,4,105,4
97,1,106,1
97,2,106,2
97,3,106,3
97,4,106,4
98,1,107,1
98,2,107,2
98,3,107,3
98,4,107,4
99,1,108,1
99,2,108,2
99,3,108,3
99,4,108,4
100,1,109,1
100,2,109,2
100,3,109,3
100,4,109,4
102,1,111,1
103,1,111,2
104,1,111,3
105,1,111,4
106,1,111,5
107,1,111,6
108,1,111,7
109,1,111,8
102,2,112,1
103,2,112,2
104,2,112,3
105,2,112,4
106,2,112,5
107,2,112,6
108,2,112,7
109,2,112,8
112,0,114,1
111,0,114,2
112,0,115,1
111,0,115,2
112,0,116,1
111,0,116,2
112,0,117,1
111,0,117,2
112,0,118,1
111,0,118,2
112,0,119,1
111,0,119,2
112,0,120,1
111,0,120,2
112,0,121,1
111,0,121,2
114,1,123,1
115,1,123,2
116,1,123,3
117,1,123,4
118,1,123,5
119,1,123,6
120,1,123,7
121,1,123,8
123,1,125,1
123,2,125,2
123,3,126,1
123,4,126,2
123,5,127,1
123,6,127,2
123,7,128,1
123,8,128,2
125,1,130,1
126,1,130,2
127,1,130,3
128,1,130,4
130,1,132,1
130,2,132,2
130,3,133,1
130,4,133,2
132,1,135,1
133,1,135,2
140,1,142,1
140,2,142,2
140,3,142,3
140,4,142,4
140,5,142,5
140,6,142,6
140,7,142,7
140,8,142,8
140,9,142,9
140,10,142,10
140,11,142,11
140,12,142,12
140,13,142,13
140,14,142,14
140,15,142,15
140,16,142,16
140,17,142,17
140,18,142,18
140,19,142,19
140,20,142,20
140,21,142,21
140,22,142,22
140,23,142,23
140,24,142,24
140,25,142,25
140,26,142,26
140,27,142,27
140,28,142,28
140,29,142,29
140,30,142,30
140,31,142,31
140,32,142,32
140,33,142,33
140,34,142,34
140,35,142,35
140,36,142,36
140,37,142,37
140,38,142,38
140,39,142,39
140,40,142,40
140,41,142,41
140,42,142,42
140,43,142,43
140,44,142,44
142,1,144,1
142,2,144,2
142,3,144,3
142,4,144,4
142,5,144,5
142,6,144,6
142,7,144,7
142,8,144,8
142,9,144,9
142,10,144,10
142,11,144,11
142,12,144,12
142,13,144,13
142,14,144,14
142,15,144,15
142,16,144,16
142,17,144,17
142,18,144,18
142,19,144,19
142,20,144,20
142,21,144,21
142,22,144,22
142,23,145,1
142,24,145,2
142,25,145,3
142,26,145,4
142,27,145,5
142,28,145,6
142,29,145,7
142,30,145,8
142,31,145,9
142,32,145,10
142,33,145,11
142,34,145,12
142,35,145,13
142,36,145,14
142,37,145,15
142,38,145,16
142,39,145,17
142,40,145,18
142,41,145,19
142,42,145,20
142,43,145,21
142,44,145,22
144,0,147,1
145,0,147,2
144,0,148,1
145,0,148,2
144,0,149,1
145,0,149,2
144,0,150,1
145,0,150,2
144,0,151,1
145,0,151,2
144,0,152,1
145,0,152,2
144,0,153,1
145,0,153,2
144,0,154,1
145,0,154,2
144,0,155,1
145,0,155,2
144,0,156,1
145,0,156,2
144,0,157,1
145,0,157,2
144,0,158,1
145,0,158,2
144,0,159,1
145,0,159,2
144,0,160,1
145,0,160,2
144,0,161,1
145,0,161,2
144,0,162,1
145,0,162,2
144,0,163,1
145,0,163,2
144,0,164,1
145,0,164,2
144,0,165,1
145,0,165,2
144,0,166,1
145,0,166,2
144,0,167,1
145,0,167,2
144,0,168,1
145,0,168,2
138,1,170,1
139,1,171,1
139,2,171,2
139,3,171,3
139,4,171,4
139,5,171,5
139,6,171,6
139,7,171,7
139,8,171,8
139,9,171,9
139,10,171,10
139,11,171,11
139,12,171,12
139,13,171,13
139,14,171,14
139,15,171,15
147,1,171,16
148,1,171,17
149,1,171,18
150,1,171,19
151,1,171,20
152,1,171,21
153,1,171,22
154,1,171,23
155,1,171,24
156,1,171,25
157,1,171,26
158,1,171,27
159,1,171,28
160,1,171,29
161,1,171,30
162,1,171,31
163,1,171,32
164,1,171,33
165,1,171,34
166,1,171,35
167,1,171,36
168,1,171,37
170,1,173,1
171,1,173,2
171,2,173,3
171,3,173,4
171,4,173,5
171,5,173,6
171,6,173,7
171,7,173,8
171,8,173,9
171,9,173,10
171,10,173,11
171,11,173,12
171,12,174,1
171,13,174,2
171,14,174,3
171,15,174,4
171,16,174,5
171,17,174,6
171,18,174,7
171,19,174,8
171,20,174,9
171,21,174,10
171,22,174,11
171,23,174,12
171,24,175,1
171,25,175,2
171,26,175,3
171,27,175,4
171,28,175,5
171,29,175,6
171,30,175,7
171,31,175,8
171,32,175,9
171,33,175,10
171,34,175,11
171,35,175,12
171,36,176,1
171,37,176,2
171,38,176,3
171,39,176,4
171,40,176,5
171,41,176,6
171,42,176,7
171,43,176,8
171,44,176,9
171,45,176,10
171,46,176,11
171,47,176,12
173,0,178,1
174,0,178,2
175,0,178,3
176,0,178,4
173,0,179,1
174,0,179,2
175,0,179,3
176,0,179,4
173,0,180,1
174,0,180,2
175,0,180,3
176,0,180,4
173,0,181,1
174,0,181,2
175,0,181,3
176,0,181,4
173,0,182,1
174,0,182,2
175,0,182,3
176,0,182,4
173,0,183,1
174,0,183,2
175,0,183,3
176,0,183,4
173,0,184,1
174,0,184,2
175,0,184,3
176,0,184,4
173,0,185,1
174,0,185,2
175,0,185,3
176,0,185,4
173,0,186,1
174,0,186,2
175,0,186,3
176,0,186,4
173,0,187,1
174,0,187,2
175,0,187,3
176,0,187,4
173,0,188,1
174,0,188,2
175,0,188,3
176,0,188,4
173,0,189,1
174,0,189,2
175,0,189,3
176,0,189,4
102,3,191,1
103,3,191,2
104,3,191,3
105,3,191,4
106,3,191,5
107,3,191,6
108,3,191,7
109,3,191,8
178,1,193,1
179,1,193,2
180,1,193,3
181,1,193,4
182,1,193,5
183,1,193,6
184,1,193,7
185,1,193,8
186,1,193,9
187,1,193,10
188,1,193,11
189,1,193,12
191,1,193,13
191,2,193,14
191,3,193,15
191,4,193,16
178,2,194,1
179,2,194,2
180,2,194,3
181,2,194,4
182,2,194,5
183,2,194,6
184,2,194,7
185,2,194,8
186,2,194,9
187,2,194,10
188,2,194,11
189,2,194,12
191,5,194,13
191,6,194,14
191,7,194,15
191,8,194,16
194,0,196,1
193,0,196,2
194,0,197,1
193,0,197,2
194,0,198,1
193,0,198,2
194,0,199,1
193,0,199,2
194,0,200,1
193,0,200,2
194,0,201,1
193,0,201,2
194,0,202,1
193,0,202,2
194,0,203,1
193,0,203,2
194,0,204,1
193,0,204,2
194,0,205,1
193,0,205,2
194,0,206,1
193,0,206,2
194,0,207,1
193,0,207,2
194,0,208,1
193,0,208,2
194,0,209,1
193,0,209,2
194,0,210,1
193,0,210,2
194,0,211,1
193,0,211,2
196,1,213,1
197,1,213,2
198,1,213,3
199,1,213,4
200,1,213,5
201,1,213,6
202,1,213,7
203,1,213,8
204,1,213,9
205,1,213,10
206,1,213,11
207,1,213,12
208,1,213,13
209,1,213,14
210,1,213,15
211,1,213,16
213,1,215,1
213,2,215,2
213,3,216,1
213,4,216,2
213,5,217,1
213,6,217,2
213,7,218,1
213,8,218,2
213,9,219,1
213,10,219,2
213,11,220,1
213,12,220,2
213,13,221,1
213,14,221,2
213,15,222,1
213,16,222,2
215,1,224,1
216,1,224,2
217,1,224,3
218,1,224,4
219,1,224,5
220,1,224,6
221,1,224,7
222,1,224,8
224,1,226,1
224,2,226,2
224,3,227,1
224,4,227,2
224,5,228,1
224,6,228,2
224,7,229,1
224,8,229,2
226,1,231,1
227,1,231,2
228,1,231,3
229,1,231,4
231,1,233,1
231,2,233,2
231,3,234,1
231,4,234,2
233,1,236,1
234,1,236,2
239,1,242,1
239,2,242,2
239,3,242,3
239,4,243,1
239,5,243,2
239,6,243,3
239,7,244,1
239,8,244,2
239,9,244,3
239,10,245,1
240,1,245,2
240,2,245,3
242,0,247,1
243,0,247,2
244,0,247,3
245,0,247,4
242,0,248,1
243,0,248,2
244,0,248,3
245,0,248,4
242,0,249,1
243,0,249,2
244,0,249,3
245,0,249,4
247,3,251,1
248,3,251,2
249,3,251,3
251,1,253,1
251,2,253,2
247,1,255,1
253,0,255,2
247,2,256,1
249,2,256,2
248,1,257,1
253,0,257,2
249,1,258,1
248,2,258,2
255,1,260,1
256,1,260,2
257,1,261,1
258,1,261,2
260,2,263,1
261,2,263,2
260,1,265,1
261,1,265,2
269,0,273,1
270,0,273,2
270,0,273,3
270,0,273,4
271,0,273,5
271,0,273,6
269,0,274,1
269,0,274,2
269,0,274,3
269,0,274,4
269,0,274,5
270,0,275,1
270,0,275,2
270,0,275,3
270,0,275,4
270,0,275,5
270,0,275,6
270,0,275,7
270,0,275,8
271,0,275,9
271,0,275,10
271,0,275,11
271,0,275,12
271,0,275,13
271,0,275,14
271,0,275,15
275,0,277,1
275,0,277,2
275,0,277,3
275,0,277,4
275,0,277,5
275,0,277,6
275,0,277,7
275,0,277,8
275,0,277,9
275,0,277,10
275,0,277,11
273,1,279,1
273,2,279,2
273,3,279,3
273,4,279,4
273,5,279,5
273,6,279,6
282,0,286,1
283,0,286,2
283,0,286,3
283,0,286,4
284,0,286,5
284,0,286,6
282,0,287,1
282,0,287,2
282,0,287,3
282,0,287,4
282,0,287,5
283,0,288,1
283,0,288,2
283,0,288,3
283,0,288,4
283,0,288,5
283,0,288,6
283,0,288,7
283,0,288,8
284,0,288,9
284,0,288,10
284,0,288,11
284,0,288,12
284,0,288,13
284,0,288,14
284,0,288,15
288,0,290,1
288,0,290,2
288,0,290,3
288,0,290,4
288,0,290,5
288,0,290,6
288,0,290,7
288,0,290,8
288,0,290,9
286,1,292,1
286,2,292,2
286,3,292,3
286,4,292,4
286,5,292,5
286,6,292,6
299,7,301,1
299,9,301,2
299,8,302,1
299,10,302,2
299,1,304,1
301,1,304,2
299,2,305,1
302,1,305,2
299,3,306,1
299,6,306,2
299,4,307,1
299,5,307,2
304,1,309,1
307,1,309,2
305,1,310,1
306,1,310,2
309,1,312,1
310,1,312,2
319,1,321,1
319,16,321,2
319,2,322,1
319,15,322,2
319,3,323,1
319,14,323,2
319,4,324,1
319,13,324,2
319,5,325,1
319,12,325,2
319,6,326,1
319,11,326,2
319,7,327,1
319,10,327,2
319,8,328,1
319,9,328,2
321,1,330,1
328,1,330,2
322,1,331,1
327,1,331,2
323,1,332,1
326,1,332,2
324,1,333,1
325,1,333,2
330,1,335,1
333,1,335,2
331,1,336,1
332,1,336,2
335,1,338,1
336,1,338,2
341,1,343,1
341,2,343,2
341,3,343,3
341,4,343,4
341,5,343,5
341,6,343,6
347,5,349,1
347,12,349,2
347,6,350,1
347,11,350,2
347,7,351,1
347,10,351,2
347,8,352,1
347,9,352,2
347,1,354,1
352,1,354,2
347,2,355,1
351,1,355,2
347,3,356,1
350,1,356,2
347,4,357,1
349,1,357,2
354,1,359,1
357,1,359,2
355,1,360,1
356,1,360,2
359,1,362,1
360,1,362,2
372,1,374,1
372,2,374,2
372,3,374,3
372,4,374,4
372,5,374,5
372,6,374,6
372,7,374,7
372,8,374,8
372,9,374,9
372,10,374,10
372,11,374,11
372,12,374,12
372,13,374,13
372,14,374,14
372,15,374,15
372,16,374,16
372,17,374,17
372,18,374,18
372,19,374,19
372,20,374,20
372,21,374,21
372,22,374,22
372,23,374,23
372,24,374,24
374,1,376,1
374,2,376,2
374,3,377,1
374,4,377,2
374,5,378,1
374,6,378,2
374,7,379,1
374,8,379,2
374,9,380,1
374,10,380,2
374,11,381,1
374,12,381,2
374,13,382,1
374,14,382,2
374,15,383,1
374,16,383,2
376,2,385,1
376,1,385,2
377,2,386,1
377,1,386,2
378,2,387,1
378,1,387,2
379,2,388,1
379,1,388,2
380,2,389,1
380,1,389,2
381,2,390,1
381,1,390,2
382,2,391,1
382,1,391,2
383,2,392,1
383,1,392,2
374,17,394,25
374,18,394,26
374,19,394,27
374,20,394,28
374,21,394,29
374,22,394,30
374,23,394,31
374,24,394,32
385,1,394,33
386,1,394,34
387,1,394,35
388,1,394,36
389,1,394,37
390,1,394,38
391,1,394,39
392,1,394,40
394,1,396,1
394,2,396,2
394,3,397,1
394,4,397,2
394,5,398,1
394,6,398,2
394,7,399,1
394,8,399,2
394,9,400,1
394,10,400,2
394,11,401,1
394,12,401,2
394,13,402,1
394,14,402,2
394,15,403,1
394,16,403,2
394,17,404,1
394,18,404,2
394,19,405,1
394,20,405,2
394,21,406,1
394,22,406,2
394,23,407,1
394,24,407,2
394,25,408,1
394,26,408,2
394,27,409,1
394,28,409,2
394,29,410,1
394,30,410,2
394,31,411,1
394,32,411,2
394,33,412,1
394,34,412,2
394,35,413,1
394,36,413,2
394,37,414,1
394,38,414,2
394,39,415,1
394,40,415,2
396,2,417,1
396,1,417,2
397,2,418,1
397,1,418,2
398,2,419,1
398,1,419,2
399,2,420,1
399,1,420,2
400,2,421,1
400,1,421,2
401,2,422,1
401,1,422,2
402,2,423,1
402,1,423,2
403,2,424,1
403,1,424,2
404,2,425,1
404,1,425,2
405,2,426,1
405,1,426,2
406,2,427,1
406,1,427,2
407,2,428,1
407,1,428,2
408,2,429,1
408,1,429,2
409,2,430,1
409,1,430,2
410,2,431,1
410,1,431,2
411,2,432,1
411,1,432,2
412,2,433,1
412,1,433,2
413,2,434,1
413,1,434,2
414,2,435,1
414,1,435,2
415,2,436,1
415,1,436,2
417,1,438,45
418,1,438,46
419,1,438,47
420,1,438,48
421,1,438,49
422,1,438,50
423,1,438,51
424,1,438,52
425,1,438,53
426,1,438,54
427,1,438,55
428,1,438,56
429,1,438,57
430,1,438,58
431,1,438,59
432,1,438,60
433,1,438,61
434,1,438,62
435,1,438,63
436,1,438,64
438,1,440,1
438,2,440,2
438,3,441,1
438,4,441,2
438,5,442,1
438,6,442,2
438,7,443,1
438,8,443,2
438,9,444,1
438,10,444,2
438,11,445,1
438,12,445,2
438,13,446,1
438,14,446,2
438,15,447,1
438,16,447,2
438,17,448,1
438,18,448,2
438,19,449,1
438,20,449,2
438,21,450,1
438,22,450,2
438,23,451,1
438,24,451,2
438,25,452,1
438,26,452,2
438,27,453,1
438,28,453,2
438,29,454,1
438,30,454,2
438,31,455,1
438,32,455,2
438,33,456,1
438,34,456,2
438,35,457,1
438,36,457,2
438,37,458,1
438,38,458,2
438,39,459,1
438,40,459,2
438,41,460,1
438,42,460,2
438,43,461,1
438,44,461,2
438,45,462,1
438,46,462,2
438,47,463,1
438,48,463,2
438,49,464,1
438,50,464,2
438,51,465,1
438,52,465,2
438,53,466,1
438,54,466,2
438,55,467,1
438,56,467,2
438,57,468,1
438,58,468,2
438,59,469,1
438,60,469,2
438,61,470,1
438,62,470,2
438,63,471,1
438,64,471,2
440,2,473,1
440,1,473,2
441,2,474,1
441,1,474,2
442,2,475,1
442,1,475,2
443,2,476,1
443,1,476,2
444,2,477,1
444,1,477,2
445,2,478,1
445,1,478,2
446,2,479,1
446,1,479,2
447,2,480,1
447,1,480,2
448,2,481,1
448,1,481,2
449,2,482,1
449,1,482,2
450,2,483,1
450,1,483,2
451,2,484,1
451,1,484,2
452,2,485,1
452,1,485,2
453,2,486,1
453,1,486,2
454,2,487,1
454,1,487,2
455,2,488,1
455,1,488,2
456,2,489,1
456,1,489,2
457,2,490,1
457,1,490,2
458,2,491,1
458,1,491,2
459,2,492,1
459,1,492,2
460,2,493,1
460,1,493,2
461,2,494,1
461,1,494,2
462,2,495,1
462,1,495,2
463,2,496,1
463,1,496,2
464,2,497,1
464,1,497,2
465,2,498,1
465,1,498,2
466,2,499,1
466,1,499,2
467,2,500,1
467,1,500,2
468,2,501,1
468,1,501,2
469,2,502,1
469,1,502,2
470,2,503,1
470,1,503,2
471,2,504,1
471,1,504,2
473,1,506,1
474,1,506,2
475,1,506,3
476,1,506,4
477,1,506,5
478,1,506,6
479,1,506,7
480,1,506,8
481,1,506,9
482,1,506,10
483,1,506,11
484,1,506,12
485,1,506,13
486,1,506,14
487,1,506,15
488,1,506,16
489,1,506,17
490,1,506,18
491,1,506,19
492,1,506,20
493,1,506,21
494,1,506,22
495,1,506,23
496,1,506,24
497,1,506,25
498,1,506,26
499,1,506,27
500,1,506,28
501,1,506,29
502,1,506,30
503,1,506,31
504,1,506,32
506,1,508,1
506,2,508,2
506,3,509,1
506,4,509,2
506,5,510,1
506,6,510,2
506,7,511,1
506,8,511,2
506,9,512,1
506,10,512,2
506,11,513,1
506,12,513,2
506,13,514,1
506,14,514,2
506,15,515,1
506,16,515,2
506,17,516,1
506,18,516,2
506,19,517,1
506,20,517,2
506,21,518,1
506,22,518,2
506,23,519,1
506,24,519,2
506,25,520,1
506,26,520,2
506,27,521,1
506,28,521,2
506,29,522,1
506,30,522,2
506,31,523,1
506,32,523,2
508,2,525,1
508,1,525,2
509,2,526,1
509,1,526,2
510,2,527,1
510,1,527,2
511,2,528,1
511,1,528,2
512,2,529,1
512,1,529,2
513,2,530,1
513,1,530,2
514,2,531,1
514,1,531,2
515,2,532,1
515,1,532,2
516,2,533,1
516,1,533,2
517,2,534,1
517,1,534,2
518,2,535,1
518,1,535,2
519,2,536,1
519,1,536,2
520,2,537,1
520,1,537,2
521,2,538,1
521,1,538,2
522,2,539,1
522,1,539,2
523,2,540,1
523,1,540,2
525,1,542,1
526,1,542,2
527,1,542,3
528,1,542,4
529,1,542,5
530,1,542,6
531,1,542,7
532,1,542,8
533,1,542,9
534,1,542,10
535,1,542,11
536,1,542,12
537,1,542,13
538,1,542,14
539,1,542,15
540,1,542,16
542,1,544,1
542,2,544,2
542,3,545,1
542,4,545,2
542,5,546,1
542,6,546,2
542,7,547,1
542,8,547,2
542,9,548,1
542,10,548,2
542,11,549,1
542,12,549,2
542,13,550,1
542,14,550,2
542,15,551,1
542,16,551,2
544,2,553,1
544,1,553,2
545,2,554,1
545,1,554,2
546,2,555,1
546,1,555,2
547,2,556,1
547,1,556,2
548,2,557,1
548,1,557,2
549,2,558,1
549,1,558,2
550,2,559,1
550,1,559,2
551,2,560,1
551,1,560,2
553,1,562,1
554,1,562,2
555,1,562,3
556,1,562,4
557,1,562,5
558,1,562,6
559,1,562,7
560,1,562,8
562,1,564,1
562,2,564,2
562,3,565,1
562,4,565,2
562,5,566,1
562,6,566,2
562,7,567,1
562,8,567,2
564,2,569,1
564,1,569,2
565,2,570,1
565,1,570,2
566,2,571,1
566,1,571,2
567,2,572,1
567,1,572,2
569,1,574,1
570,1,574,2
571,1,574,3
572,1,574,4
574,1,576,1
574,2,576,2
574,3,577,1
574,4,577,2
576,1,579,1
577,1,579,2
582,1,585,1
582,2,585,2
582,3,585,3
582,4,585,4
582,5,585,5
582,6,585,6
582,7,585,7
582,8,585,8
582,9,585,9
582,10,585,10
582,11,585,11
582,12,585,12
582,13,585,13
582,14,585,14
582,15,585,15
582,16,585,16
582,17,585,17
582,18,585,18
582,19,585,19
582,20,585,20
582,21,585,21
582,22,585,22
582,23,585,23
582,24,585,24
582,25,585,25
582,26,585,26
582,27,585,27
582,28,585,28
582,29,585,29
582,30,585,30
582,31,585,31
582,32,585,32
582,33,585,33
582,34,585,34
582,35,585,35
582,36,585,36
582,37,585,37
582,38,585,38
582,39,585,39
582,40,585,40
582,41,585,41
582,42,585,42
582,43,585,43
582,44,585,44
582,45,585,45
582,46,585,46
582,47,585,47
582,48,585,48
582,49,585,49
582,50,585,50
582,51,585,51
582,52,585,52
582,53,585,53
582,54,585,54
582,55,585,55
582,56,585,56
582,57,585,57
582,58,585,58
582,59,585,59
582,60,585,60
582,61,585,61
582,62,585,62
582,63,585,63
582,64,585,64
582,65,585,65
582,66,585,66
582,67,585,67
582,68,585,68
582,69,585,69
582,70,585,70
582,71,585,71
582,72,585,72
585,1,587,1
585,2,587,2
585,3,588,1
585,4,588,2
585,5,589,1
585,6,589,2
585,7,590,1
585,8,590,2
585,9,591,1
585,10,591,2
585,11,592,1
585,12,592,2
585,13,593,1
585,14,593,2
585,15,594,1
585,16,594,2
585,17,595,1
585,18,595,2
585,19,596,1
585,20,596,2
585,21,597,1
585,22,597,2
585,23,598,1
585,24,598,2
585,25,599,1
585,26,599,2
585,27,600,1
585,28,600,2
585,29,601,1
585,30,601,2
585,31,602,1
585,32,602,2
585,33,603,1
585,34,603,2
585,35,604,1
585,36,604,2
585,37,605,1
585,38,605,2
585,39,606,1
585,40,606,2
585,41,607,1
585,42,607,2
585,43,608,1
585,44,608,2
585,45,609,1
585,46,609,2
585,47,610,1
585,48,610,2
585,49,611,1
585,50,611,2
585,51,612,1
585,52,612,2
585,53,613,1
585,54,613,2
585,55,614,1
585,56,614,2
585,57,615,1
585,58,615,2
585,59,616,1
585,60,616,2
585,61,617,1
585,62,617,2
585,63,618,1
585,64,618,2
585,65,619,1
585,66,619,2
585,67,620,1
585,68,620,2
585,69,621,1
585,70,621,2
585,71,622,1
585,72,622,2
583,9,624,1
583,10,624,2
583,11,624,3
583,12,624,4
583,13,624,5
583,14,624,6
583,15,624,7
583,16,624,8
583,17,624,9
583,18,624,10
583,19,624,11
583,20,624,12
587,1,624,13
588,1,624,14
589,1,624,15
590,1,624,16
591,1,624,17
592,1,624,18
593,1,624,19
594,1,624,20
595,1,624,21
596,1,624,22
597,1,624,23
598,1,624,24
599,1,624,25
600,1,624,26
601,1,624,27
602,1,624,28
603,1,624,29
604,1,624,30
605,1,624,31
606,1,624,32
607,1,624,33
608,1,624,34
609,1,624,35
610,1,624,36
611,1,624,37
612,1,624,38
613,1,624,39
614,1,624,40
615,1,624,41
616,1,624,42
617,1,624,43
618,1,624,44
619,1,624,45
620,1,624,46
621,1,624,47
622,1,624,48
624,1,626,1
624,2,626,2
624,3,627,1
624,4,627,2
624,5,628,1
624,6,628,2
624,7,629,1
624,8,629,2
624,9,630,1
624,10,630,2
624,11,631,1
624,12,631,2
624,13,632,1
624,14,632,2
624,15,633,1
624,16,633,2
624,17,634,1
624,18,634,2
624,19,635,1
624,20,635,2
624,21,636,1
624,22,636,2
624,23,637,1
624,24,637,2
624,25,638,1
624,26,638,2
624,27,639,1
624,28,639,2
624,29,640,1
624,30,640,2
624,31,641,1
624,32,641,2
624,33,642,1
624,34,642,2
624,35,643,1
624,36,643,2
624,37,644,1
624,38,644,2
624,39,645,1
624,40,645,2
624,41,646,1
624,42,646,2
624,43,647,1
624,44,647,2
624,45,648,1
624,46,648,2
624,47,649,1
624,48,649,2
583,1,651,1
583,2,651,2
583,3,651,3
583,4,651,4
583,5,651,5
583,6,651,6
583,7,651,7
583,8,651,8
626,1,651,9
627,1,651,10
628,1,651,11
629,1,651,12
630,1,651,13
631,1,651,14
632,1,651,15
633,1,651,16
634,1,651,17
635,1,651,18
636,1,651,19
637,1,651,20
638,1,651,21
639,1,651,22
640,1,651,23
641,1,651,24
642,1,651,25
643,1,651,26
644,1,651,27
645,1,651,28
646,1,651,29
647,1,651,30
648,1,651,31
649,1,651,32
651,1,653,1
651,2,653,2
651,3,654,1
651,4,654,2
651,5,655,1
651,6,655,2
651,7,656,1
651,8,656,2
651,9,657,1
651,10,657,2
651,11,658,1
651,12,658,2
651,13,659,1
651,14,659,2
651,15,660,1
651,16,660,2
651,17,661,1
651,18,661,2
651,19,662,1
651,20,662,2
651,21,663,1
651,22,663,2
651,23,664,1
651,24,664,2
651,25,665,1
651,26,665,2
651,27,666,1
651,28,666,2
651,29,667,1
651,30,667,2
651,31,668,1
651,32,668,2
653,1,670,1
654,1,670,2
655,1,670,3
656,1,670,4
657,1,670,5
658,1,670,6
659,1,670,7
660,1,670,8
661,1,670,9
662,1,670,10
663,1,670,11
664,1,670,12
665,1,670,13
666,1,670,14
667,1,670,15
668,1,670,16
670,1,672,1
670,2,672,2
670,3,673,1
670,4,673,2
670,5,674,1
670,6,674,2
670,7,675,1
670,8,675,2
670,9,676,1
670,10,676,2
670,11,677,1
670,12,677,2
670,13,678,1
670,14,678,2
670,15,679,1
670,16,679,2
672,1,681,1
673,1,681,2
674,1,681,3
675,1,681,4
676,1,681,5
677,1,681,6
678,1,681,7
679,1,681,8
681,1,683,1
681,2,683,2
681,3,684,1
681,4,684,2
681,5,685,1
681,6,685,2
681,7,686,1
681,8,686,2
683,1,688,1
684,1,688,2
685,1,688,3
686,1,688,4
688,1,690,1
688,2,690,2
688,3,691,1
688,4,691,2
690,1,693,1
691,1,693,2
696,1,698,1
696,2,698,2
696,3,698,3
696,4,698,4
696,5,698,5
696,6,698,6
696,7,698,7
696,8,698,8
696,9,698,9
696,10,698,10
696,11,698,11
696,12,698,12
696,13,698,13
696,14,698,14
696,15,698,15
696,16,698,16
696,17,698,17
696,18,698,18
696,19,698,19
696,20,698,20
696,21,698,21
696,22,698,22
696,23,698,23
696,24,698,24
696,25,698,25
696,26,698,26
696,27,698,27
696,28,698,28
696,29,698,29
696,30,698,30
696,31,698,31
696,32,698,32
696,33,698,33
696,34,698,34
696,35,698,35
696,36,698,36
696,37,698,37
696,38,698,38
696,39,698,39
696,40,698,40
696,41,698,41
696,42,698,42
696,43,698,43
696,44,698,44
696,45,698,45
696,46,698,46
696,47,698,47
696,48,698,48
698,1,700,1
698,2,700,2
698,3,700,3
698,4,700,4
698,5,700,5
698,6,700,6
698,7,700,7
698,8,700,8
698,25,701,1
698,26,701,2
698,27,701,3
698,28,701,4
698,29,701,5
698,30,701,6
698,31,701,7
698,32,701,8
698,9,704,1
698,10,704,2
698,11,705,1
698,12,705,2
698,13,706,1
698,14,706,2
698,15,707,1
698,16,707,2
698,17,709,1
698,18,709,2
698,19,710,1
698,20,710,2
698,21,711,1
698,22,711,2
698,23,712,1
698,24,712,2
698,33,714,1
698,34,714,2
698,35,715,1
698,36,715,2
698,37,716,1
698,38,716,2
698,39,717,1
698,40,717,2
698,41,719,1
698,42,719,2
698,43,720,1
698,44,720,2
698,45,721,1
698,46,721,2
698,47,722,1
698,48,722,2
700,1,724,1
700,2,724,2
700,3,724,3
700,4,724,4
700,5,724,5
700,6,724,6
700,7,724,7
700,8,724,8
704,1,724,9
705,1,724,10
706,1,724,11
707,1,724,12
709,1,724,13
710,1,724,14
711,1,724,15
712,1,724,16
701,1,725,1
701,2,725,2
701,3,725,3
701,4,725,4
701,5,725,5
701,6,725,6
701,7,725,7
701,8,725,8
714,1,725,9
715,1,725,10
716,1,725,11
717,1,725,12
719,1,725,13
720,1,725,14
721,1,725,15
722,1,725,16
724,1,728,1
724,2,728,2
724,3,729,1
724,4,729,2
724,5,730,1
724,6,730,2
724,7,731,1
724,8,731,2
724,9,732,1
724,10,732,2
724,11,733,1
724,12,733,2
724,13,734,1
724,14,734,2
724,15,735,1
724,16,735,2
725,1,737,1
725,2,737,2
725,3,738,1
725,4,738,2
725,5,739,1
725,6,739,2
725,7,740,1
725,8,740,2
725,9,741,1
725,10,741,2
725,11,742,1
725,12,742,2
725,13,743,1
725,14,743,2
725,15,744,1
725,16,744,2
728,1,746,1
729,1,746,2
730,1,746,3
731,1,746,4
732,1,746,5
733,1,746,6
734,1,746,7
735,1,746,8
737,1,747,1
738,1,747,2
739,1,747,3
740,1,747,4
741,1,747,5
742,1,747,6
743,1,747,7
744,1,747,8
746,1,750,1
746,2,750,2
746,3,751,1
746,4,751,2
746,5,752,1
746,6,752,2
746,7,753,1
746,8,753,2
747,1,755,1
747,2,755,2
747,3,756,1
747,4,756,2
747,5,757,1
747,6,757,2
747,7,758,1
747,8,758,2
750,1,760,1
751,1,760,2
752,1,760,3
753,1,760,4
755,1,761,1
756,1,761,2
757,1,761,3
758,1,761,4
760,1,764,1
760,2,764,2
760,3,765,1
760,4,765,2
761,1,767,1
761,2,767,2
761,3,768,1
761,4,768,2
764,1,770,1
765,1,770,2
767,1,771,1
768,1,771,2
770,1,773,1
771,1,773,2
779,6,790,1
779,3,790,2
779,5,791,1
779,4,791,2
791,1,793,1
790,1,793,2
782,6,798,1
782,3,798,2
782,5,799,1
782,4,799,2
799,1,801,1
798,1,801,2
785,7,806,1
785,4,806,2
785,6,807,1
785,5,807,2
807,1,809,1
806,1,809,2
817,1,819,1
817,2,819,2
817,3,819,3
817,4,819,4
817,5,819,5
817,6,819,6
817,7,819,7
817,8,819,8
817,9,819,9
817,10,819,10
817,11,819,11
817,12,819,12
817,13,819,13
817,14,819,14
817,15,819,15
817,16,819,16
817,17,819,17
817,18,819,18
817,19,819,19
817,20,819,20
819,1,821,1
819,2,821,2
819,3,822,1
819,4,822,2
819,5,823,1
819,6,823,2
819,7,824,1
819,8,824,2
819,9,825,1
819,10,825,2
819,11,826,1
819,12,826,2
819,13,827,1
819,14,827,2
819,15,828,1
819,16,828,2
816,1,830,1
816,2,830,2
816,3,830,3
816,4,830,4
816,5,830,5
816,6,830,6
816,7,830,7
816,8,830,8
816,9,830,9
816,10,830,10
816,11,830,11
816,12,830,12
816,13,830,13
816,14,830,14
816,15,830,15
816,16,830,16
816,17,830,17
816,18,830,18
816,19,830,19
816,20,830,20
819,17,830,21
819,18,830,22
819,19,830,23
819,20,830,24
821,1,830,25
822,1,830,26
823,1,830,27
824,1,830,28
825,1,830,29
826,1,830,30
827,1,830,31
828,1,830,32
830,1,832,1
830,2,832,2
830,3,833,1
830,4,833,2
830,5,834,1
830,6,834,2
830,7,835,1
830,8,835,2
830,9,836,1
830,10,836,2
830,11,837,1
830,12,837,2
830,13,838,1
830,14,838,2
830,15,839,1
830,16,839,2
830,17,840,1
830,18,840,2
830,19,841,1
830,20,841,2
830,21,842,1
830,22,842,2
830,23,843,1
830,24,843,2
830,25,844,1
830,26,844,2
830,27,845,1
830,28,845,2
830,29,846,1
830,30,846,2
830,31,847,1
830,32,847,2
832,1,849,1
833,1,849,2
834,1,849,3
835,1,849,4
836,1,849,5
837,1,849,6
838,1,849,7
839,1,849,8
840,1,849,9
841,1,849,10
842,1,849,11
843,1,849,12
844,1,849,13
845,1,849,14
846,1,849,15
847,1,849,16
849,1,851,1
849,2,851,2
849,3,852,1
849,4,852,2
849,5,853,1
849,6,853,2
849,7,854,1
849,8,854,2
849,9,855,1
849,10,855,2
849,11,856,1
849,12,856,2
849,13,857,1
849,14,857,2
849,15,858,1
849,16,858,2
851,1,860,1
852,1,860,2
853,1,860,3
854,1,860,4
855,1,860,5
856,1,860,6
857,1,860,7
858,1,860,8
860,1,862,1
860,2,862,2
860,3,863,1
860,4,863,2
860,5,864,1
860,6,864,2
860,7,865,1
860,8,865,2
862,1,867,1
863,1,867,2
864,1,867,3
865,1,867,4
867,1,869,1
867,2,869,2
867,3,870,1
867,4,870,2
869,1,872,1
870,1,872,2
876,1,878,1
876,2,878,2
876,3,878,3
876,4,878,4
876,5,878,5
876,6,878,6
876,7,878,7
876,8,878,8
876,9,878,9
876,10,878,10
876,11,878,11
876,12,878,12
876,13,878,13
876,14,878,14
876,15,878,15
876,16,878,16
876,17,878,17
876,18,878,18
876,19,878,19
876,20,878,20
878,1,880,1
878,2,880,2
878,3,881,1
878,4,881,2
878,5,882,1
878,6,882,2
878,7,883,1
878,8,883,2
878,9,884,1
878,10,884,2
878,11,885,1
878,12,885,2
878,13,886,1
878,14,886,2
878,15,887,1
878,16,887,2
875,1,889,1
875,2,889,2
875,3,889,3
875,4,889,4
875,5,889,5
875,6,889,6
875,7,889,7
875,8,889,8
875,9,889,9
875,10,889,10
875,11,889,11
875,12,889,12
875,13,889,13
875,14,889,14
875,15,889,15
875,16,889,16
875,17,889,17
875,18,889,18
875,19,889,19
875,20,889,20
878,17,889,21
878,18,889,22
878,19,889,23
878,20,889,24
880,1,889,25
881,1,889,26
882,1,889,27
883,1,889,28
884,1,889,29
885,1,889,30
886,1,889,31
887,1,889,32
889,1,891,1
889,2,891,2
889,3,892,1
889,4,892,2
889,5,893,1
889,6,893,2
889,7,894,1
889,8,894,2
889,9,895,1
889,10,895,2
889,11,896,1
889,12,896,2
889,13,897,1
889,14,897,2
889,15,898,1
889,16,898,2
889,17,899,1
889,18,899,2
889,19,900,1
889,20,900,2
889,21,901,1
889,22,901,2
889,23,902,1
889,24,902,2
889,25,903,1
889,26,903,2
889,27,904,1
889,28,904,2
889,29,905,1
889,30,905,2
889,31,906,1
889,32,906,2
891,1,908,1
892,1,908,2
893,1,908,3
894,1,908,4
895,1,908,5
896,1,908,6
897,1,908,7
898,1,908,8
899,1,908,9
900,1,908,10
901,1,908,11
902,1,908,12
903,1,908,13
904,1,908,14
905,1,908,15
906,1,908,16
908,1,910,1
908,2,910,2
908,3,911,1
908,4,911,2
908,5,912,1
908,6,912,2
908,7,913,1
908,8,913,2
908,9,914,1
908,10,914,2
908,11,915,1
908,12,915,2
908,13,916,1
908,14,916,2
908,15,917,1
908,16,917,2
910,1,919,1
911,1,919,2
912,1,919,3
913,1,919,4
914,1,919,5
915,1,919,6
916,1,919,7
917,1,919,8
919,1,921,1
919,2,921,2
919,3,922,1
919,4,922,2
919,5,923,1
919,6,923,2
919,7,924,1
919,8,924,2
921,1,926,1
922,1,926,2
923,1,926,3
924,1,926,4
926,1,928,1
926,2,928,2
926,3,929,1
926,4,929,2
928,1,931,1
929,1,931,2
942,1,944,1
942,2,944,2
942,3,944,3
942,4,944,4
942,5,944,5
942,6,944,6
942,7,944,7
942,8,944,8
942,9,944,9
942,10,944,10
942,11,944,11
942,12,944,12
942,13,944,13
942,14,944,14
942,15,944,15
942,16,944,16
942,17,944,17
942,18,944,18
944,1,946,1
944,2,946,2
944,3,947,1
944,4,947,2
944,5,948,1
944,6,948,2
944,7,949,1
944,8,949,2
941,1,951,1
941,2,951,2
941,3,951,3
941,4,951,4
941,5,951,5
941,6,951,6
941,7,951,7
941,8,951,8
941,9,951,9
941,10,951,10
941,11,951,11
941,12,951,12
941,13,951,13
941,14,951,14
941,15,951,15
941,16,951,16
941,17,951,17
941,18,951,18
944,9,951,19
944,10,951,20
944,11,951,21
944,12,951,22
944,13,951,23
944,14,951,24
944,15,951,25
944,16,951,26
944,17,951,27
944,18,951,28
946,1,951,29
947,1,951,30
948,1,951,31
949,1,951,32
951,1,953,1
951,2,953,2
951,3,954,1
951,4,954,2
951,5,955,1
951,6,955,2
951,7,956,1
951,8,956,2
951,9,957,1
951,10,957,2
951,11,958,1
951,12,958,2
951,13,959,1
951,14,959,2
951,15,960,1
951,16,960,2
951,17,961,1
951,18,961,2
951,19,962,1
951,20,962,2
951,21,963,1
951,22,963,2
951,23,964,1
951,24,964,2
951,25,965,1
951,26,965,2
951,27,966,1
951,28,966,2
951,29,967,1
951,30,967,2
951,31,968,1
951,32,968,2
953,1,970,1
954,1,970,2
955,1,970,3
956,1,970,4
957,1,970,5
958,1,970,6
959,1,970,7
960,1,970,8
961,1,970,9
962,1,970,10
963,1,970,11
964,1,970,12
965,1,970,13
966,1,970,14
967,1,970,15
968,1,970,16
970,1,972,1
970,2,972,2
970,3,973,1
970,4,973,2
970,5,974,1
970,6,974,2
970,7,975,1
970,8,975,2
970,9,976,1
970,10,976,2
970,11,977,1
970,12,977,2
970,13,978,1
970,14,978,2
970,15,979,1
970,16,979,2
972,1,981,1
973,1,981,2
974,1,981,3
975,1,981,4
976,1,981,5
977,1,981,6
978,1,981,7
979,1,981,8
981,1,983,1
981,2,983,2
981,3,984,1
981,4,984,2
981,5,985,1
981,6,985,2
981,7,986,1
981,8,986,2
983,1,988,1
984,1,988,2
985,1,988,3
986,1,988,4
988,1,990,1
988,2,990,2
988,3,991,1
988,4,991,2
990,1,993,1
991,1,993,2
996,16,1004,1
999,3,1004,2
1008,6,1010,1
1008,11,1010,2
1008,7,1011,1
1008,10,1011,2
1008,8,1012,1
1008,9,1012,2
1008,5,1013,1
1008,12,1013,2
1010,2,1015,1
1010,1,1015,2
1011,2,1016,1
1011,1,1016,2
1012,2,1017,1
1012,1,1017,2
1013,2,1018,1
1013,1,1018,2
1008,1,1020,1
1015,1,1020,2
1008,2,1021,1
1016,1,1021,2
1008,3,1022,1
1017,1,1022,2
1008,4,1023,1
1018,1,1023,2
1020,2,1025,1
1020,1,1025,2
1021,2,1026,1
1021,1,1026,2
1022,2,1027,1
1022,1,1027,2
1023,2,1028,1
1023,1,1028,2
1025,1,1030,1
1028,1,1030,2
1026,1,1031,1
1027,1,1031,2
1030,1,1033,1
1031,1,1033,2
1044,1,1046,1
1044,2,1046,2
1044,3,1046,3
1044,4,1046,4
1044,5,1046,5
1044,6,1046,6
1044,7,1046,7
1044,8,1046,8
1044,9,1046,9
1044,10,1046,10
1044,11,1046,11
1044,12,1046,12
1044,13,1046,13
1044,14,1046,14
1044,15,1046,15
1044,16,1046,16
1044,17,1046,17
1044,18,1046,18
1044,19,1046,19
1044,20,1046,20
1044,21,1046,21
1044,22,1046,22
1046,19,1048,1
1046,20,1048,2
1046,21,1049,1
1046,22,1049,2
1043,9,1051,1
1046,1,1051,2
1046,16,1052,1
1049,1,1052,2
1043,13,1053,1
1046,5,1053,2
1043,20,1054,1
1046,12,1054,2
1043,12,1055,1
1046,4,1055,2
1046,13,1056,1
1046,18,1056,2
1043,16,1057,1
1046,8,1057,2
1043,17,1058,1
1046,9,1058,2
1043,10,1059,1
1046,2,1059,2
1046,15,1060,1
1048,1,1060,2
1043,14,1061,1
1046,6,1061,2
1043,19,1062,1
1046,11,1062,2
1043,11,1063,1
1046,3,1063,2
1046,14,1064,1
1046,17,1064,2
1043,15,1065,1
1046,7,1065,2
1043,18,1066,1
1046,10,1066,2
1051,1,1068,1
1052,1,1068,2
1053,1,1069,1
1054,1,1069,2
1055,1,1070,1
1056,1,1070,2
1057,1,1071,1
1058,1,1071,2
1059,1,1072,1
1060,1,1072,2
1061,1,1073,1
1062,1,1073,2
1063,1,1074,1
1064,1,1074,2
1065,1,1075,1
1066,1,1075,2
1043,1,1077,1
1075,1,1077,2
1043,8,1078,1
1068,1,1078,2
1043,4,1079,1
1072,1,1079,2
1043,5,1080,1
1071,1,1080,2
1043,2,1081,1
1074,1,1081,2
1043,7,1082,1
1069,1,1082,2
1043,3,1083,1
1073,1,1083,2
1043,6,1084,1
1070,1,1084,2
1077,1,1086,1
1078,1,1086,2
1079,1,1087,1
1080,1,1087,2
1081,1,1088,1
1082,1,1088,2
1083,1,1089,1
1084,1,1089,2
1086,1,1091,1
1087,1,1091,2
1088,1,1092,1
1089,1,1092,2
1091,1,1094,1
1092,1,1094,2
1104,15,1106,1
1104,18,1106,2
1104,16,1107,1
1104,17,1107,2
1104,1,1109,1
1106,1,1109,2
1104,2,1110,1
1107,1,1110,2
1104,3,1111,1
1104,14,1111,2
1104,4,1112,1
1104,13,1112,2
1104,5,1113,1
1104,12,1113,2
1104,6,1114,1
1104,11,1114,2
1104,7,1115,1
1104,10,1115,2
1104,8,1116,1
1104,9,1116,2
1109,1,1118,1
1116,1,1118,2
1110,1,1119,1
1115,1,1119,2
1111,1,1120,1
1114,1,1120,2
1112,1,1121,1
1113,1,1121,2
1118,1,1123,1
1121,1,1123,2
1119,1,1124,1
1120,1,1124,2
1123,1,1126,1
1124,1,1126,2
1133,1,1135,1
1133,16,1135,2
1133,2,1136,1
1133,15,1136,2
1133,3,1137,1
1133,14,1137,2
1133,4,1138,1
1133,13,1138,2
1133,5,1139,1
1133,12,1139,2
1133,6,1140,1
1133,11,1140,2
1133,7,1141,1
1133,10,1141,2
1133,8,1142,1
1133,9,1142,2
1135,1,1144,1
1142,1,1144,2
1136,1,1145,1
1141,1,1145,2
1137,1,1146,1
1140,1,1146,2
1138,1,1147,1
1139,1,1147,2
1144,1,1149,1
1147,1,1149,2
1145,1,1150,1
1146,1,1150,2
1149,1,1152,1
1150,1,1152,2
1159,1,1161,1
1159,16,1161,2
1159,2,1162,1
1159,15,1162,2
1159,3,1163,1
1159,14,1163,2
1159,4,1164,1
1159,13,1164,2
1159,5,1165,1
1159,12,1165,2
1159,6,1166,1
1159,11,1166,2
1159,7,1167,1
1159,10,1167,2
1159,8,1168,1
1159,9,1168,2
1161,1,1170,1
1168,1,1170,2
1162,1,1171,1
1167,1,1171,2
1163,1,1172,1
1166,1,1172,2
1164,1,1173,1
1165,1,1173,2
1170,1,1175,1
1173,1,1175,2
1171,1,1176,1
1172,1,1176,2
1175,1,1178,1
1176,1,1178,2
1181,1,1183,1
1181,2,1183,2
1181,3,1183,3
1181,4,1183,4
1181,5,1183,5
1181,6,1183,6
1181,7,1183,7
1181,8,1183,8
1181,9,1184,1
1181,10,1184,2
1181,11,1184,3
1181,12,1184,4
1181,13,1184,5
1181,14,1184,6
1181,15,1184,7
1181,16,1184,8
1188,1,1190,1
1188,16,1190,2
1188,2,1191,1
1188,15,1191,2
1188,3,1192,1
1188,14,1192,2
1188,4,1193,1
1188,13,1193,2
1188,5,1194,1
1188,12,1194,2
1188,6,1195,1
1188,11,1195,2
1188,7,1196,1
1188,10,1196,2
1188,8,1197,1
1188,9,1197,2
1190,1,1199,1
1197,1,1199,2
1191,1,1200,1
1196,1,1200,2
1192,1,1201,1
1195,1,1201,2
1193,1,1202,1
1194,1,1202,2
1199,1,1204,1
1202,1,1204,2
1200,1,1205,1
1201,1,1205,2
1204,1,1207,1
1205,1,1207,2
1214,1,1216,1
1214,16,1216,2
1214,2,1217,1
1214,15,1217,2
1214,3,1218,1
1214,14,1218,2
1214,4,1219,1
1214,13,1219,2
1214,5,1220,1
1214,12,1220,2
1214,6,1221,1
1214,11,1221,2
1214,7,1222,1
1214,10,1222,2
1214,8,1223,1
1214,9,1223,2
1216,1,1225,1
1223,1,1225,2
1217,1,1226,1
1222,1,1226,2
1218,1,1227,1
1221,1,1227,2
1219,1,1228,1
1220,1,1228,2
1225,1,1230,1
1228,1,1230,2
1226,1,1231,1
1227,1,1231,2
1230,1,1233,1
1231,1,1233,2
1240,5,1242,1
1240,12,1242,2
1240,6,1243,1
1240,11,1243,2
1240,7,1244,1
1240,10,1244,2
1240,8,1245,1
1240,9,1245,2
1242,2,1247,1
1242,1,1247,2
1243,2,1248,1
1243,1,1248,2
1244,2,1249,1
1244,1,1249,2
1245,2,1250,1
1245,1,1250,2
1240,1,1252,1
1247,1,1252,2
1240,2,1253,1
1248,1,1253,2
1240,3,1254,1
1249,1,1254,2
1240,4,1255,1
1250,1,1255,2
1252,2,1257,1
1252,1,1257,2
1253,2,1258,1
1253,1,1258,2
1254,2,1259,1
1254,1,1259,2
1255,2,1260,1
1255,1,1260,2
1257,1,1262,1
1260,1,1262,2
1258,1,1263,1
1259,1,1263,2
1262,1,1265,1
1263,1,1265,2
1268,1,1270,1
1268,2,1270,2
1268,3,1270,3
1268,4,1270,4
1268,5,1270,5
1268,6,1270,6
1268,7,1271,1
1268,8,1271,2
1268,9,1271,3
1268,10,1271,4
1268,11,1271,5
1268,12,1271,6
1279,1,1281,1
1279,2,1281,2
1279,3,1281,3
1279,4,1281,4
1279,5,1281,5
1279,6,1281,6
1279,7,1281,7
1279,8,1281,8
1279,9,1281,9
1279,10,1281,10
1279,11,1281,11
1279,12,1281,12
1279,13,1281,13
1279,14,1281,14
1279,15,1281,15
1279,16,1281,16
1279,17,1281,17
1279,18,1281,18
1279,19,1281,19
1279,20,1281,20
1279,21,1281,21
1279,22,1281,22
1281,3,1283,1
1281,4,1283,2
1281,5,1284,1
1281,6,1284,2
1281,7,1285,1
1281,8,1285,2
1281,9,1286,1
1281,10,1286,2
1281,11,1287,1
1281,12,1287,2
1281,13,1288,1
1281,14,1288,2
1281,15,1289,1
1281,16,1289,2
1281,17,1290,1
1281,18,1290,2
1281,19,1291,1
1281,20,1291,2
1281,21,1292,1
1281,22,1292,2
1278,1,1294,1
1281,1,1294,2
1278,8,1295,1
1287,1,1295,2
1278,9,1296,1
1286,1,1296,2
1278,16,1297,1
1278,17,1297,2
1278,4,1298,1
1291,1,1298,2
1278,5,1299,1
1290,1,1299,2
1278,12,1300,1
1283,1,1300,2
1278,13,1301,1
1278,20,1301,2
1278,2,1302,1
1281,2,1302,2
1278,7,1303,1
1288,1,1303,2
1278,10,1304,1
1285,1,1304,2
1278,15,1305,1
1278,18,1305,2
1278,3,1306,1
1292,1,1306,2
1278,6,1307,1
1289,1,1307,2
1278,11,1308,1
1284,1,1308,2
1278,14,1309,1
1278,19,1309,2
1294,1,1311,1
1295,1,1311,2
1296,1,1312,1
1297,1,1312,2
1298,1,1313,1
1299,1,1313,2
1300,1,1314,1
1301,1,1314,2
1302,1,1315,1
1303,1,1315,2
1304,1,1316,1
1305,1,1316,2
1306,1,1317,1
1307,1,1317,2
1308,1,1318,1
1309,1,1318,2
1311,1,1320,1
1312,1,1320,2
1313,1,1321,1
1314,1,1321,2
1315,1,1322,1
1316,1,1322,2
1317,1,1323,1
1318,1,1323,2
1320,1,1325,1
1321,1,1325,2
1322,1,1326,1
1323,1,1326,2
1325,1,1328,1
1326,1,1328,2
1334,6,1339,1
1334,3,1339,2
1334,5,1340,1
1334,4,1340,2
1340,1,1342,1
1339,1,1342,2
1346,1,1348,1
1346,16,1348,2
1346,2,1349,1
1346,15,1349,2
1346,3,1350,1
1346,14,1350,2
1346,4,1351,1
1346,13,1351,2
1346,5,1352,1
1346,12,1352,2
1346,6,1353,1
1346,11,1353,2
1346,7,1354,1
1346,10,1354,2
1346,8,1355,1
1346,9,1355,2
1348,1,1357,1
1355,1,1357,2
1349,1,1358,1
1354,1,1358,2
1350,1,1359,1
1353,1,1359,2
1351,1,1360,1
1352,1,1360,2
1357,1,1362,1
1360,1,1362,2
1358,1,1363,1
1359,1,1363,2
1362,1,1365,1
1363,1,1365,2
1372,7,1374,1
1372,10,1374,2
1372,8,1375,1
1372,9,1375,2
1372,1,1377,1
1374,1,1377,2
1372,2,1378,1
1375,1,1378,2
1372,3,1379,1
1372,6,1379,2
1372,4,1380,1
1372,5,1380,2
1377,1,1382,1
1380,1,1382,2
1378,1,1383,1
1379,1,1383,2
1382,1,1385,1
1383,1,1385,2
1396,0,1398,1
1402,13,1404,1
1402,16,1404,2
1402,14,1405,1
1402,15,1405,2
1402,7,1407,1
1404,1,1407,2
1402,9,1408,1
1402,12,1408,2
1402,8,1409,1
1405,1,1409,2
1402,10,1410,1
1402,11,1410,2
1407,1,1412,1
1408,1,1412,2
1409,1,1413,1
1410,1,1413,2
1402,1,1415,1
1412,1,1415,2
1402,3,1416,1
1402,6,1416,2
1402,2,1417,1
1413,1,1417,2
1402,5,1418,1
1402,4,1418,2
1415,1,1420,1
1416,1,1420,2
1417,1,1421,1
1418,1,1421,2
1420,1,1423,1
1421,1,1423,2
1426,4,1429,1
1426,5,1429,2
1427,4,1430,1
1427,5,1430,2
1429,1,1433,1
1426,1,1433,2
1426,3,1434,1
1426,2,1434,2
1430,1,1436,1
1427,1,1436,2
1427,3,1437,1
1427,2,1437,2
1433,1,1439,1
1434,1,1439,2
1436,1,1440,1
1437,1,1440,2
1439,2,1442,1
1439,1,1442,2
1440,2,1443,1
1440,1,1443,2
1442,1,1445,1
1443,1,1445,2
1445,1,1447,1
1445,2,1447,2
1451,8,1453,1
1451,1,1453,2
1451,7,1454,1
1451,2,1454,2
1451,6,1455,1
1451,3,1455,2
1451,5,1456,1
1451,4,1456,2
1453,1,1458,1
1454,1,1458,2
1455,1,1458,3
1456,1,1458,4
1458,4,1460,1
1458,1,1460,2
1458,3,1461,1
1458,2,1461,2
1460,1,1463,1
1461,1,1463,2
1463,2,1465,1
1463,1,1465,2
1468,8,1470,1
1468,1,1470,2
1468,7,1471,1
1468,2,1471,2
1468,6,1472,1
1468,3,1472,2
1468,5,1473,1
1468,4,1473,2
1470,1,1475,1
1471,1,1475,2
1472,1,1475,3
1473,1,1475,4
1475,4,1477,1
1475,1,1477,2
1475,3,1478,1
1475,2,1478,2
1477,1,1480,1
1478,1,1480,2
1480,2,1482,1
1480,1,1482,2
1489,0,1491,1
1495,3,1497,1
1495,6,1497,2
1495,4,1498,1
1495,5,1498,2
1497,1,1500,1
1498,1,1500,2
1495,1,1502,1
1500,2,1502,2
1495,2,1503,1
1500,1,1503,2
1502,1,1505,1
1503,1,1505,2
1505,1,1507,1
1505,2,1507,2
1511,1,1513,1
1511,2,1513,2
1511,3,1513,3
1511,4,1513,4
1511,5,1513,5
1511,6,1513,6
1511,7,1514,1
1511,8,1514,2
1511,9,1514,3
1511,10,1514,4
1511,11,1514,5
1511,12,1514,6
1518,3,1520,1
1518,14,1520,2
1518,4,1521,1
1518,13,1521,2
1518,5,1522,1
1518,12,1522,2
1518,6,1523,1
1518,11,1523,2
1518,7,1524,1
1518,10,1524,2
1518,8,1525,1
1518,9,1525,2
1518,1,1527,1
1523,1,1527,2
1520,1,1528,1
1525,1,1528,2
1521,1,1529,1
1524,1,1529,2
1518,2,1530,1
1522,1,1530,2
1527,1,1532,1
1530,1,1532,2
1528,1,1533,1
1529,1,1533,2
1532,1,1535,1
1533,1,1535,2
1535,1,1541,1
1535,2,1541,2
1541,1,1543,1
1541,8,1543,2
1541,2,1544,1
1541,7,1544,2
1541,3,1545,1
1541,6,1545,2
1541,4,1546,1
1541,5,1546,2
1543,1,1548,1
1546,1,1548,2
1544,1,1549,1
1545,1,1549,2
1548,2,1551,1
1549,2,1551,2
1548,1,1553,1
1549,1,1553,2
1560,1,1562,1
1560,5,1562,2
1560,9,1562,3
1560,13,1562,4
1560,2,1563,1
1560,6,1563,2
1560,10,1563,3
1560,14,1563,4
1560,3,1564,1
1560,7,1564,2
1560,11,1564,3
1560,15,1564,4
1560,4,1565,1
1560,8,1565,2
1560,12,1565,3
1560,16,1565,4
1562,1,1567,1
1562,2,1567,2
1563,1,1567,3
1563,2,1567,4
1564,1,1567,5
1564,2,1567,6
1565,1,1567,7
1565,2,1567,8
1567,8,1569,1
1567,1,1569,2
1567,7,1570,1
1567,2,1570,2
1567,6,1571,1
1567,3,1571,2
1567,5,1572,1
1567,4,1572,2
1569,1,1574,1
1570,1,1574,2
1571,1,1574,3
1572,1,1574,4
1574,4,1576,1
1574,1,1576,2
1574,3,1577,1
1574,2,1577,2
1576,1,1579,1
1577,1,1579,2
1579,2,1581,1
1579,1,1581,2
1585,1,1590,1
1588,1,1590,2
1594,8,1596,1
1594,1,1596,2
1594,7,1597,1
1594,2,1597,2
1594,6,1598,1
1594,3,1598,2
1594,5,1599,1
1594,4,1599,2
1596,1,1601,1
1597,1,1601,2
1598,1,1601,3
1599,1,1601,4
1601,4,1603,1
1601,1,1603,2
1601,3,1604,1
1601,2,1604,2
1603,1,1606,1
1604,1,1606,2
1606,2,1608,1
1606,1,1608,2
1611,8,1613,1
1611,1,1613,2
1611,7,1614,1
1611,2,1614,2
1611,6,1615,1
1611,3,1615,2
1611,5,1616,1
1611,4,1616,2
1613,1,1618,1
1614,1,1618,2
1615,1,1618,3
1616,1,1618,4
1618,4,1620,1
1618,1,1620,2
1618,3,1621,1
1618,2,1621,2
1620,1,1623,1
1621,1,1623,2
1623,2,1625,1
1623,1,1625,2
1629,1,1631,1
1629,3,1631,2
1629,5,1631,3
1629,7,1631,4
1629,2,1632,1
1629,4,1632,2
1629,6,1632,3
1629,8,1632,4
1631,1,1634,1
1632,1,1634,2
1634,2,1636,1
1634,1,1636,2
1639,1,1641,1
1639,3,1641,2
1639,5,1641,3
1639,7,1641,4
1639,2,1642,1
1639,4,1642,2
1639,6,1642,3
1639,8,1642,4
1641,1,1644,1
1642,1,1644,2
1644,2,1646,1
1644,1,1646,2
1650,0,1652,1
