3,0,5,1
3,0,5,2
3,0,5,3
3,0,5,4
3,0,6,1
3,0,6,2
3,0,6,3
3,0,6,4
5,1,8,1
6,2,8,2
6,1,9,1
5,2,9,2
8,2,11,1
9,2,11,2
8,1,13,1
9,1,13,2
19,1,22,1
19,2,22,2
19,3,22,3
19,4,22,4
19,5,22,5
19,6,22,6
19,7,23,1
19,8,23,2
19,9,23,3
19,10,24,1
19,11,24,2
19,12,24,3
19,13,24,4
19,14,24,5
19,15,24,6
19,16,24,7
18,3,24,8
18,4,24,9
20,1,25,1
20,2,25,2
20,3,26,1
20,4,26,2
20,5,26,3
16,1,27,1
16,2,27,2
16,3,27,3
16,4,27,4
17,1,28,1
17,2,28,2
17,3,29,1
18,1,30,1
18,2,30,2
22,0,32,1
23,0,32,2
24,0,32,3
26,0,32,4
22,0,33,1
24,0,33,2
30,0,33,3
26,0,33,4
22,0,34,1
24,0,34,2
28,0,34,3
26,0,34,4
25,0,35,1
23,0,35,2
24,0,35,3
29,0,35,4
22,0,36,1
24,0,36,2
24,0,36,3
27,0,36,4
22,0,37,1
24,0,37,2
30,0,37,3
27,0,37,4
22,0,38,1
24,0,38,2
28,0,38,3
27,0,38,4
25,0,39,1
23,0,39,2
24,0,39,3
27,0,39,4
32,1,41,1
32,2,41,2
32,3,41,3
32,4,41,4
33,1,42,1
33,2,42,2
33,3,42,3
33,4,42,4
34,1,43,1
34,2,43,2
34,3,43,3
34,4,43,4
35,1,44,1
35,2,44,2
35,3,44,3
35,4,44,4
36,1,45,1
36,2,45,2
36,3,45,3
36,4,45,4
37,1,46,1
37,2,46,2
37,3,46,3
37,4,46,4
38,1,47,1
38,2,47,2
38,3,47,3
38,4,47,4
39,1,48,1
39,2,48,2
39,3,48,3
39,4,48,4
41,1,50,1
42,2,50,2
43,1,51,1
44,2,51,2
45,1,52,1
46,2,52,2
47,1,53,1
48,2,53,2
42,1,54,1
41,2,54,2
44,1,55,1
43,2,55,2
46,1,56,1
45,2,56,2
48,1,57,1
47,2,57,2
50,1,59,1
51,1,59,2
52,1,60,1
53,1,60,2
54,1,61,1
55,1,61,2
56,1,62,1
57,1,62,2
59,1,64,1
60,1,64,2
61,1,65,1
62,1,65,2
64,2,67,1
65,2,67,2
64,1,69,1
65,1,69,2
72,0,75,1
73,0,75,2
72,0,76,1
73,0,76,2
75,2,78,1
76,2,78,2
75,1,80,1
76,1,80,2
83,0,88,1
84,0,88,2
85,0,88,3
86,0,88,4
83,0,89,1
84,0,89,2
85,0,89,3
86,0,89,4
83,0,90,1
84,0,90,2
85,0,90,3
86,0,90,4
83,0,91,1
84,0,91,2
85,0,91,3
86,0,91,4
88,1,93,1
89,2,93,2
90,1,94,1
91,2,94,2
89,1,95,1
88,2,95,2
91,1,96,1
90,2,96,2
93,1,98,1
94,1,98,2
95,1,99,1
96,1,99,2
98,1,101,1
99,1,101,2
107,1,116,1
107,2,116,2
107,3,116,3
107,4,116,4
108,1,117,1
108,2,117,2
108,3,117,3
108,4,117,4
109,1,118,1
109,2,118,2
109,3,118,3
109,4,118,4
110,1,119,1
110,2,119,2
110,3,119,3
110,4,119,4
111,1,120,1
111,2,120,2
111,3,120,3
111,4,120,4
112,1,121,1
112,2,121,2
112,3,121,3
112,4,121,4
113,1,122,1
113,2,122,2
113,3,122,3
113,4,122,4
114,1,123,1
114,2,123,2
114,3,123,3
114,4,123,4
116,1,125,1
117,1,125,2
118,1,125,3
119,1,125,4
120,1,125,5
121,1,125,6
122,1,125,7
123,1,125,8
116,2,126,1
117,2,126,2
118,2,126,3
119,2,126,4
120,2,126,5
121,2,126,6
122,2,126,7
123,2,126,8
126,0,128,1
125,0,128,2
126,0,129,1
125,0,129,2
126,0,130,1
125,0,130,2
126,0,131,1
125,0,131,2
126,0,132,1
125,0,132,2
126,0,133,1
125,0,133,2
126,0,134,1
125,0,134,2
126,0,135,1
125,0,135,2
128,1,137,1
129,1,137,2
130,1,137,3
131,1,137,4
132,1,137,5
133,1,137,6
134,1,137,7
135,1,137,8
137,1,139,1
137,2,139,2
137,3,140,1
137,4,140,2
137,5,141,1
137,6,141,2
137,7,142,1
137,8,142,2
139,1,144,1
140,1,144,2
141,1,144,3
142,1,144,4
144,1,146,1
144,2,146,2
144,3,147,1
144,4,147,2
146,1,149,1
147,1,149,2
152,1,166,1
152,2,166,2
152,3,166,3
152,4,166,4
153,1,167,1
153,2,167,2
153,3,167,3
153,4,167,4
154,1,168,1
154,2,168,2
154,3,168,3
154,4,168,4
155,1,169,1
155,2,169,2
155,3,169,3
155,4,169,4
156,1,170,1
156,2,170,2
156,3,170,3
156,4,170,4
157,1,171,1
157,2,171,2
157,3,171,3
157,4,171,4
158,1,172,1
158,2,172,2
158,3,172,3
158,4,172,4
159,1,173,1
159,2,173,2
159,3,173,3
159,4,173,4
160,1,174,1
160,2,174,2
160,3,174,3
160,4,174,4
161,1,175,1
161,2,175,2
161,3,175,3
161,4,175,4
162,1,176,1
162,2,176,2
162,3,176,3
162,4,176,4
163,1,177,1
163,2,177,2
163,3,177,3
163,4,177,4
164,1,179,1
164,2,179,2
164,3,179,3
164,4,179,4
164,5,179,5
164,6,179,6
164,7,179,7
164,8,179,8
166,1,181,1
167,1,181,2
168,1,181,3
169,1,181,4
170,1,181,5
171,1,181,6
172,1,181,7
173,1,181,8
174,1,181,9
175,1,181,10
176,1,181,11
177,1,181,12
179,1,181,13
179,2,181,14
179,3,181,15
179,4,181,16
166,2,182,1
167,2,182,2
168,2,182,3
169,2,182,4
170,2,182,5
171,2,182,6
172,2,182,7
173,2,182,8
174,2,182,9
175,2,182,10
176,2,182,11
177,2,182,12
179,5,182,13
179,6,182,14
179,7,182,15
179,8,182,16
182,0,184,1
181,0,184,2
182,0,185,1
181,0,185,2
182,0,186,1
181,0,186,2
182,0,187,1
181,0,187,2
182,0,188,1
181,0,188,2
182,0,189,1
181,0,189,2
182,0,190,1
181,0,190,2
182,0,191,1
181,0,191,2
182,0,192,1
181,0,192,2
182,0,193,1
181,0,193,2
182,0,194,1
181,0,194,2
182,0,195,1
181,0,195,2
182,0,196,1
181,0,196,2
182,0,197,1
181,0,197,2
182,0,198,1
181,0,198,2
182,0,199,1
181,0,199,2
184,1,201,1
185,1,201,2
186,1,201,3
187,1,201,4
188,1,201,5
189,1,201,6
190,1,201,7
191,1,201,8
192,1,201,9
193,1,201,10
194,1,201,11
195,1,201,12
196,1,201,13
197,1,201,14
198,1,201,15
199,1,201,16
201,1,203,1
201,2,203,2
201,3,204,1
201,4,204,2
201,5,205,1
201,6,205,2
201,7,206,1
201,8,206,2
201,9,207,1
201,10,207,2
201,11,208,1
201,12,208,2
201,13,209,1
201,14,209,2
201,15,210,1
201,16,210,2
203,1,212,1
204,1,212,2
205,1,212,3
206,1,212,4
207,1,212,5
208,1,212,6
209,1,212,7
210,1,212,8
212,1,214,1
212,2,214,2
212,3,215,1
212,4,215,2
212,5,216,1
212,6,216,2
212,7,217,1
212,8,217,2
214,1,219,1
215,1,219,2
216,1,219,3
217,1,219,4
219,1,221,1
219,2,221,2
219,3,222,1
219,4,222,2
221,1,224,1
222,1,224,2
227,0,229,1
227,0,229,2
227,0,230,1
227,0,230,2
229,2,232,1
230,2,232,2
229,1,234,1
230,1,234,2
237,0,239,1
237,0,239,2
237,0,239,3
237,0,240,1
237,0,240,2
237,0,240,3
239,1,242,1
240,2,242,2
240,1,243,1
239,2,243,2
242,2,245,1
243,2,245,2
242,1,247,1
243,1,247,2
250,1,253,1
250,2,253,2
250,3,253,3
250,4,254,1
250,5,254,2
250,6,254,3
250,7,255,1
250,8,255,2
250,9,255,3
250,10,256,1
251,1,256,2
251,2,256,3
253,0,258,1
254,0,258,2
255,0,258,3
256,0,258,4
253,0,259,1
254,0,259,2
255,0,259,3
256,0,259,4
253,0,260,1
254,0,260,2
255,0,260,3
256,0,260,4
258,3,262,1
259,3,262,2
260,3,262,3
262,1,264,1
262,2,264,2
258,1,266,1
264,0,266,2
258,2,267,1
260,2,267,2
259,1,268,1
264,0,268,2
260,1,269,1
259,2,269,2
266,1,271,1
267,1,271,2
268,1,272,1
269,1,272,2
271,2,274,1
272,2,274,2
271,1,276,1
272,1,276,2
279,1,281,1
279,5,281,2
279,9,281,3
279,13,281,4
279,2,282,1
279,6,282,2
279,10,282,3
279,14,282,4
279,3,283,1
279,7,283,2
279,11,283,3
279,15,283,4
279,4,284,1
279,8,284,2
279,12,284,3
279,16,284,4
281,1,286,1
281,2,286,2
282,1,286,3
282,2,286,4
283,1,286,5
283,2,286,6
284,1,286,7
284,2,286,8
286,8,288,1
286,1,288,2
286,7,289,1
286,2,289,2
286,6,290,1
286,3,290,2
286,5,291,1
286,4,291,2
288,1,293,1
289,1,293,2
290,1,293,3
291,1,293,4
293,4,295,1
293,1,295,2
293,3,296,1
293,2,296,2
295,1,298,1
296,1,298,2
298,2,300,1
298,1,300,2
303,0,305,1
303,0,305,2
303,0,305,3
303,0,305,4
303,0,306,1
303,0,306,2
303,0,306,3
303,0,306,4
305,1,308,1
306,2,308,2
306,1,309,1
305,2,309,2
308,2,311,1
309,2,311,2
308,1,313,1
309,1,313,2
316,3,318,1
316,14,318,2
316,4,319,1
316,13,319,2
316,5,320,1
316,12,320,2
316,6,321,1
316,11,321,2
316,7,322,1
316,10,322,2
316,8,323,1
316,9,323,2
316,1,325,1
321,1,325,2
318,1,326,1
323,1,326,2
319,1,327,1
322,1,327,2
316,2,328,1
320,1,328,2
325,1,330,1
328,1,330,2
326,1,331,1
327,1,331,2
330,1,333,1
331,1,333,2
333,1,339,1
333,2,339,2
339,1,341,1
339,8,341,2
339,2,342,1
339,7,342,2
339,3,343,1
339,6,343,2
339,4,344,1
339,5,344,2
341,1,346,1
344,1,346,2
342,1,347,1
343,1,347,2
346,2,349,1
347,2,349,2
346,1,351,1
347,1,351,2
355,0,359,1
356,0,359,2
356,0,359,3
356,0,359,4
357,0,359,5
357,0,359,6
355,0,360,1
355,0,360,2
355,0,360,3
355,0,360,4
355,0,360,5
356,0,361,1
356,0,361,2
356,0,361,3
356,0,361,4
356,0,361,5
356,0,361,6
356,0,361,7
356,0,361,8
357,0,361,9
357,0,361,10
357,0,361,11
357,0,361,12
357,0,361,13
357,0,361,14
357,0,361,15
361,0,363,1
361,0,363,2
361,0,363,3
361,0,363,4
361,0,363,5
361,0,363,6
361,0,363,7
361,0,363,8
361,0,363,9
361,0,363,10
361,0,363,11
359,1,365,1
359,2,365,2
359,3,365,3
359,4,365,4
359,5,365,5
359,6,365,6
368,0,372,1
369,0,372,2
369,0,372,3
369,0,372,4
370,0,372,5
370,0,372,6
368,0,373,1
368,0,373,2
368,0,373,3
368,0,373,4
368,0,373,5
369,0,374,1
369,0,374,2
369,0,374,3
369,0,374,4
369,0,374,5
369,0,374,6
369,0,374,7
369,0,374,8
370,0,374,9
370,0,374,10
370,0,374,11
370,0,374,12
370,0,374,13
370,0,374,14
370,0,374,15
374,0,376,1
374,0,376,2
374,0,376,3
374,0,376,4
374,0,376,5
374,0,376,6
374,0,376,7
374,0,376,8
374,0,376,9
372,1,378,1
372,2,378,2
372,3,378,3
372,4,378,4
372,5,378,5
372,6,378,6
382,7,384,1
382,9,384,2
382,8,385,1
382,10,385,2
382,1,387,1
384,1,387,2
382,2,388,1
385,1,388,2
382,3,389,1
382,6,389,2
382,4,390,1
382,5,390,2
387,1,392,1
390,1,392,2
388,1,393,1
389,1,393,2
392,1,395,1
393,1,395,2
402,1,404,1
402,16,404,2
402,2,405,1
402,15,405,2
402,3,406,1
402,14,406,2
402,4,407,1
402,13,407,2
402,5,408,1
402,12,408,2
402,6,409,1
402,11,409,2
402,7,410,1
402,10,410,2
402,8,411,1
402,9,411,2
404,1,413,1
411,1,413,2
405,1,414,1
410,1,414,2
406,1,415,1
409,1,415,2
407,1,416,1
408,1,416,2
413,1,418,1
416,1,418,2
414,1,419,1
415,1,419,2
418,1,421,1
419,1,421,2
424,1,426,1
424,2,426,2
424,3,426,3
424,4,426,4
424,5,426,5
424,6,426,6
430,5,432,1
430,12,432,2
430,6,433,1
430,11,433,2
430,7,434,1
430,10,434,2
430,8,435,1
430,9,435,2
430,1,437,1
435,1,437,2
430,2,438,1
434,1,438,2
430,3,439,1
433,1,439,2
430,4,440,1
432,1,440,2
437,1,442,1
440,1,442,2
438,1,443,1
439,1,443,2
442,1,445,1
443,1,445,2
455,1,457,1
455,2,457,2
455,3,457,3
455,4,457,4
455,5,457,5
455,6,457,6
455,7,457,7
455,8,457,8
455,9,457,9
455,10,457,10
455,11,457,11
455,12,457,12
455,13,457,13
455,14,457,14
455,15,457,15
455,16,457,16
455,17,457,17
455,18,457,18
455,19,457,19
455,20,457,20
455,21,457,21
455,22,457,22
455,23,457,23
455,24,457,24
457,1,459,1
457,2,459,2
457,3,460,1
457,4,460,2
457,5,461,1
457,6,461,2
457,7,462,1
457,8,462,2
457,9,463,1
457,10,463,2
457,11,464,1
457,12,464,2
457,13,465,1
457,14,465,2
457,15,466,1
457,16,466,2
459,2,468,1
459,1,468,2
460,2,469,1
460,1,469,2
461,2,470,1
461,1,470,2
462,2,471,1
462,1,471,2
463,2,472,1
463,1,472,2
464,2,473,1
464,1,473,2
465,2,474,1
465,1,474,2
466,2,475,1
466,1,475,2
457,17,477,25
457,18,477,26
457,19,477,27
457,20,477,28
457,21,477,29
457,22,477,30
457,23,477,31
457,24,477,32
468,1,477,33
469,1,477,34
470,1,477,35
471,1,477,36
472,1,477,37
473,1,477,38
474,1,477,39
475,1,477,40
477,1,479,1
477,2,479,2
477,3,480,1
477,4,480,2
477,5,481,1
477,6,481,2
477,7,482,1
477,8,482,2
477,9,483,1
477,10,483,2
477,11,484,1
477,12,484,2
477,13,485,1
477,14,485,2
477,15,486,1
477,16,486,2
477,17,487,1
477,18,487,2
477,19,488,1
477,20,488,2
477,21,489,1
477,22,489,2
477,23,490,1
477,24,490,2
477,25,491,1
477,26,491,2
477,27,492,1
477,28,492,2
477,29,493,1
477,30,493,2
477,31,494,1
477,32,494,2
477,33,495,1
477,34,495,2
477,35,496,1
477,36,496,2
477,37,497,1
477,38,497,2
477,39,498,1
477,40,498,2
479,2,500,1
479,1,500,2
480,2,501,1
480,1,501,2
481,2,502,1
481,1,502,2
482,2,503,1
482,1,503,2
483,2,504,1
483,1,504,2
484,2,505,1
484,1,505,2
485,2,506,1
485,1,506,2
486,2,507,1
486,1,507,2
487,2,508,1
487,1,508,2
488,2,509,1
488,1,509,2
489,2,510,1
489,1,510,2
490,2,511,1
490,1,511,2
491,2,512,1
491,1,512,2
492,2,513,1
492,1,513,2
493,2,514,1
493,1,514,2
494,2,515,1
494,1,515,2
495,2,516,1
495,1,516,2
496,2,517,1
496,1,517,2
497,2,518,1
497,1,518,2
498,2,519,1
498,1,519,2
500,1,521,45
501,1,521,46
502,1,521,47
503,1,521,48
504,1,521,49
505,1,521,50
506,1,521,51
507,1,521,52
508,1,521,53
509,1,521,54
510,1,521,55
511,1,521,56
512,1,521,57
513,1,521,58
514,1,521,59
515,1,521,60
516,1,521,61
517,1,521,62
518,1,521,63
519,1,521,64
521,1,523,1
521,2,523,2
521,3,524,1
521,4,524,2
521,5,525,1
521,6,525,2
521,7,526,1
521,8,526,2
521,9,527,1
521,10,527,2
521,11,528,1
521,12,528,2
521,13,529,1
521,14,529,2
521,15,530,1
521,16,530,2
521,17,531,1
521,18,531,2
521,19,532,1
521,20,532,2
521,21,533,1
521,22,533,2
521,23,534,1
521,24,534,2
521,25,535,1
521,26,535,2
521,27,536,1
521,28,536,2
521,29,537,1
521,30,537,2
521,31,538,1
521,32,538,2
521,33,539,1
521,34,539,2
521,35,540,1
521,36,540,2
521,37,541,1
521,38,541,2
521,39,542,1
521,40,542,2
521,41,543,1
521,42,543,2
521,43,544,1
521,44,544,2
521,45,545,1
521,46,545,2
521,47,546,1
521,48,546,2
521,49,547,1
521,50,547,2
521,51,548,1
521,52,548,2
521,53,549,1
521,54,549,2
521,55,550,1
521,56,550,2
521,57,551,1
521,58,551,2
521,59,552,1
521,60,552,2
521,61,553,1
521,62,553,2
521,63,554,1
521,64,554,2
523,2,556,1
523,1,556,2
524,2,557,1
524,1,557,2
525,2,558,1
525,1,558,2
526,2,559,1
526,1,559,2
527,2,560,1
527,1,560,2
528,2,561,1
528,1,561,2
529,2,562,1
529,1,562,2
530,2,563,1
530,1,563,2
531,2,564,1
531,1,564,2
532,2,565,1
532,1,565,2
533,2,566,1
533,1,566,2
534,2,567,1
534,1,567,2
535,2,568,1
535,1,568,2
536,2,569,1
536,1,569,2
537,2,570,1
537,1,570,2
538,2,571,1
538,1,571,2
539,2,572,1
539,1,572,2
540,2,573,1
540,1,573,2
541,2,574,1
541,1,574,2
542,2,575,1
542,1,575,2
543,2,576,1
543,1,576,2
544,2,577,1
544,1,577,2
545,2,578,1
545,1,578,2
546,2,579,1
546,1,579,2
547,2,580,1
547,1,580,2
548,2,581,1
548,1,581,2
549,2,582,1
549,1,582,2
550,2,583,1
550,1,583,2
551,2,584,1
551,1,584,2
552,2,585,1
552,1,585,2
553,2,586,1
553,1,586,2
554,2,587,1
554,1,587,2
556,1,589,1
557,1,589,2
558,1,589,3
559,1,589,4
560,1,589,5
561,1,589,6
562,1,589,7
563,1,589,8
564,1,589,9
565,1,589,10
566,1,589,11
567,1,589,12
568,1,589,13
569,1,589,14
570,1,589,15
571,1,589,16
572,1,589,17
573,1,589,18
574,1,589,19
575,1,589,20
576,1,589,21
577,1,589,22
578,1,589,23
579,1,589,24
580,1,589,25
581,1,589,26
582,1,589,27
583,1,589,28
584,1,589,29
585,1,589,30
586,1,589,31
587,1,589,32
589,1,591,1
589,2,591,2
589,3,592,1
589,4,592,2
589,5,593,1
589,6,593,2
589,7,594,1
589,8,594,2
589,9,595,1
589,10,595,2
589,11,596,1
589,12,596,2
589,13,597,1
589,14,597,2
589,15,598,1
589,16,598,2
589,17,599,1
589,18,599,2
589,19,600,1
589,20,600,2
589,21,601,1
589,22,601,2
589,23,602,1
589,24,602,2
589,25,603,1
589,26,603,2
589,27,604,1
589,28,604,2
589,29,605,1
589,30,605,2
589,31,606,1
589,32,606,2
591,2,608,1
591,1,608,2
592,2,609,1
592,1,609,2
593,2,610,1
593,1,610,2
594,2,611,1
594,1,611,2
595,2,612,1
595,1,612,2
596,2,613,1
596,1,613,2
597,2,614,1
597,1,614,2
598,2,615,1
598,1,615,2
599,2,616,1
599,1,616,2
600,2,617,1
600,1,617,2
601,2,618,1
601,1,618,2
602,2,619,1
602,1,619,2
603,2,620,1
603,1,620,2
604,2,621,1
604,1,621,2
605,2,622,1
605,1,622,2
606,2,623,1
606,1,623,2
608,1,625,1
609,1,625,2
610,1,625,3
611,1,625,4
612,1,625,5
613,1,625,6
614,1,625,7
615,1,625,8
616,1,625,9
617,1,625,10
618,1,625,11
619,1,625,12
620,1,625,13
621,1,625,14
622,1,625,15
623,1,625,16
625,1,627,1
625,2,627,2
625,3,628,1
625,4,628,2
625,5,629,1
625,6,629,2
625,7,630,1
625,8,630,2
625,9,631,1
625,10,631,2
625,11,632,1
625,12,632,2
625,13,633,1
625,14,633,2
625,15,634,1
625,16,634,2
627,2,636,1
627,1,636,2
628,2,637,1
628,1,637,2
629,2,638,1
629,1,638,2
630,2,639,1
630,1,639,2
631,2,640,1
631,1,640,2
632,2,641,1
632,1,641,2
633,2,642,1
633,1,642,2
634,2,643,1
634,1,643,2
636,1,645,1
637,1,645,2
638,1,645,3
639,1,645,4
640,1,645,5
641,1,645,6
642,1,645,7
643,1,645,8
645,1,647,1
645,2,647,2
645,3,648,1
645,4,648,2
645,5,649,1
645,6,649,2
645,7,650,1
645,8,650,2
647,2,652,1
647,1,652,2
648,2,653,1
648,1,653,2
649,2,654,1
649,1,654,2
650,2,655,1
650,1,655,2
652,1,657,1
653,1,657,2
654,1,657,3
655,1,657,4
657,1,659,1
657,2,659,2
657,3,660,1
657,4,660,2
659,1,662,1
660,1,662,2
665,1,668,1
665,2,668,2
665,3,668,3
665,4,668,4
665,5,668,5
665,6,668,6
665,7,668,7
665,8,668,8
665,9,668,9
665,10,668,10
665,11,668,11
665,12,668,12
665,13,668,13
665,14,668,14
665,15,668,15
665,16,668,16
665,17,668,17
665,18,668,18
665,19,668,19
665,20,668,20
665,21,668,21
665,22,668,22
665,23,668,23
665,24,668,24
665,25,668,25
665,26,668,26
665,27,668,27
665,28,668,28
665,29,668,29
665,30,668,30
665,31,668,31
665,32,668,32
665,33,668,33
665,34,668,34
665,35,668,35
665,36,668,36
665,37,668,37
665,38,668,38
665,39,668,39
665,40,668,40
665,41,668,41
665,42,668,42
665,43,668,43
665,44,668,44
665,45,668,45
665,46,668,46
665,47,668,47
665,48,668,48
665,49,668,49
665,50,668,50
665,51,668,51
665,52,668,52
665,53,668,53
665,54,668,54
665,55,668,55
665,56,668,56
665,57,668,57
665,58,668,58
665,59,668,59
665,60,668,60
665,61,668,61
665,62,668,62
665,63,668,63
665,64,668,64
665,65,668,65
665,66,668,66
665,67,668,67
665,68,668,68
665,69,668,69
665,70,668,70
665,71,668,71
665,72,668,72
668,1,670,1
668,2,670,2
668,3,671,1
668,4,671,2
668,5,672,1
668,6,672,2
668,7,673,1
668,8,673,2
668,9,674,1
668,10,674,2
668,11,675,1
668,12,675,2
668,13,676,1
668,14,676,2
668,15,677,1
668,16,677,2
668,17,678,1
668,18,678,2
668,19,679,1
668,20,679,2
668,21,680,1
668,22,680,2
668,23,681,1
668,24,681,2
668,25,682,1
668,26,682,2
668,27,683,1
668,28,683,2
668,29,684,1
668,30,684,2
668,31,685,1
668,32,685,2
668,33,686,1
668,34,686,2
668,35,687,1
668,36,687,2
668,37,688,1
668,38,688,2
668,39,689,1
668,40,689,2
668,41,690,1
668,42,690,2
668,43,691,1
668,44,691,2
668,45,692,1
668,46,692,2
668,47,693,1
668,48,693,2
668,49,694,1
668,50,694,2
668,51,695,1
668,52,695,2
668,53,696,1
668,54,696,2
668,55,697,1
668,56,697,2
668,57,698,1
668,58,698,2
668,59,699,1
668,60,699,2
668,61,700,1
668,62,700,2
668,63,701,1
668,64,701,2
668,65,702,1
668,66,702,2
668,67,703,1
668,68,703,2
668,69,704,1
668,70,704,2
668,71,705,1
668,72,705,2
666,9,707,1
666,10,707,2
666,11,707,3
666,12,707,4
666,13,707,5
666,14,707,6
666,15,707,7
666,16,707,8
666,17,707,9
666,18,707,10
666,19,707,11
666,20,707,12
670,1,707,13
671,1,707,14
672,1,707,15
673,1,707,16
674,1,707,17
675,1,707,18
676,1,707,19
677,1,707,20
678,1,707,21
679,1,707,22
680,1,707,23
681,1,707,24
682,1,707,25
683,1,707,26
684,1,707,27
685,1,707,28
686,1,707,29
687,1,707,30
688,1,707,31
689,1,707,32
690,1,707,33
691,1,707,34
692,1,707,35
693,1,707,36
694,1,707,37
695,1,707,38
696,1,707,39
697,1,707,40
698,1,707,41
699,1,707,42
700,1,707,43
701,1,707,44
702,1,707,45
703,1,707,46
704,1,707,47
705,1,707,48
707,1,709,1
707,2,709,2
707,3,710,1
707,4,710,2
707,5,711,1
707,6,711,2
707,7,712,1
707,8,712,2
707,9,713,1
707,10,713,2
707,11,714,1
707,12,714,2
707,13,715,1
707,14,715,2
707,15,716,1
707,16,716,2
707,17,717,1
707,18,717,2
707,19,718,1
707,20,718,2
707,21,719,1
707,22,719,2
707,23,720,1
707,24,720,2
707,25,721,1
707,26,721,2
707,27,722,1
707,28,722,2
707,29,723,1
707,30,723,2
707,31,724,1
707,32,724,2
707,33,725,1
707,34,725,2
707,35,726,1
707,36,726,2
707,37,727,1
707,38,727,2
707,39,728,1
707,40,728,2
707,41,729,1
707,42,729,2
707,43,730,1
707,44,730,2
707,45,731,1
707,46,731,2
707,47,732,1
707,48,732,2
666,1,734,1
666,2,734,2
666,3,734,3
666,4,734,4
666,5,734,5
666,6,734,6
666,7,734,7
666,8,734,8
709,1,734,9
710,1,734,10
711,1,734,11
712,1,734,12
713,1,734,13
714,1,734,14
715,1,734,15
716,1,734,16
717,1,734,17
718,1,734,18
719,1,734,19
720,1,734,20
721,1,734,21
722,1,734,22
723,1,734,23
724,1,734,24
725,1,734,25
726,1,734,26
727,1,734,27
728,1,734,28
729,1,734,29
730,1,734,30
731,1,734,31
732,1,734,32
734,1,736,1
734,2,736,2
734,3,737,1
734,4,737,2
734,5,738,1
734,6,738,2
734,7,739,1
734,8,739,2
734,9,740,1
734,10,740,2
734,11,741,1
734,12,741,2
734,13,742,1
734,14,742,2
734,15,743,1
734,16,743,2
734,17,744,1
734,18,744,2
734,19,745,1
734,20,745,2
734,21,746,1
734,22,746,2
734,23,747,1
734,24,747,2
734,25,748,1
734,26,748,2
734,27,749,1
734,28,749,2
734,29,750,1
734,30,750,2
734,31,751,1
734,32,751,2
736,1,753,1
737,1,753,2
738,1,753,3
739,1,753,4
740,1,753,5
741,1,753,6
742,1,753,7
743,1,753,8
744,1,753,9
745,1,753,10
746,1,753,11
747,1,753,12
748,1,753,13
749,1,753,14
750,1,753,15
751,1,753,16
753,1,755,1
753,2,755,2
753,3,756,1
753,4,756,2
753,5,757,1
753,6,757,2
753,7,758,1
753,8,758,2
753,9,759,1
753,10,759,2
753,11,760,1
753,12,760,2
753,13,761,1
753,14,761,2
753,15,762,1
753,16,762,2
755,1,764,1
756,1,764,2
757,1,764,3
758,1,764,4
759,1,764,5
760,1,764,6
761,1,764,7
762,1,764,8
764,1,766,1
764,2,766,2
764,3,767,1
764,4,767,2
764,5,768,1
764,6,768,2
764,7,769,1
764,8,769,2
766,1,771,1
767,1,771,2
768,1,771,3
769,1,771,4
771,1,773,1
771,2,773,2
771,3,774,1
771,4,774,2
773,1,776,1
774,1,776,2
779,1,781,1
779,2,781,2
779,3,781,3
779,4,781,4
779,5,781,5
779,6,781,6
779,7,781,7
779,8,781,8
779,9,781,9
779,10,781,10
779,11,781,11
779,12,781,12
779,13,781,13
779,14,781,14
779,15,781,15
779,16,781,16
779,17,781,17
779,18,781,18
779,19,781,19
779,20,781,20
779,21,781,21
779,22,781,22
779,23,781,23
779,24,781,24
779,25,781,25
779,26,781,26
779,27,781,27
779,28,781,28
779,29,781,29
779,30,781,30
779,31,781,31
779,32,781,32
779,33,781,33
779,34,781,34
779,35,781,35
779,36,781,36
779,37,781,37
779,38,781,38
779,39,781,39
779,40,781,40
779,41,781,41
779,42,781,42
779,43,781,43
779,44,781,44
779,45,781,45
779,46,781,46
779,47,781,47
779,48,781,48
781,1,783,1
781,2,783,2
781,3,783,3
781,4,783,4
781,5,783,5
781,6,783,6
781,7,783,7
781,8,783,8
781,25,784,1
781,26,784,2
781,27,784,3
781,28,784,4
781,29,784,5
781,30,784,6
781,31,784,7
781,32,784,8
781,9,787,1
781,10,787,2
781,11,788,1
781,12,788,2
781,13,789,1
781,14,789,2
781,15,790,1
781,16,790,2
781,17,792,1
781,18,792,2
781,19,793,1
781,20,793,2
781,21,794,1
781,22,794,2
781,23,795,1
781,24,795,2
781,33,797,1
781,34,797,2
781,35,798,1
781,36,798,2
781,37,799,1
781,38,799,2
781,39,800,1
781,40,800,2
781,41,802,1
781,42,802,2
781,43,803,1
781,44,803,2
781,45,804,1
781,46,804,2
781,47,805,1
781,48,805,2
783,1,807,1
783,2,807,2
783,3,807,3
783,4,807,4
783,5,807,5
783,6,807,6
783,7,807,7
783,8,807,8
787,1,807,9
788,1,807,10
789,1,807,11
790,1,807,12
792,1,807,13
793,1,807,14
794,1,807,15
795,1,807,16
784,1,808,1
784,2,808,2
784,3,808,3
784,4,808,4
784,5,808,5
784,6,808,6
784,7,808,7
784,8,808,8
797,1,808,9
798,1,808,10
799,1,808,11
800,1,808,12
802,1,808,13
803,1,808,14
804,1,808,15
805,1,808,16
807,1,811,1
807,2,811,2
807,3,812,1
807,4,812,2
807,5,813,1
807,6,813,2
807,7,814,1
807,8,814,2
807,9,815,1
807,10,815,2
807,11,816,1
807,12,816,2
807,13,817,1
807,14,817,2
807,15,818,1
807,16,818,2
808,1,820,1
808,2,820,2
808,3,821,1
808,4,821,2
808,5,822,1
808,6,822,2
808,7,823,1
808,8,823,2
808,9,824,1
808,10,824,2
808,11,825,1
808,12,825,2
808,13,826,1
808,14,826,2
808,15,827,1
808,16,827,2
811,1,829,1
812,1,829,2
813,1,829,3
814,1,829,4
815,1,829,5
816,1,829,6
817,1,829,7
818,1,829,8
820,1,830,1
821,1,830,2
822,1,830,3
823,1,830,4
824,1,830,5
825,1,830,6
826,1,830,7
827,1,830,8
829,1,833,1
829,2,833,2
829,3,834,1
829,4,834,2
829,5,835,1
829,6,835,2
829,7,836,1
829,8,836,2
830,1,838,1
830,2,838,2
830,3,839,1
830,4,839,2
830,5,840,1
830,6,840,2
830,7,841,1
830,8,841,2
833,1,843,1
834,1,843,2
835,1,843,3
836,1,843,4
838,1,844,1
839,1,844,2
840,1,844,3
841,1,844,4
843,1,847,1
843,2,847,2
843,3,848,1
843,4,848,2
844,1,850,1
844,2,850,2
844,3,851,1
844,4,851,2
847,1,853,1
848,1,853,2
850,1,854,1
851,1,854,2
853,1,856,1
854,1,856,2
862,6,873,1
862,3,873,2
862,5,874,1
862,4,874,2
874,1,876,1
873,1,876,2
865,6,881,1
865,3,881,2
865,5,882,1
865,4,882,2
882,1,884,1
881,1,884,2
868,7,889,1
868,4,889,2
868,6,890,1
868,5,890,2
890,1,892,1
889,1,892,2
900,1,902,1
900,2,902,2
900,3,902,3
900,4,902,4
900,5,902,5
900,6,902,6
900,7,902,7
900,8,902,8
900,9,902,9
900,10,902,10
900,11,902,11
900,12,902,12
900,13,902,13
900,14,902,14
900,15,902,15
900,16,902,16
900,17,902,17
900,18,902,18
900,19,902,19
900,20,902,20
902,1,904,1
902,2,904,2
902,3,905,1
902,4,905,2
902,5,906,1
902,6,906,2
902,7,907,1
902,8,907,2
902,9,908,1
902,10,908,2
902,11,909,1
902,12,909,2
902,13,910,1
902,14,910,2
902,15,911,1
902,16,911,2
899,1,913,1
899,2,913,2
899,3,913,3
899,4,913,4
899,5,913,5
899,6,913,6
899,7,913,7
899,8,913,8
899,9,913,9
899,10,913,10
899,11,913,11
899,12,913,12
899,13,913,13
899,14,913,14
899,15,913,15
899,16,913,16
899,17,913,17
899,18,913,18
899,19,913,19
899,20,913,20
902,17,913,21
902,18,913,22
902,19,913,23
902,20,913,24
904,1,913,25
905,1,913,26
906,1,913,27
907,1,913,28
908,1,913,29
909,1,913,30
910,1,913,31
911,1,913,32
913,1,915,1
913,2,915,2
913,3,916,1
913,4,916,2
913,5,917,1
913,6,917,2
913,7,918,1
913,8,918,2
913,9,919,1
913,10,919,2
913,11,920,1
913,12,920,2
913,13,921,1
913,14,921,2
913,15,922,1
913,16,922,2
913,17,923,1
913,18,923,2
913,19,924,1
913,20,924,2
913,21,925,1
913,22,925,2
913,23,926,1
913,24,926,2
913,25,927,1
913,26,927,2
913,27,928,1
913,28,928,2
913,29,929,1
913,30,929,2
913,31,930,1
913,32,930,2
915,1,932,1
916,1,932,2
917,1,932,3
918,1,932,4
919,1,932,5
920,1,932,6
921,1,932,7
922,1,932,8
923,1,932,9
924,1,932,10
925,1,932,11
926,1,932,12
927,1,932,13
928,1,932,14
929,1,932,15
930,1,932,16
932,1,934,1
932,2,934,2
932,3,935,1
932,4,935,2
932,5,936,1
932,6,936,2
932,7,937,1
932,8,937,2
932,9,938,1
932,10,938,2
932,11,939,1
932,12,939,2
932,13,940,1
932,14,940,2
932,15,941,1
932,16,941,2
934,1,943,1
935,1,943,2
936,1,943,3
937,1,943,4
938,1,943,5
939,1,943,6
940,1,943,7
941,1,943,8
943,1,945,1
943,2,945,2
943,3,946,1
943,4,946,2
943,5,947,1
943,6,947,2
943,7,948,1
943,8,948,2
945,1,950,1
946,1,950,2
947,1,950,3
948,1,950,4
950,1,952,1
950,2,952,2
950,3,953,1
950,4,953,2
952,1,955,1
953,1,955,2
959,1,961,1
959,2,961,2
959,3,961,3
959,4,961,4
959,5,961,5
959,6,961,6
959,7,961,7
959,8,961,8
959,9,961,9
959,10,961,10
959,11,961,11
959,12,961,12
959,13,961,13
959,14,961,14
959,15,961,15
959,16,961,16
959,17,961,17
959,18,961,18
959,19,961,19
959,20,961,20
961,1,963,1
961,2,963,2
961,3,964,1
961,4,964,2
961,5,965,1
961,6,965,2
961,7,966,1
961,8,966,2
961,9,967,1
961,10,967,2
961,11,968,1
961,12,968,2
961,13,969,1
961,14,969,2
961,15,970,1
961,16,970,2
958,1,972,1
958,2,972,2
958,3,972,3
958,4,972,4
958,5,972,5
958,6,972,6
958,7,972,7
958,8,972,8
958,9,972,9
958,10,972,10
958,11,972,11
958,12,972,12
958,13,972,13
958,14,972,14
958,15,972,15
958,16,972,16
958,17,972,17
958,18,972,18
958,19,972,19
958,20,972,20
961,17,972,21
961,18,972,22
961,19,972,23
961,20,972,24
963,1,972,25
964,1,972,26
965,1,972,27
966,1,972,28
967,1,972,29
968,1,972,30
969,1,972,31
970,1,972,32
972,1,974,1
972,2,974,2
972,3,975,1
972,4,975,2
972,5,976,1
972,6,976,2
972,7,977,1
972,8,977,2
972,9,978,1
972,10,978,2
972,11,979,1
972,12,979,2
972,13,980,1
972,14,980,2
972,15,981,1
972,16,981,2
972,17,982,1
972,18,982,2
972,19,983,1
972,20,983,2
972,21,984,1
972,22,984,2
972,23,985,1
972,24,985,2
972,25,986,1
972,26,986,2
972,27,987,1
972,28,987,2
972,29,988,1
972,30,988,2
972,31,989,1
972,32,989,2
974,1,991,1
975,1,991,2
976,1,991,3
977,1,991,4
978,1,991,5
979,1,991,6
980,1,991,7
981,1,991,8
982,1,991,9
983,1,991,10
984,1,991,11
985,1,991,12
986,1,991,13
987,1,991,14
988,1,991,15
989,1,991,16
991,1,993,1
991,2,993,2
991,3,994,1
991,4,994,2
991,5,995,1
991,6,995,2
991,7,996,1
991,8,996,2
991,9,997,1
991,10,997,2
991,11,998,1
991,12,998,2
991,13,999,1
991,14,999,2
991,15,1000,1
991,16,1000,2
993,1,1002,1
994,1,1002,2
995,1,1002,3
996,1,1002,4
997,1,1002,5
998,1,1002,6
999,1,1002,7
1000,1,1002,8
1002,1,1004,1
1002,2,1004,2
1002,3,1005,1
1002,4,1005,2
1002,5,1006,1
1002,6,1006,2
1002,7,1007,1
1002,8,1007,2
1004,1,1009,1
1005,1,1009,2
1006,1,1009,3
1007,1,1009,4
1009,1,1011,1
1009,2,1011,2
1009,3,1012,1
1009,4,1012,2
1011,1,1014,1
1012,1,1014,2
1025,1,1027,1
1025,2,1027,2
1025,3,1027,3
1025,4,1027,4
1025,5,1027,5
1025,6,1027,6
1025,7,1027,7
1025,8,1027,8
1025,9,1027,9
1025,10,1027,10
1025,11,1027,11
1025,12,1027,12
1025,13,1027,13
1025,14,1027,14
1025,15,1027,15
1025,16,1027,16
1025,17,1027,17
1025,18,1027,18
1027,1,1029,1
1027,2,1029,2
1027,3,1030,1
1027,4,1030,2
1027,5,1031,1
1027,6,1031,2
1027,7,1032,1
1027,8,1032,2
1024,1,1034,1
1024,2,1034,2
1024,3,1034,3
1024,4,1034,4
1024,5,1034,5
1024,6,1034,6
1024,7,1034,7
1024,8,1034,8
1024,9,1034,9
1024,10,1034,10
1024,11,1034,11
1024,12,1034,12
1024,13,1034,13
1024,14,1034,14
1024,15,1034,15
1024,16,1034,16
1024,17,1034,17
1024,18,1034,18
1027,9,1034,19
1027,10,1034,20
1027,11,1034,21
1027,12,1034,22
1027,13,1034,23
1027,14,1034,24
1027,15,1034,25
1027,16,1034,26
1027,17,1034,27
1027,18,1034,28
1029,1,1034,29
1030,1,1034,30
1031,1,1034,31
1032,1,1034,32
1034,1,1036,1
1034,2,1036,2
1034,3,1037,1
1034,4,1037,2
1034,5,1038,1
1034,6,1038,2
1034,7,1039,1
1034,8,1039,2
1034,9,1040,1
1034,10,1040,2
1034,11,1041,1
1034,12,1041,2
1034,13,1042,1
1034,14,1042,2
1034,15,1043,1
1034,16,1043,2
1034,17,1044,1
1034,18,1044,2
1034,19,1045,1
1034,20,1045,2
1034,21,1046,1
1034,22,1046,2
1034,23,1047,1
1034,24,1047,2
1034,25,1048,1
1034,26,1048,2
1034,27,1049,1
1034,28,1049,2
1034,29,1050,1
1034,30,1050,2
1034,31,1051,1
1034,32,1051,2
1036,1,1053,1
1037,1,1053,2
1038,1,1053,3
1039,1,1053,4
1040,1,1053,5
1041,1,1053,6
1042,1,1053,7
1043,1,1053,8
1044,1,1053,9
1045,1,1053,10
1046,1,1053,11
1047,1,1053,12
1048,1,1053,13
1049,1,1053,14
1050,1,1053,15
1051,1,1053,16
1053,1,1055,1
1053,2,1055,2
1053,3,1056,1
1053,4,1056,2
1053,5,1057,1
1053,6,1057,2
1053,7,1058,1
1053,8,1058,2
1053,9,1059,1
1053,10,1059,2
1053,11,1060,1
1053,12,1060,2
1053,13,1061,1
1053,14,1061,2
1053,15,1062,1
1053,16,1062,2
1055,1,1064,1
1056,1,1064,2
1057,1,1064,3
1058,1,1064,4
1059,1,1064,5
1060,1,1064,6
1061,1,1064,7
1062,1,1064,8
1064,1,1066,1
1064,2,1066,2
1064,3,1067,1
1064,4,1067,2
1064,5,1068,1
1064,6,1068,2
1064,7,1069,1
1064,8,1069,2
1066,1,1071,1
1067,1,1071,2
1068,1,1071,3
1069,1,1071,4
1071,1,1073,1
1071,2,1073,2
1071,3,1074,1
1071,4,1074,2
1073,1,1076,1
1074,1,1076,2
1079,16,1087,1
1082,3,1087,2
1094,6,1096,1
1094,11,1096,2
1094,7,1097,1
1094,10,1097,2
1094,8,1098,1
1094,9,1098,2
1094,5,1099,1
1094,12,1099,2
1096,2,1101,1
1096,1,1101,2
1097,2,1102,1
1097,1,1102,2
1098,2,1103,1
1098,1,1103,2
1099,2,1104,1
1099,1,1104,2
1094,1,1106,1
1101,1,1106,2
1094,2,1107,1
1102,1,1107,2
1094,3,1108,1
1103,1,1108,2
1094,4,1109,1
1104,1,1109,2
1106,2,1111,1
1106,1,1111,2
1107,2,1112,1
1107,1,1112,2
1108,2,1113,1
1108,1,1113,2
1109,2,1114,1
1109,1,1114,2
1111,1,1116,1
1114,1,1116,2
1112,1,1117,1
1113,1,1117,2
1116,1,1119,1
1117,1,1119,2
1130,1,1132,1
1130,2,1132,2
1130,3,1132,3
1130,4,1132,4
1130,5,1132,5
1130,6,1132,6
1130,7,1132,7
1130,8,1132,8
1130,9,1132,9
1130,10,1132,10
1130,11,1132,11
1130,12,1132,12
1130,13,1132,13
1130,14,1132,14
1130,15,1132,15
1130,16,1132,16
1130,17,1132,17
1130,18,1132,18
1130,19,1132,19
1130,20,1132,20
1130,21,1132,21
1130,22,1132,22
1132,19,1134,1
1132,20,1134,2
1132,21,1135,1
1132,22,1135,2
1129,9,1137,1
1132,1,1137,2
1132,16,1138,1
1135,1,1138,2
1129,13,1139,1
1132,5,1139,2
1129,20,1140,1
1132,12,1140,2
1129,12,1141,1
1132,4,1141,2
1132,13,1142,1
1132,18,1142,2
1129,16,1143,1
1132,8,1143,2
1129,17,1144,1
1132,9,1144,2
1129,10,1145,1
1132,2,1145,2
1132,15,1146,1
1134,1,1146,2
1129,14,1147,1
1132,6,1147,2
1129,19,1148,1
1132,11,1148,2
1129,11,1149,1
1132,3,1149,2
1132,14,1150,1
1132,17,1150,2
1129,15,1151,1
1132,7,1151,2
1129,18,1152,1
1132,10,1152,2
1137,1,1154,1
1138,1,1154,2
1139,1,1155,1
1140,1,1155,2
1141,1,1156,1
1142,1,1156,2
1143,1,1157,1
1144,1,1157,2
1145,1,1158,1
1146,1,1158,2
1147,1,1159,1
1148,1,1159,2
1149,1,1160,1
1150,1,1160,2
1151,1,1161,1
1152,1,1161,2
1129,1,1163,1
1161,1,1163,2
1129,8,1164,1
1154,1,1164,2
1129,4,1165,1
1158,1,1165,2
1129,5,1166,1
1157,1,1166,2
1129,2,1167,1
1160,1,1167,2
1129,7,1168,1
1155,1,1168,2
1129,3,1169,1
1159,1,1169,2
1129,6,1170,1
1156,1,1170,2
1163,1,1172,1
1164,1,1172,2
1165,1,1173,1
1166,1,1173,2
1167,1,1174,1
1168,1,1174,2
1169,1,1175,1
1170,1,1175,2
1172,1,1177,1
1173,1,1177,2
1174,1,1178,1
1175,1,1178,2
1177,1,1180,1
1178,1,1180,2
1190,15,1192,1
1190,18,1192,2
1190,16,1193,1
1190,17,1193,2
1190,1,1195,1
1192,1,1195,2
1190,2,1196,1
1193,1,1196,2
1190,3,1197,1
1190,14,1197,2
1190,4,1198,1
1190,13,1198,2
1190,5,1199,1
1190,12,1199,2
1190,6,1200,1
1190,11,1200,2
1190,7,1201,1
1190,10,1201,2
1190,8,1202,1
1190,9,1202,2
1195,1,1204,1
1202,1,1204,2
1196,1,1205,1
1201,1,1205,2
1197,1,1206,1
1200,1,1206,2
1198,1,1207,1
1199,1,1207,2
1204,1,1209,1
1207,1,1209,2
1205,1,1210,1
1206,1,1210,2
1209,1,1212,1
1210,1,1212,2
1219,1,1221,1
1219,16,1221,2
1219,2,1222,1
1219,15,1222,2
1219,3,1223,1
1219,14,1223,2
1219,4,1224,1
1219,13,1224,2
1219,5,1225,1
1219,12,1225,2
1219,6,1226,1
1219,11,1226,2
1219,7,1227,1
1219,10,1227,2
1219,8,1228,1
1219,9,1228,2
1221,1,1230,1
1228,1,1230,2
1222,1,1231,1
1227,1,1231,2
1223,1,1232,1
1226,1,1232,2
1224,1,1233,1
1225,1,1233,2
1230,1,1235,1
1233,1,1235,2
1231,1,1236,1
1232,1,1236,2
1235,1,1238,1
1236,1,1238,2
1245,1,1247,1
1245,16,1247,2
1245,2,1248,1
1245,15,1248,2
1245,3,1249,1
1245,14,1249,2
1245,4,1250,1
1245,13,1250,2
1245,5,1251,1
1245,12,1251,2
1245,6,1252,1
1245,11,1252,2
1245,7,1253,1
1245,10,1253,2
1245,8,1254,1
1245,9,1254,2
1247,1,1256,1
1254,1,1256,2
1248,1,1257,1
1253,1,1257,2
1249,1,1258,1
1252,1,1258,2
1250,1,1259,1
1251,1,1259,2
1256,1,1261,1
1259,1,1261,2
1257,1,1262,1
1258,1,1262,2
1261,1,1264,1
1262,1,1264,2
1267,1,1269,1
1267,2,1269,2
1267,3,1269,3
1267,4,1269,4
1267,5,1269,5
1267,6,1269,6
1267,7,1269,7
1267,8,1269,8
1267,9,1270,1
1267,10,1270,2
1267,11,1270,3
1267,12,1270,4
1267,13,1270,5
1267,14,1270,6
1267,15,1270,7
1267,16,1270,8
1274,1,1276,1
1274,16,1276,2
1274,2,1277,1
1274,15,1277,2
1274,3,1278,1
1274,14,1278,2
1274,4,1279,1
1274,13,1279,2
1274,5,1280,1
1274,12,1280,2
1274,6,1281,1
1274,11,1281,2
1274,7,1282,1
1274,10,1282,2
1274,8,1283,1
1274,9,1283,2
1276,1,1285,1
1283,1,1285,2
1277,1,1286,1
1282,1,1286,2
1278,1,1287,1
1281,1,1287,2
1279,1,1288,1
1280,1,1288,2
1285,1,1290,1
1288,1,1290,2
1286,1,1291,1
1287,1,1291,2
1290,1,1293,1
1291,1,1293,2
1300,1,1302,1
1300,16,1302,2
1300,2,1303,1
1300,15,1303,2
1300,3,1304,1
1300,14,1304,2
1300,4,1305,1
1300,13,1305,2
1300,5,1306,1
1300,12,1306,2
1300,6,1307,1
1300,11,1307,2
1300,7,1308,1
1300,10,1308,2
1300,8,1309,1
1300,9,1309,2
1302,1,1311,1
1309,1,1311,2
1303,1,1312,1
1308,1,1312,2
1304,1,1313,1
1307,1,1313,2
1305,1,1314,1
1306,1,1314,2
1311,1,1316,1
1314,1,1316,2
1312,1,1317,1
1313,1,1317,2
1316,1,1319,1
1317,1,1319,2
1326,5,1328,1
1326,12,1328,2
1326,6,1329,1
1326,11,1329,2
1326,7,1330,1
1326,10,1330,2
1326,8,1331,1
1326,9,1331,2
1328,2,1333,1
1328,1,1333,2
1329,2,1334,1
1329,1,1334,2
1330,2,1335,1
1330,1,1335,2
1331,2,1336,1
1331,1,1336,2
1326,1,1338,1
1333,1,1338,2
1326,2,1339,1
1334,1,1339,2
1326,3,1340,1
1335,1,1340,2
1326,4,1341,1
1336,1,1341,2
1338,2,1343,1
1338,1,1343,2
1339,2,1344,1
1339,1,1344,2
1340,2,1345,1
1340,1,1345,2
1341,2,1346,1
1341,1,1346,2
1343,1,1348,1
1346,1,1348,2
1344,1,1349,1
1345,1,1349,2
1348,1,1351,1
1349,1,1351,2
1354,1,1356,1
1354,2,1356,2
1354,3,1356,3
1354,4,1356,4
1354,5,1356,5
1354,6,1356,6
1354,7,1357,1
1354,8,1357,2
1354,9,1357,3
1354,10,1357,4
1354,11,1357,5
1354,12,1357,6
1365,1,1367,1
1365,2,1367,2
1365,3,1367,3
1365,4,1367,4
1365,5,1367,5
1365,6,1367,6
1365,7,1367,7
1365,8,1367,8
1365,9,1367,9
1365,10,1367,10
1365,11,1367,11
1365,12,1367,12
1365,13,1367,13
1365,14,1367,14
1365,15,1367,15
1365,16,1367,16
1365,17,1367,17
1365,18,1367,18
1365,19,1367,19
1365,20,1367,20
1365,21,1367,21
1365,22,1367,22
1367,3,1369,1
1367,4,1369,2
1367,5,1370,1
1367,6,1370,2
1367,7,1371,1
1367,8,1371,2
1367,9,1372,1
1367,10,1372,2
1367,11,1373,1
1367,12,1373,2
1367,13,1374,1
1367,14,1374,2
1367,15,1375,1
1367,16,1375,2
1367,17,1376,1
1367,18,1376,2
1367,19,1377,1
1367,20,1377,2
1367,21,1378,1
1367,22,1378,2
1364,1,1380,1
1367,1,1380,2
1364,8,1381,1
1373,1,1381,2
1364,9,1382,1
1372,1,1382,2
1364,16,1383,1
1364,17,1383,2
1364,4,1384,1
1377,1,1384,2
1364,5,1385,1
1376,1,1385,2
1364,12,1386,1
1369,1,1386,2
1364,13,1387,1
1364,20,1387,2
1364,2,1388,1
1367,2,1388,2
1364,7,1389,1
1374,1,1389,2
1364,10,1390,1
1371,1,1390,2
1364,15,1391,1
1364,18,1391,2
1364,3,1392,1
1378,1,1392,2
1364,6,1393,1
1375,1,1393,2
1364,11,1394,1
1370,1,1394,2
1364,14,1395,1
1364,19,1395,2
1380,1,1397,1
1381,1,1397,2
1382,1,1398,1
1383,1,1398,2
1384,1,1399,1
1385,1,1399,2
1386,1,1400,1
1387,1,1400,2
1388,1,1401,1
1389,1,1401,2
1390,1,1402,1
1391,1,1402,2
1392,1,1403,1
1393,1,1403,2
1394,1,1404,1
1395,1,1404,2
1397,1,1406,1
1398,1,1406,2
1399,1,1407,1
1400,1,1407,2
1401,1,1408,1
1402,1,1408,2
1403,1,1409,1
1404,1,1409,2
1406,1,1411,1
1407,1,1411,2
1408,1,1412,1
1409,1,1412,2
1411,1,1414,1
1412,1,1414,2
1420,6,1425,1
1420,3,1425,2
1420,5,1426,1
1420,4,1426,2
1426,1,1428,1
1425,1,1428,2
1432,1,1434,1
1432,16,1434,2
1432,2,1435,1
1432,15,1435,2
1432,3,1436,1
1432,14,1436,2
1432,4,1437,1
1432,13,1437,2
1432,5,1438,1
1432,12,1438,2
1432,6,1439,1
1432,11,1439,2
1432,7,1440,1
1432,10,1440,2
1432,8,1441,1
1432,9,1441,2
1434,1,1443,1
1441,1,1443,2
1435,1,1444,1
1440,1,1444,2
1436,1,1445,1
1439,1,1445,2
1437,1,1446,1
1438,1,1446,2
1443,1,1448,1
1446,1,1448,2
1444,1,1449,1
1445,1,1449,2
1448,1,1451,1
1449,1,1451,2
1458,7,1460,1
1458,10,1460,2
1458,8,1461,1
1458,9,1461,2
1458,1,1463,1
1460,1,1463,2
1458,2,1464,1
1461,1,1464,2
1458,3,1465,1
1458,6,1465,2
1458,4,1466,1
1458,5,1466,2
1463,1,1468,1
1466,1,1468,2
1464,1,1469,1
1465,1,1469,2
1468,1,1471,1
1469,1,1471,2
1482,0,1484,1
1482,0,1484,2
1482,0,1484,3
1482,0,1484,4
1482,0,1485,1
1482,0,1485,2
1482,0,1485,3
1482,0,1485,4
1484,1,1487,1
1485,2,1487,2
1485,1,1488,1
1484,2,1488,2
1487,1,1490,1
1488,2,1490,2
1494,13,1496,1
1494,16,1496,2
1494,14,1497,1
1494,15,1497,2
1494,7,1499,1
1496,1,1499,2
1494,9,1500,1
1494,12,1500,2
1494,8,1501,1
1497,1,1501,2
1494,10,1502,1
1494,11,1502,2
1499,1,1504,1
1500,1,1504,2
1501,1,1505,1
1502,1,1505,2
1494,1,1507,1
1504,1,1507,2
1494,3,1508,1
1494,6,1508,2
1494,2,1509,1
1505,1,1509,2
1494,5,1510,1
1494,4,1510,2
1507,1,1512,1
1508,1,1512,2
1509,1,1513,1
1510,1,1513,2
1512,1,1515,1
1513,1,1515,2
1518,3,1521,1
1518,6,1521,2
1518,4,1522,1
1518,5,1522,2
1519,3,1523,1
1519,6,1523,2
1519,4,1524,1
1519,5,1524,2
1521,1,1526,1
1518,2,1526,2
1522,1,1527,1
1518,1,1527,2
1523,1,1528,1
1519,2,1528,2
1524,1,1529,1
1519,1,1529,2
1526,1,1531,1
1527,1,1531,2
1528,1,1532,1
1529,1,1532,2
1531,2,1534,1
1531,1,1534,2
1532,2,1535,1
1532,1,1535,2
1534,1,1537,1
1535,1,1537,2
1537,1,1539,1
1537,2,1539,2
1543,8,1545,1
1543,1,1545,2
1543,7,1546,1
1543,2,1546,2
1543,6,1547,1
1543,3,1547,2
1543,5,1548,1
1543,4,1548,2
1545,1,1550,1
1546,1,1550,2
1547,1,1550,3
1548,1,1550,4
1550,4,1552,1
1550,1,1552,2
1550,3,1553,1
1550,2,1553,2
1552,1,1555,1
1553,1,1555,2
1555,2,1557,1
1555,1,1557,2
1560,8,1562,1
1560,1,1562,2
1560,7,1563,1
1560,2,1563,2
1560,6,1564,1
1560,3,1564,2
1560,5,1565,1
1560,4,1565,2
1562,1,1567,1
1563,1,1567,2
1564,1,1567,3
1565,1,1567,4
1567,4,1569,1
1567,1,1569,2
1567,3,1570,1
1567,2,1570,2
1569,1,1572,1
1570,1,1572,2
1572,2,1574,1
1572,1,1574,2
1581,0,1583,1
1581,0,1583,2
1581,0,1583,3
1581,0,1583,4
1581,0,1584,1
1581,0,1584,2
1581,0,1584,3
1581,0,1584,4
1583,1,1586,1
1584,2,1586,2
1584,1,1587,1
1583,2,1587,2
1586,1,1589,1
1587,2,1589,2
1593,3,1595,1
1593,6,1595,2
1593,4,1596,1
1593,5,1596,2
1595,1,1598,1
1596,1,1598,2
1593,1,1600,1
1598,2,1600,2
1593,2,1601,1
1598,1,1601,2
1600,1,1603,1
1601,1,1603,2
1603,1,1605,1
1603,2,1605,2
1609,1,1611,1
1609,2,1611,2
1609,3,1611,3
1609,4,1611,4
1609,5,1611,5
1609,6,1611,6
1609,7,1612,1
1609,8,1612,2
1609,9,1612,3
1609,10,1612,4
1609,11,1612,5
1609,12,1612,6
1621,1,1626,1
1624,1,1626,2
1637,1,1639,1
1637,3,1639,2
1637,5,1639,3
1637,7,1639,4
1637,2,1640,1
1637,4,1640,2
1637,6,1640,3
1637,8,1640,4
1639,1,1642,1
1640,1,1642,2
1642,2,1644,1
1642,1,1644,2
1647,1,1649,1
1647,3,1649,2
1647,5,1649,3
1647,7,1649,4
1647,2,1650,1
1647,4,1650,2
1647,6,1650,3
1647,8,1650,4
1649,1,1652,1
1650,1,1652,2
1652,2,1654,1
1652,1,1654,2
1661,13,1663,1
1661,20,1663,2
1661,14,1664,1
1661,19,1664,2
1661,15,1665,1
1661,18,1665,2
1661,16,1666,1
1661,17,1666,2
1661,1,1668,1
1663,1,1668,2
1661,2,1669,1
1664,1,1669,2
1661,3,1670,1
1665,1,1670,2
1661,4,1671,1
1666,1,1671,2
1661,5,1672,1
1661,12,1672,2
1661,6,1673,1
1661,11,1673,2
1661,7,1674,1
1661,10,1674,2
1661,8,1675,1
1661,9,1675,2
1668,1,1677,1
1675,1,1677,2
1669,1,1678,1
1674,1,1678,2
1670,1,1679,1
1673,1,1679,2
1671,1,1680,1
1672,1,1680,2
1677,1,1682,1
1680,1,1682,2
1678,1,1683,1
1679,1,1683,2
1682,1,1685,1
1683,1,1685,2
