0,1,100,0,0,25,1600,1900
0,2,100,0,0,25,1600,1900
0,3,100,0,0,25,1600,1900
0,4,100,0,0,25,1600,1900
0,5,100,0,0,25,1600,1900
0,6,100,0,0,25,1600,1900
0,7,100,0,0,25,1600,1900
0,8,100,0,0,25,1600,1900
0,9,100,0,0,25,1600,1900
0,10,100,0,0,25,1600,1900
0,11,100,0,0,25,1600,1900
0,12,100,0,0,25,1600,1900
295,1,40,35,25,60,0,1700
295,2,40,40,20,55,1630,1730
295,3,50,30,20,45,1700,1800
295,4,55,35,10,35,1800,1900
295,5,70,30,0,20,1900,2000
295,6,80,20,0,10,2000,2100
295,7,90,10,0,0,2000,2100
295,8,85,15,0,0,1900,2000
295,9,75,25,0,10,1800,1900
295,10,45,55,0,20,1700,1800
295,11,45,40,15,40,1630,1730
295,12,50,20,30,60,0,1700
315,1,40,35,25,60,0,1700
315,2,40,40,20,55,1630,1730
315,3,50,30,20,45,1700,1800
315,4,55,35,10,35,1800,1900
315,5,70,30,0,20,1900,2000
315,6,80,20,0,10,2000,2100
315,7,90,10,0,0,2000,2100
315,8,85,15,0,0,1900,2000
315,9,75,25,0,10,1800,1900
315,10,45,55,0,20,1700,1800
315,11,45,40,15,40,1630,1730
315,12,50,20,30,60,0,1700
343,1,40,35,25,60,0,1700
343,2,40,40,20,55,1630,1730
343,3,50,30,20,45,1700,1800
343,4,55,35,10,35,1800,1900
343,5,70,30,0,20,1900,2000
343,6,80,20,0,10,2000,2100
343,7,90,10,0,0,2000,2100
343,8,85,15,0,0,1900,2000
343,9,75,25,0,10,1800,1900
343,10,45,55,0,20,1700,1800
343,11,45,40,15,40,1630,1730
343,12,50,20,30,60,0,1700
367,1,40,45,15,65,0,1700
367,2,50,40,10,50,1630,1730
367,3,40,55,5,35,1700,1800
367,4,60,40,0,20,1800,1900
367,5,70,30,0,15,1900,2000
367,6,85,15,0,5,2000,2100
367,7,90,10,0,5,2000,2100
367,8,90,10,0,5,1900,2000
367,9,75,25,0,15,1800,1900
367,10,50,50,0,35,1700,1800
367,11,45,55,0,55,1630,1730
367,12,35,45,20,65,0,1700
811,1,50,35,15,60,0,1700
811,2,55,35,10,50,1630,1730
811,3,60,40,0,35,1700,1800
811,4,75,25,0,20,1800,1900
811,5,80,20,0,15,1900,2000
811,6,85,15,0,5,2000,2100
811,7,90,10,0,0,2000,2100
811,8,90,10,0,0,1900,2000
811,9,70,30,0,15,1800,1900
811,10,60,40,0,35,1700,1800
811,11,45,45,10,50,1630,1730
811,12,50,35,15,60,0,1700
939,1,45,40,15,70,0,1700
939,2,50,40,10,55,1630,1730
939,3,60,40,0,35,1700,1800
939,4,75,25,0,20,1800,1900
939,5,80,20,0,15,1900,2000
939,6,85,15,0,5,2000,2100
939,7,90,10,0,0,2000,2100
939,8,90,10,0,0,1900,2000
939,9,70,30,0,15,1800,1900
939,10,60,40,0,35,1700,1800
939,11,45,45,10,50,1630,1730
939,12,50,35,15,60,0,1700
1006,1,40,45,15,65,0,1700
1006,2,50,40,10,50,1630,1730
1006,3,40,55,5,35,1700,1800
1006,4,60,40,0,20,1800,1900
1006,5,70,30,0,15,1900,2000
1006,6,85,15,0,5,2000,2100
1006,7,90,10,0,5,2000,2100
1006,8,90,10,0,5,1900,2000
1006,9,75,25,0,15,1800,1900
1006,10,50,50,0,35,1700,1800
1006,11,45,55,0,55,1630,1730
1006,12,35,45,20,65,0,1700
1038,1,45,45,10,60,0,1700
1038,2,55,40,5,50,1630,1730
1038,3,60,40,0,35,1700,1800
1038,4,70,30,0,20,1800,1900
1038,5,80,20,0,15,1900,2000
1038,6,95,5,0,5,2000,2100
1038,7,95,5,0,5,2000,2100
1038,8,90,10,0,0,1900,2000
1038,9,85,15,0,15,1800,1900
1038,10,65,35,0,35,1700,1800
1038,11,40,50,10,55,1630,1730
1038,12,40,50,10,65,0,1700
1102,1,45,40,15,70,0,1700
1102,2,50,40,10,55,1630,1730
1102,3,50,40,10,35,1700,1800
1102,4,75,25,0,20,1800,1900
1102,5,80,20,0,15,1900,2000
1102,6,85,15,0,5,2000,2100
1102,7,90,10,0,0,2000,2100
1102,8,90,10,0,0,1900,2000
1102,9,70,30,0,15,1800,1900
1102,10,55,40,5,35,1700,1800
1102,11,45,45,10,50,1630,1730
1102,12,50,35,15,60,0,1700
1131,1,50,15,35,60,0,1700
1131,2,50,25,25,55,1630,1730
1131,3,55,40,5,45,1700,1800
1131,4,70,30,0,35,1800,1900
1131,5,75,25,0,20,1900,2000
1131,6,80,20,0,10,2000,2100
1131,7,65,35,0,5,2000,2100
1131,8,60,40,0,5,1900,2000
1131,9,60,40,0,20,1800,1900
1131,10,50,40,10,40,1700,1800
1131,11,50,20,30,60,1630,1730
1131,12,50,15,35,80,0,1700
1157,1,65,15,20,60,0,1700
1157,2,60,25,15,55,1630,1730
1157,3,50,35,15,45,1700,1800
1157,4,70,30,0,35,1800,1900
1157,5,55,25,20,20,1900,2000
1157,6,80,20,0,10,2000,2100
1157,7,90,10,0,5,2000,2100
1157,8,45,35,20,60,1900,2000
1157,9,50,40,10,40,1800,1900
1157,10,60,40,0,5,1700,1800
1157,11,80,20,0,15,1630,1730
1157,12,85,15,0,5,0,1700
1186,1,60,40,0,30,0,1700
1186,2,65,35,0,20,1630,1730
1186,3,70,30,0,15,1700,1800
1186,4,75,25,0,5,1800,1900
1186,5,85,15,0,0,1900,2000
1186,6,90,10,0,0,2000,2100
1186,7,95,5,0,0,2000,2100
1186,8,95,5,0,0,1900,2000
1186,9,90,10,0,0,1800,1900
1186,10,70,30,0,5,1700,1800
1186,11,70,30,0,15,1630,1730
1186,12,60,40,0,20,0,1700
1212,1,50,10,40,60,0,1700
1212,2,50,15,35,55,1630,1730
1212,3,45,35,20,45,1700,1800
1212,4,60,40,0,35,1800,1900
1212,5,75,25,0,20,1900,2000
1212,6,80,20,0,10,2000,2100
1212,7,90,10,0,5,2000,2100
1212,8,90,10,0,5,1900,2000
1212,9,80,20,0,20,1800,1900
1212,10,45,40,15,40,1700,1800
1212,11,40,10,50,60,1630,1730
1212,12,40,10,50,80,0,1700
1238,1,40,45,15,65,0,1700
1238,2,50,40,10,50,1630,1730
1238,3,40,55,5,35,1700,1800
1238,4,60,40,0,20,1800,1900
1238,5,70,30,0,15,1900,2000
1238,6,85,15,0,5,2000,2100
1238,7,90,10,0,5,2000,2100
1238,8,90,10,0,5,1900,2000
1238,9,75,25,0,15,1800,1900
1238,10,50,50,0,35,1700,1800
1238,11,45,55,0,55,1630,1730
1238,12,35,45,20,65,0,1700
1273,1,60,40,0,30,0,1700
1273,2,65,35,0,20,1630,1730
1273,3,70,30,0,15,1700,1800
1273,4,75,25,0,5,1800,1900
1273,5,85,15,0,0,1900,2000
1273,6,90,10,0,0,2000,2100
1273,7,95,5,0,0,2000,2100
1273,8,95,5,0,0,1900,2000
1273,9,90,10,0,0,1800,1900
1273,10,70,30,0,5,1700,1800
1273,11,70,30,0,15,1630,1730
1273,12,60,40,0,20,0,1700
1344,1,50,15,35,60,0,1700
1344,2,50,25,25,55,1630,1730
1344,3,55,40,5,45,1700,1800
1344,4,70,30,0,35,1800,1900
1344,5,75,25,0,20,1900,2000
1344,6,80,20,0,10,2000,2100
1344,7,65,35,0,5,2000,2100
1344,8,60,40,0,5,1900,2000
1344,9,60,40,0,20,1800,1900
1344,10,50,40,10,40,1700,1800
1344,11,50,20,30,60,1630,1730
1344,12,50,15,35,80,0,1700
1370,1,40,35,25,60,0,1700
1370,2,40,40,20,55,1630,1730
1370,3,50,30,20,45,1700,1800
1370,4,55,35,10,35,1800,1900
1370,5,70,30,0,20,1900,2000
1370,6,80,20,0,10,2000,2100
1370,7,90,10,0,0,2000,2100
1370,8,85,15,0,0,1900,2000
1370,9,75,25,0,10,1800,1900
1370,10,45,55,0,20,1700,1800
1370,11,45,40,15,40,1630,1730
1370,12,50,20,30,60,0,1700
1390,1,60,30,10,30,0,1700
1390,2,65,25,10,20,1630,1730
1390,3,70,30,0,15,1700,1800
1390,4,75,25,0,5,1800,1900
1390,5,85,15,0,0,1900,2000
1390,6,90,10,0,0,2000,2100
1390,7,95,5,0,0,2000,2100
1390,8,95,5,0,0,1900,2000
1390,9,90,10,0,0,1800,1900
1390,10,80,20,0,5,1700,1800
1390,11,70,30,0,15,1630,1730
1390,12,60,35,5,20,0,1700
1411,1,50,40,10,60,0,1700
1411,2,55,35,10,50,1630,1730
1411,3,60,40,0,30,1700,1800
1411,4,75,25,0,20,1800,1900
1411,5,70,30,0,10,1900,2000
1411,6,80,20,0,5,2000,2100
1411,7,85,15,0,0,2000,2100
1411,8,90,10,0,0,1900,2000
1411,9,65,35,0,10,1800,1900
1411,10,50,40,10,30,1700,1800
1411,11,45,45,10,50,1630,1730
1411,12,50,35,15,60,0,1700
1462,1,80,20,0,40,0,1700
1462,2,85,15,0,20,1630,1730
1462,3,85,15,0,15,1700,1800
1462,4,90,10,0,5,1800,1900
1462,5,90,10,0,0,1900,2000
1462,6,95,5,0,0,2000,2100
1462,7,100,0,0,0,2000,2100
1462,8,100,0,0,0,1900,2000
1462,9,95,5,0,10,1800,1900
1462,10,85,15,0,5,1700,1800
1462,11,80,20,0,15,1630,1730
1462,12,70,30,0,20,0,1700
1517,1,85,15,0,0,2000,2100
1517,2,85,15,0,0,1900,2000
1517,3,80,20,0,5,1800,1900
1517,4,80,20,0,15,1700,1800
1517,5,80,20,0,25,1630,1730
1517,6,80,20,0,30,1600,1700
1517,7,85,15,0,30,1600,1700
1517,8,85,15,0,25,1630,1730
1517,9,90,10,0,15,1700,1800
1517,10,85,15,0,5,1800,1900
1517,11,85,15,0,0,1900,2000
1517,12,85,15,0,0,2000,2100
1533,1,90,10,0,10,0,1700
1533,2,80,10,10,20,1630,1730
1533,3,90,10,0,5,1700,1800
1533,4,85,15,0,5,1800,1900
1533,5,85,15,0,10,1900,2000
1533,6,65,35,0,20,2000,2100
1533,7,50,50,0,20,2000,2100
1533,8,70,30,0,20,1900,2000
1533,9,70,30,0,20,1800,1900
1533,10,85,10,5,10,1700,1800
1533,11,80,10,10,10,1630,1730
1533,12,75,10,15,10,0,1700
1537,1,80,20,0,30,1930,2030
1537,2,85,15,0,20,1930,2030
1537,3,85,15,0,15,1900,2000
1537,4,90,10,0,5,1800,1900
1537,5,90,10,0,0,1730,1830
1537,6,95,5,0,0,1730,1830
1537,7,100,0,0,0,1730,1830
1537,8,100,0,0,25,1800,1900
1537,9,95,5,0,0,1800,1900
1537,10,85,15,0,5,1830,1930
1537,11,80,20,0,15,1900,2000
1537,12,70,30,0,20,1930,2030
1574,1,90,10,0,10,0,1700
1574,2,80,10,10,20,1630,1730
1574,3,90,10,0,5,1700,1800
1574,4,85,15,0,5,1800,1900
1574,5,85,15,0,10,1900,2000
1574,6,65,35,0,20,2000,2100
1574,7,50,50,0,20,2000,2100
1574,8,70,30,0,20,1900,2000
1574,9,70,30,0,20,1800,1900
1574,10,85,10,5,10,1700,1800
1574,11,80,10,10,10,1630,1730
1574,12,75,10,15,10,0,1700
1660,1,80,20,0,30,1930,2030
1660,2,85,15,0,20,1930,2030
1660,3,85,15,0,15,1900,2000
1660,4,90,10,0,5,1800,1900
1660,5,90,10,0,0,1730,1830
1660,6,95,5,0,0,1730,1830
1660,7,100,0,0,0,1730,1830
1660,8,100,0,0,25,1800,1900
1660,9,95,5,0,0,1800,1900
1660,10,85,15,0,5,1830,1930
1660,11,80,20,0,15,1900,2000
1660,12,70,30,0,20,1930,2030
1664,1,100,0,0,0,1930,2030
1664,2,100,0,0,5,1930,2030
1664,3,95,5,0,10,1900,2000
1664,4,90,10,0,15,1800,1900
1664,5,90,10,0,20,1730,1830
1664,6,80,20,0,20,1730,1830
1664,7,70,30,0,30,1730,1830
1664,8,80,20,0,25,1800,1900
1664,9,90,10,0,15,1800,1900
1664,10,95,5,0,10,1830,1930
1664,11,100,0,0,5,1900,2000
1664,12,100,0,0,0,2000,2030
1671,1,80,20,0,30,1600,1700
1671,2,85,15,0,20,1630,1730
1671,3,85,15,0,15,1700,1800
1671,4,90,10,0,5,1800,1900
1671,5,90,10,0,0,1900,2000
1671,6,95,5,0,0,2000,2100
1671,7,100,0,0,0,2000,2100
1671,8,100,0,0,25,1900,2000
1671,9,95,5,0,0,1800,1900
1671,10,85,15,0,5,1700,1800
1671,11,80,20,0,15,1630,1730
1671,12,70,30,0,20,1600,1700
1692,1,80,20,0,30,1930,2030
1692,2,85,15,0,20,1930,2030
1692,3,85,15,0,15,1900,2000
1692,4,90,10,0,5,1800,1900
1692,5,90,10,0,0,1730,1830
1692,6,95,5,0,0,1730,1830
1692,7,100,0,0,0,1730,1830
1692,8,100,0,0,25,1800,1900
1692,9,95,5,0,0,1800,1900
1692,10,85,15,0,5,1830,1930
1692,11,80,20,0,15,1900,2000
1692,12,70,30,0,20,1930,2030
