Date,Local Time,Home ID,Away ID
20160819,1915,101085,112670
20160819,2115,111707,110406
20160819,2115,111022,110093
20160820,1700,111715,101083
20160820,1700,111706,111711
20160820,1915,101084,101088
20160820,1915,110554,110396
20160820,2030,110395,1877
20160821,1700,110580,111710
20160821,1700,112713,110394
20160821,1915,1013,111713
20160821,1915,1876,110404
20160821,2130,111708,110392
20160822,1900,112904,110581
20160822,2115,111716,110398
20160826,1900,110394,111708
20160826,2115,110404,110406
20160826,2115,111711,110554
20160827,1700,111710,1013
20160827,1700,101083,112713
20160827,1915,110392,112904
20160827,1915,1877,111022
20160827,2030,110093,111706
20160828,1700,110396,111715
20160828,1700,110398,110395
20160828,1915,111713,101085
20160828,1915,111716,111707
20160828,2130,112670,1876
20160829,1900,110581,101084
20160829,2115,101088,110580
20160909,1900,111707,110404
20160909,2115,111708,101083
20160909,2115,111022,110398
20160910,1700,111715,111711
20160910,1700,110406,112670
20160910,1915,101084,110392
20160910,1915,111706,1877
20160910,2030,110395,111716
20160911,1700,110554,110093
20160911,1700,101085,111710
20160911,1915,1876,111713
20160911,1915,110580,110581
20160911,2130,112904,110394
20160912,1900,112713,110396
20160912,2115,1013,101088
20160916,1900,110394,101084
20160916,2115,110392,110580
20160916,2115,1877,110554
20160917,1700,101083,112904
20160917,1700,110395,111707
20160917,1915,111711,112713
20160917,1915,110093,111715
20160917,2030,111710,1876
20160918,1700,110396,111708
20160918,1700,110581,1013
20160918,1915,110398,111706
20160918,1915,111713,110406
20160918,2130,112670,110404
20160919,1900,111716,111022
20160919,2115,101088,101085
20160923,1900,111707,112670
20160923,2115,110404,111713
20160924,1700,111022,110395
20160924,1700,111715,1877
20160924,1915,110406,111710
20160924,1915,111706,111716
20160924,2030,101084,101083
20160925,1700,110554,110398
20160925,1700,101085,110581
20160925,1915,1876,101088
20160925,1915,110580,110394
20160925,2130,1013,110392
20160926,1900,112713,110093
20160926,2115,111708,111711
20160926,2115,112904,110396
20160930,1900,110394,1013
20160930,2115,110392,101085
20160930,2115,111022,111707
20161001,1700,1877,112713
20161001,1700,111710,110404
20161001,1915,101083,110580
20161001,1915,111711,112904
20161001,2030,110093,111708
20161002,1700,110395,111706
20161002,1700,110396,101084
20161002,1915,110398,111715
20161002,1915,110581,1876
20161002,2130,111713,112670
20161003,1900,111716,110554
20161003,2115,101088,110406
20161014,1900,111707,111713
20161014,2115,111708,1877
20161014,2115,101084,111711
20161015,1700,111715,111716
20161015,1700,110406,110581
20161015,1915,110404,101088
20161015,1915,111706,111022
20161015,2030,110554,110395
20161016,1700,101085,110394
20161016,1700,1876,110392
20161016,1915,1013,101083
20161016,1915,112713,110398
20161016,2130,110580,110396
20161017,1900,112670,111710
20161017,2115,112904,110093
20161021,1900,110581,110404
20161021,2115,110392,110406
20161021,2115,111022,110554
20161022,1700,1877,112904
20161022,1700,111710,111713
20161022,1915,101083,101085
20161022,1915,111706,111707
20161022,2030,111711,110580
20161023,1700,110093,101084
20161023,1700,110395,111715
20161023,1915,110396,1013
20161023,1915,110398,111708
20161023,2130,110394,1876
20161024,1900,111716,112713
20161024,2115,101088,112670
20161028,1900,111707,111710
20161028,2115,110404,110392
20161028,2115,111715,111022
20161029,1700,111708,111716
20161029,1700,110406,110394
20161029,1915,101084,1877
20161029,1915,110554,111706
20161029,2030,101085,110396
20161030,1700,1876,101083
20161030,1700,110580,110093
20161030,1915,111713,101088
20161030,1915,112713,110395
20161030,2130,1013,111711
20161031,1900,112670,110581
20161031,2115,112904,110398
20161104,1900,110394,110404
20161104,2115,111022,112713
20161105,1700,1877,110580
20161105,1700,101083,110406
20161105,1915,110392,112670
20161105,1915,111711,101085
20161105,2030,110093,1013
20161106,1700,110395,111708
20161106,1700,110396,1876
20161106,1915,101088,111710
20161106,1915,110398,101084
20161106,2130,110554,111707
20161107,1900,111716,112904
20161107,2115,111706,111715
20161107,2115,110581,111713
20161118,1900,111707,101088
20161118,2115,111708,111022
20161118,2115,110404,101083
20161119,1700,111715,110554
20161119,1700,110406,110396
20161119,1915,111710,110581
20161119,1915,101084,111716
20161119,2030,101085,110093
20161120,1700,1876,111711
20161120,1700,110580,110398
20161120,1915,1013,1877
20161120,1915,111713,110392
20161120,2130,112713,111706
20161121,1900,112670,110394
20161121,2115,112904,110395
20161125,1900,111715,111707
20161125,2115,110392,111710
20161125,2115,111706,111708
20161126,1700,110394,111713
20161126,1700,1877,101085
20161126,1915,111022,112904
20161126,1915,101083,112670
20161126,2030,111711,110406
20161127,1700,110093,1876
20161127,1700,110395,101084
20161127,1915,110396,110404
20161127,1915,110398,1013
20161127,2130,110581,101088
20161128,1900,110554,112713
20161128,2115,111716,110580
20161202,1900,111707,110581
20161202,2115,110404,111711
20161202,2115,110406,110093
20161203,1700,111708,110554
20161203,1700,111710,110394
20161203,1915,101084,111022
20161203,1915,101085,110398
20161203,2030,1876,1877
20161204,1700,110580,110395
20161204,1700,1013,111716
20161204,1915,111713,101083
20161204,1915,112713,111715
20161204,2130,112670,110396
20161205,1900,112904,111706
20161205,2115,101088,110392
20161209,1900,110396,111713
20161209,2115,111022,110580
20161209,2115,111715,111708
20161210,1700,110392,110581
20161210,1700,1877,110406
20161210,1915,101083,111710
20161210,1915,111706,101084
20161210,2030,111711,112670
20161211,1700,110093,110404
20161211,1700,110395,1013
20161211,1915,110394,101088
20161211,1915,110398,1876
20161211,2130,112713,111707
20161212,1900,110554,112904
20161212,2115,111716,101085
20161216,1900,111707,110392
20161216,2115,111708,112713
20161217,1700,110406,110398
20161217,1700,111710,110396
20161217,1915,101084,110554
20161217,1915,110581,110394
20161217,2030,101085,110395
20161218,1700,1876,111716
20161218,1700,110580,111706
20161218,1915,1013,111022
20161218,1915,111713,111711
20161218,2130,112670,110093
20161219,1900,112904,111715
20161219,2115,110404,1877
20161219,2115,101088,101083
20170210,1900,110394,110392
20170210,2115,111708,111707
20170210,2115,111022,101085
20170211,1700,1877,112670
20170211,1700,111715,101084
20170211,1915,101083,110581
20170211,1915,111706,1013
20170211,2030,111711,111710
20170212,1700,110395,1876
20170212,1700,110554,110580
20170212,1915,110396,101088
20170212,1915,110398,110404
20170212,2130,111716,110406
20170213,1900,112713,112904
20170213,2115,110093,111713
20170217,1900,111707,110394
20170217,2115,110392,101083
20170217,2115,110404,111716
20170218,1700,110406,110395
20170218,1700,111710,110093
20170218,1915,101084,112713
20170218,1915,110581,110396
20170218,2030,101085,111706
20170219,1700,1876,111022
20170219,1700,110580,111715
20170219,1915,1013,110554
20170219,1915,111713,1877
20170219,2130,112904,111708
20170220,1900,112670,110398
20170220,2115,101088,111711
20170224,1900,111708,101084
20170224,2115,1877,111710
20170225,1700,111715,1013
20170225,1700,101083,110394
20170225,1915,111706,1876
20170225,1915,111711,110581
20170225,2030,110093,101088
20170226,1700,110396,110392
20170226,1700,112713,110580
20170226,1915,110398,111713
20170226,1915,110554,101085
20170226,2130,110395,110404
20170227,1900,112904,111707
20170227,2115,111022,110406
20170227,2115,111716,112670
20170304,1900,101085,111715
20170304,2115,110394,110396
20170304,2115,110392,111711
20170304,1700,111707,101083
20170304,1700,1876,110554
20170304,1915,110580,111708
20170304,1915,1013,112713
20170304,2130,111713,111716
20170305,1700,110404,111022
20170305,1700,110406,111706
20170305,1915,111710,110398
20170305,1915,101084,112904
20170305,2030,110581,110093
20170305,1900,112670,110395
20170305,2115,101088,1877
20170311,1900,111708,1013
20170311,2115,111706,110404
20170311,2115,110396,101083
20170311,1700,110395,111713
20170311,1700,112713,101085
20170311,1915,110398,101088
20170311,1915,110554,110406
20170311,2130,111022,112670
20170312,1700,111715,1876
20170312,1700,101084,111707
20170312,1915,1877,110581
20170312,1915,111711,110394
20170312,2030,110093,110392
20170312,1900,112904,110580
20170312,2115,111716,111710
20170317,1900,111707,110396
20170317,2115,110394,110093
20170317,2115,101085,111708
20170318,1700,110404,110554
20170318,1700,110406,111715
20170318,1915,111710,110395
20170318,1915,101083,111711
20170318,2030,110581,110398
20170319,1700,110392,1877
20170319,1700,1876,112713
20170319,1915,110580,101084
20170319,1915,112670,111706
20170319,2130,101088,111716
20170320,1900,1013,112904
20170320,2115,111713,111022
20170401,1900,111708,1876
20170401,2115,111022,111710
20170401,2115,111715,110404
20170401,1700,110395,101088
20170401,1700,110398,110392
20170401,1915,110554,112670
20170401,1915,110580,111707
20170401,2130,111716,110581
20170402,1700,1877,110394
20170402,1700,101084,1013
20170402,1915,111706,111713
20170402,1915,111711,110396
20170402,2030,110093,101083
20170402,1900,112904,101085
20170402,2115,112713,110406
20170408,1900,111707,111711
20170408,2115,110394,110398
20170408,2115,110392,111716
20170408,1700,110581,110395
20170408,1700,101085,101084
20170408,1915,1876,112904
20170408,1915,1013,110580
20170408,2130,111713,110554
20170409,1700,110404,112713
20170409,1700,110406,111708
20170409,1915,111710,111706
20170409,1915,101083,1877
20170409,2030,110396,110093
20170409,1900,112670,111715
20170409,2115,101088,111022
20170415,1900,110394,112904
20170415,2115,110392,111708
20170415,2115,110404,110395
20170415,1700,110093,101085
20170415,1700,110396,110580
20170415,1915,110581,112713
20170415,1915,112670,111022
20170415,2130,111713,111706
20170416,1700,1877,1876
20170416,1700,110406,111716
20170416,1915,111710,110554
20170416,1915,101083,101084
20170416,2030,111711,1013
20170416,1900,110398,111707
20170416,2115,101088,111715
20170422,1900,111022,110581
20170422,2115,1877,110396
20170422,1700,112904,110406
20170422,1700,112713,112670
20170422,1915,110580,101085
20170422,1915,1013,111707
20170422,2130,110554,111710
20170423,1700,111715,111713
20170423,1700,101084,1876
20170423,1915,111706,101088
20170423,1915,110093,111711
20170423,2030,110395,110392
20170423,1900,110398,101083
20170423,2115,111708,110404
20170423,2115,111716,110394
20170429,1900,111707,110093
20170429,2115,110394,110395
20170429,2115,110392,111022
20170429,1700,110396,110398
20170429,1700,110581,111706
20170429,1915,101085,1013
20170429,1915,1876,110580
20170429,2130,111713,112713
20170430,1700,110404,112904
20170430,1700,110406,101084
20170430,1915,101083,111716
20170430,1915,112670,111708
20170430,2030,111711,1877
20170430,1900,111710,111715
20170430,2115,101088,110554
20170506,1900,111708,111713
20170506,2115,111022,110394
20170506,2115,1877,110093
20170506,1700,110554,110581
20170506,1700,101085,111707
20170506,1915,1013,1876
20170506,1915,112904,112670
20170506,2130,112713,111710
20170507,1700,101084,110404
20170507,1700,110398,111711
20170507,1915,111706,110392
20170507,1915,110395,101083
20170507,2030,111715,101088
20170507,1900,110580,110406
20170507,2115,111716,110396
20170513,1900,111707,1877
20170513,2115,110394,111706
20170513,2115,110392,110554
20170513,1700,110093,110398
20170513,1700,110396,110395
20170513,1915,110581,111715
20170513,1915,1876,101085
20170513,2130,111713,112904
20170514,1700,110404,110580
20170514,1700,110406,1013
20170514,1915,111710,111708
20170514,1915,101083,111022
20170514,2030,111711,111716
20170514,1900,112670,101084
20170514,2115,101088,112713
20170520,1900,111708,101088
20170520,2115,111022,110396
20170520,2115,111715,110392
20170520,1700,101085,110406
20170520,1700,1876,111707
20170520,1915,110580,112670
20170520,1915,1013,110404
20170520,2130,112713,110581
20170521,1700,101084,111713
20170521,1700,111706,101083
20170521,1915,110395,111711
20170521,1915,110398,1877
20170521,2030,110554,110394
20170521,1900,112904,111710
20170521,2115,111716,110093
20170528,1900,111707,110398
20170528,2115,110392,112713
20170528,1700,111711,111022
20170528,1700,112670,1013
20170528,1915,110396,111706
20170528,1915,110581,111708
20170528,2130,111713,110580
20170528,1700,1877,111716
20170528,1700,101088,112904
20170528,1915,110406,1876
20170528,1915,111710,101084
20170528,2030,101083,110554
20170528,1900,110093,110395
20170528,2115,110394,111715
20170528,2115,110404,101085
