Date,Time,Home Team ID,Away Team ID
20150306,1900,697,693
20150307,1200,688,111139
20150307,1300,112134,694
20150307,1500,101112,111651
20150307,1730,698,687
20150307,1730,695,111928
20150307,2030,111140,111065
20150308,1400,112606,112828
20150308,1600,696,689
20150308,1830,111144,691
20150313,1600,698,112606
20150314,1900,111144,111928
20150314,1500,693,101112
20150314,1630,687,111651
20150314,1730,695,696
20150314,1830,111065,112134
20150315,1400,112828,691
20150315,1600,111140,697
20150320,1600,112134,695
20150321,1200,691,111139
20150321,1300,694,112828
20150321,1630,112606,101112
20150321,1730,696,111140
20150321,1930,697,698
20150322,1400,689,688
20150322,1600,111928,693
20150328,1700,101112,111140
20150328,1200,691,111928
20150328,1300,111139,112606
20150328,1600,688,697
20150328,1600,112828,696
20150328,1630,687,689
20150328,1730,698,694
20150328,1730,695,111144
20150329,1400,693,112134
20150329,1600,111065,111651
20150403,1600,112606,688
20150404,1900,111144,698
20150404,1900,101112,697
20150404,1200,693,111651
20150404,1600,694,691
20150404,1600,689,111139
20150404,1930,111140,695
20150405,1400,111928,111065
20150405,1600,696,112134
20150408,1900,101112,687
20150410,1600,695,694
20150411,1300,112134,112828
20150411,1200,691,687
20150411,1600,688,689
20150411,1730,698,111139
20150411,1730,696,111065
20150411,1930,111928,101112
20150412,1400,111140,112606
20150412,1600,697,111144
20150415,1630,691,693
20150416,1600,112828,112134
20150417,1600,689,111928
20150418,1600,688,698
20150418,1630,687,112606
20150418,1730,695,111651
20150418,1800,694,111144
20150418,1830,111065,101112
20150418,1930,697,696
20150419,1400,112134,691
20150419,1600,112828,111140
20150424,1700,693,112828
20150424,1900,694,695
20150425,1930,101112,688
20150425,1630,687,112134
20150425,1630,691,111065
20150425,1730,698,696
20150425,1930,111928,111139
20150426,1400,689,697
20150426,1600,112606,111651
20150426,1830,111144,111140
20150501,1700,698,695
20150501,1900,111065,111928
20150502,1600,112134,111651
20150502,1600,688,687
20150502,1630,691,689
20150502,1930,697,694
20150502,1930,111140,101112
20150503,1400,696,693
20150503,1600,112828,111144
20150505,1730,698,111928
20150506,1830,111065,697
20150508,1700,112606,691
20150508,1900,694,111928
20150509,1300,111139,111140
20150509,1600,101112,112134
20150509,1200,693,111065
20150509,1600,688,696
20150509,1630,687,111144
20150509,1730,695,697
20150510,1400,111651,698
20150510,1600,689,112828
20150513,1700,688,112606
20150515,1600,112828,693
20150515,1630,691,111651
20150515,1730,696,694
20150515,1800,695,689
20150516,1300,111139,111065
20150516,1600,101112,111144
20150516,1730,698,111140
20150516,1930,111928,687
20150517,1400,112606,697
20150517,1600,112134,688
20150521,1700,696,691
20150522,1700,687,693
20150522,1900,111065,112828
20150522,1930,697,698
20150523,1900,111144,696
20150523,1700,111139,695
20150523,1400,111651,111140
20150523,1630,691,688
20150523,1800,694,101112
20150524,1400,689,112134
20150524,1600,111928,112606
20150528,1900,111144,694
20150528,1930,111140,688
20150528,1930,697,111065
20150529,1800,696,695
20150530,1500,101112,111065
20150530,1400,111651,111928
20150530,1600,112828,698
20150530,1600,688,112134
20150530,1630,112606,687
20150530,1730,693,111139
20150530,1800,694,111140
20150531,1400,111144,689
20150531,1600,691,697
20150603,1700,111139,101112
20150603,1600,688,693
20150603,1600,112134,687
20150605,1800,698,689
20150606,1600,688,111651
20150606,1600,112134,112828
20150606,1630,687,111139
20150606,1730,693,112606
20150606,1730,696,111144
20150606,1930,697,101112
20150606,1930,111140,691
20150607,1400,111065,694
20150607,1600,111928,695
20150613,1900,111144,695
20150613,1600,112828,111139
20150613,1630,687,697
20150614,1600,112606,688
20150619,1800,694,695
20150620,1300,111144,111928
20150620,1700,111139,112606
20150620,1600,111651,112828
20150620,1600,689,101112
20150620,1930,111140,698
20150620,1930,697,112134
20150621,1400,688,691
20150621,1900,111065,696
20150624,1700,111651,111139
20150624,1600,112134,111144
20150624,1630,687,691
20150624,1630,112606,694
20150624,1630,689,111065
20150624,1730,693,688
20150624,2000,697,111140
20150626,1800,695,698
20150627,1400,111651,688
20150627,1600,112134,111139
20150627,1630,691,101112
20150627,1730,696,694
20150627,1900,111065,687
20150627,1930,111928,697
20150628,1400,112828,689
20150628,1600,111140,111144
20150703,1800,698,693
20150703,2000,111144,688
20150704,1700,111139,112828
20150704,1630,687,689
20150704,1800,695,691
20150704,1800,694,101112
20150704,1900,111065,112606
20150704,1930,697,111651
20150705,1400,111140,111928
20150710,2000,111928,698
20150711,1700,111139,687
20150711,1600,689,691
20150711,1600,112134,111140
20150711,1630,112606,695
20150711,1730,693,111144
20150712,1800,101112,696
20150712,1400,112828,111651
20150712,1600,694,111065
20150715,1730,693,687
20150717,2000,697,111928
20150718,1900,111144,694
20150718,1300,111651,112134
20150718,1630,691,112828
20150718,1730,696,111139
20150718,1800,695,688
20150718,1900,111065,698
20150718,1930,111140,101112
20150719,1400,687,693
20150719,1600,112606,689
20150724,2000,111065,696
20150725,1700,111139,111144
20150725,1600,689,694
20150725,1630,687,111651
20150725,1730,693,691
20150725,1800,698,697
20150725,1800,695,111140
20150726,1600,101112,111928
20150726,1130,112828,112606
20150726,1200,688,112134
20150801,1900,111144,101112
20150801,1600,688,111065
20150801,1100,112828,111139
20150801,1600,112134,689
20150801,1630,691,111651
20150801,1630,112606,687
20150801,1730,696,698
20150801,1800,694,697
20150802,1400,111928,111140
20150802,1600,693,695
20150806,1700,111139,689
20150806,1700,111651,112606
20150807,2000,111140,693
20150808,1700,111139,688
20150808,1900,101112,111065
20150808,1300,111651,696
20150808,1630,112606,112134
20150808,1800,698,111928
20150808,1800,694,687
20150809,1300,697,111144
20150809,1600,689,112828
20150813,1600,112828,688
20150814,2000,111928,694
20150815,1600,689,111651
20150815,1630,691,698
20150815,1730,696,101112
20150815,1800,695,697
20150815,1900,111065,111140
20150816,1400,111144,112606
20150816,1600,112134,693
20150819,1630,687,112828
20150819,1730,696,111928
20150821,2000,111140,698
20150822,1700,111139,112134
20150822,1300,101112,695
20150822,1300,111651,112606
20150822,1600,688,111928
20150822,1630,687,696
20150822,1730,693,694
20150822,2000,111065,111144
20150823,1400,697,112828
20150826,1730,693,689
20150826,1800,694,698
20150828,2000,111928,697
20150829,1300,111651,111139
20150829,1300,112828,687
20150829,1600,112134,691
20150829,1630,112606,693
20150829,1800,695,111065
20150829,1800,698,101112
20150829,1800,694,696
20150830,1400,111144,111140
20150830,1600,689,688
20150905,1900,111144,111651
20150905,1700,111139,693
20150905,1630,691,112606
20150905,1930,111928,112134
20150906,1600,687,695
20150909,1900,101112,694
20150909,1930,111140,696
20150911,1600,689,693
20150912,1600,112134,687
20150912,1730,698,111065
20150912,1730,695,112828
20150912,1800,694,688
20150912,1930,111928,111144
20150912,1930,697,111139
20150913,1400,111651,691
20150913,1600,112606,696
20150916,1600,112828,111651
20150916,1630,691,689
20150918,1600,696,695
20150919,1700,111139,691
20150919,1600,101112,111144
20150919,1400,111651,694
20150919,1600,112828,111928
20150919,1600,688,687
20150919,1730,693,112606
20150919,1830,111065,697
20150920,1400,111140,689
20150920,1600,112134,698
20150923,1730,698,696
20150923,1700,111139,693
20150925,1600,689,112606
20150926,1400,111139,688
20150926,1900,101112,112828
20150926,1100,111651,693
20150926,1630,687,111140
20150926,1630,691,112134
20150926,1730,698,694
20150926,1930,697,695
20150927,1400,696,111144
20150927,1600,111928,111065
20151002,1600,688,112828
20151003,1400,111651,112134
20151003,1600,689,687
20151003,1630,112606,111139
20151003,1730,693,691
20151003,1800,694,111065
20151003,1930,111140,696
20151003,1930,111928,101112
20151004,1400,695,698
20151004,1830,111144,697
20151007,1900,101112,695
20151010,1800,694,111139
20151014,1600,111651,689
20151014,1800,695,101112
20151014,1830,111065,111140
20151016,1600,112606,112828
20151016,2000,111928,696
20151017,1400,111651,687
20151017,1630,691,111139
20151017,1830,111065,695
20151018,1600,688,693
20151018,1600,689,112134
20151018,1600,698,111144
20151018,1600,697,111140
20151025,1400,687,688
20151025,1400,111139,111651
20151025,1400,112828,691
20151025,1400,112134,112606
20151025,1400,693,689
20151025,1600,111140,694
20151025,1600,696,697
20151025,1600,111144,111065
20151025,1600,101112,698
20151025,1600,695,111928
