1
14
70
80
93
114
127
130
194
296
312
316
338
344
362
366
369
579
693
773
776
779
782
785
793
801
810
813
872
931
934
938
993
996
999
1005
1033
1037
1040
1094
1097
1101
1126
1130
1152
1156
1178
1185
1207
1211
1233
1237
1265
1272
1275
1328
1331
1334
1343
1365
1369
1385
1389
1393
1398
1410
1436
1461
1478
1496
1499
1504
1516
1532
1539
1559
1562
1576
1579
1608
1632
1654
1658
1662
1665
1669
1679
1690
1694
1702
1705
