3,0
3,1
3,2
3,3
3,4
3,5
3,6
3,7
5,0
5,1
5,2
5,3
6,0
6,1
6,2
6,3
8,0
8,1
9,0
9,1
11,0
11,1
13,0
13,1
16,0
16,1
16,2
16,3
17,0
17,1
17,2
18,0
18,1
18,2
18,3
19,0
19,1
19,2
19,3
19,4
19,5
19,6
19,7
19,8
19,9
19,10
19,11
19,12
19,13
19,14
19,15
20,0
20,1
20,2
20,3
20,4
22,0
22,1
22,2
22,3
22,4
22,5
23,0
23,1
23,2
24,0
24,1
24,2
24,3
24,4
24,5
24,6
24,7
24,8
25,0
25,1
26,0
26,1
26,2
27,0
27,1
27,2
27,3
28,0
28,1
29,0
30,0
30,1
32,0
32,1
32,2
32,3
33,0
33,1
33,2
33,3
34,0
34,1
34,2
34,3
35,0
35,1
35,2
35,3
36,0
36,1
36,2
36,3
37,0
37,1
37,2
37,3
38,0
38,1
38,2
38,3
39,0
39,1
39,2
39,3
41,0
41,1
41,2
41,3
42,0
42,1
42,2
42,3
43,0
43,1
43,2
43,3
44,0
44,1
44,2
44,3
45,0
45,1
45,2
45,3
46,0
46,1
46,2
46,3
47,0
47,1
47,2
47,3
48,0
48,1
48,2
48,3
50,0
50,1
51,0
51,1
52,0
52,1
53,0
53,1
54,0
54,1
55,0
55,1
56,0
56,1
57,0
57,1
59,0
59,1
60,0
60,1
61,0
61,1
62,0
62,1
64,0
64,1
65,0
65,1
67,0
67,1
69,0
69,1
72,0
72,1
73,0
73,1
75,0
75,1
76,0
76,1
78,0
78,1
80,0
80,1
83,0
83,1
83,2
83,3
83,4
83,5
84,0
84,1
84,2
84,3
84,4
84,5
85,0
85,1
85,2
85,3
85,4
85,5
86,0
86,1
86,2
86,3
86,4
86,5
88,0
88,1
88,2
88,3
89,0
89,1
89,2
89,3
90,0
90,1
90,2
90,3
91,0
91,1
91,2
91,3
92,0
92,1
92,2
92,3
93,0
93,1
93,2
93,3
95,0
95,1
95,2
95,3
95,4
95,5
97,0
97,1
97,2
97,3
99,0
99,1
100,0
100,1
101,0
101,1
102,0
102,1
103,0
103,1
104,0
104,1
105,0
105,1
106,0
106,1
108,0
108,1
109,0
109,1
110,0
110,1
111,0
111,1
113,0
113,1
114,0
114,1
116,0
116,1
119,0
119,1
122,0
122,1
122,2
122,3
123,0
123,1
123,2
123,3
124,0
124,1
124,2
124,3
125,0
125,1
125,2
125,3
126,0
126,1
126,2
126,3
127,0
127,1
127,2
127,3
128,0
128,1
128,2
128,3
129,0
129,1
129,2
129,3
131,0
131,1
131,2
131,3
132,0
132,1
132,2
132,3
133,0
133,1
133,2
133,3
134,0
134,1
134,2
134,3
135,0
135,1
135,2
135,3
136,0
136,1
136,2
136,3
137,0
137,1
137,2
137,3
138,0
138,1
138,2
138,3
140,0
140,1
140,2
140,3
140,4
140,5
140,6
140,7
141,0
141,1
141,2
141,3
141,4
141,5
141,6
141,7
143,0
143,1
144,0
144,1
145,0
145,1
146,0
146,1
147,0
147,1
148,0
148,1
149,0
149,1
150,0
150,1
152,0
152,1
152,2
152,3
152,4
152,5
152,6
152,7
154,0
154,1
155,0
155,1
156,0
156,1
157,0
157,1
159,0
159,1
159,2
159,3
161,0
161,1
162,0
162,1
164,0
164,1
167,0
167,1
167,2
167,3
168,0
168,1
168,2
168,3
169,0
169,1
169,2
169,3
170,0
170,1
170,2
170,3
171,0
171,1
171,2
171,3
172,0
172,1
172,2
172,3
173,0
173,1
173,2
173,3
174,0
174,1
174,2
174,3
175,0
175,1
175,2
175,3
176,0
176,1
176,2
176,3
177,0
177,1
177,2
177,3
178,0
178,1
178,2
178,3
179,0
179,1
179,2
179,3
179,4
179,5
179,6
179,7
181,0
181,1
181,2
181,3
182,0
182,1
182,2
182,3
183,0
183,1
183,2
183,3
184,0
184,1
184,2
184,3
185,0
185,1
185,2
185,3
186,0
186,1
186,2
186,3
187,0
187,1
187,2
187,3
188,0
188,1
188,2
188,3
189,0
189,1
189,2
189,3
190,0
190,1
190,2
190,3
191,0
191,1
191,2
191,3
192,0
192,1
192,2
192,3
194,0
194,1
194,2
194,3
194,4
194,5
194,6
194,7
196,0
196,1
196,2
196,3
196,4
196,5
196,6
196,7
196,8
196,9
196,10
196,11
196,12
196,13
196,14
196,15
197,0
197,1
197,2
197,3
197,4
197,5
197,6
197,7
197,8
197,9
197,10
197,11
197,12
197,13
197,14
197,15
199,0
199,1
200,0
200,1
201,0
201,1
202,0
202,1
203,0
203,1
204,0
204,1
205,0
205,1
206,0
206,1
207,0
207,1
208,0
208,1
209,0
209,1
210,0
210,1
211,0
211,1
212,0
212,1
213,0
213,1
214,0
214,1
216,0
216,1
216,2
216,3
216,4
216,5
216,6
216,7
216,8
216,9
216,10
216,11
216,12
216,13
216,14
216,15
218,0
218,1
219,0
219,1
220,0
220,1
221,0
221,1
222,0
222,1
223,0
223,1
224,0
224,1
225,0
225,1
227,0
227,1
227,2
227,3
227,4
227,5
227,6
227,7
229,0
229,1
230,0
230,1
231,0
231,1
232,0
232,1
234,0
234,1
234,2
234,3
236,0
236,1
237,0
237,1
239,0
239,1
242,0
242,1
242,2
242,3
242,4
242,5
244,0
244,1
244,2
245,0
245,1
245,2
247,0
247,1
248,0
248,1
250,0
250,1
252,0
252,1
255,0
255,1
255,2
255,3
256,0
256,1
256,2
256,3
257,0
257,1
257,2
257,3
259,0
259,1
259,2
261,0
261,1
263,0
263,1
264,0
264,1
265,0
265,1
266,0
266,1
268,0
268,1
269,0
269,1
271,0
271,1
273,0
273,1
276,0
276,1
276,2
276,3
276,4
276,5
276,6
276,7
276,8
276,9
276,10
276,11
276,12
276,13
276,14
276,15
278,0
278,1
278,2
278,3
279,0
279,1
279,2
279,3
280,0
280,1
280,2
280,3
281,0
281,1
281,2
281,3
283,0
283,1
283,2
283,3
283,4
283,5
283,6
283,7
285,0
285,1
286,0
286,1
287,0
287,1
288,0
288,1
290,0
290,1
290,2
290,3
292,0
292,1
293,0
293,1
295,0
295,1
297,0
297,1
300,0
300,1
300,2
300,3
300,4
300,5
300,6
300,7
302,0
302,1
302,2
302,3
303,0
303,1
303,2
303,3
305,0
305,1
306,0
306,1
308,0
308,1
310,0
310,1
313,0
313,1
313,2
313,3
313,4
313,5
313,6
313,7
313,8
313,9
313,10
313,11
313,12
313,13
315,0
315,1
316,0
316,1
317,0
317,1
318,0
318,1
319,0
319,1
320,0
320,1
322,0
322,1
323,0
323,1
324,0
324,1
325,0
325,1
327,0
327,1
328,0
328,1
330,0
330,1
333,0
333,1
333,2
333,3
333,4
333,5
333,6
333,7
333,8
333,9
333,10
333,11
333,12
333,13
336,0
336,1
336,2
336,3
336,4
336,5
336,6
336,7
338,0
338,1
339,0
339,1
340,0
340,1
341,0
341,1
343,0
343,1
344,0
344,1
346,0
346,1
348,0
348,1
351,0
351,1
351,2
351,3
351,4
351,5
351,6
351,7
351,8
351,9
351,10
351,11
353,0
353,1
353,2
353,3
353,4
353,5
354,0
354,1
354,2
354,3
354,4
354,5
356,0
356,1
357,0
357,1
359,0
359,1
362,0
362,1
362,2
362,3
363,0
363,1
363,2
363,3
364,0
364,1
364,2
364,3
366,0
366,1
366,2
368,0
368,1
370,0
370,1
371,0
371,1
372,0
372,1
373,0
373,1
375,0
375,1
376,0
376,1
378,0
378,1
380,0
380,1
384,0
384,1
384,2
384,3
384,4
384,5
385,0
385,1
385,2
385,3
385,4
385,5
385,6
385,7
385,8
385,9
385,10
386,0
386,1
386,2
386,3
386,4
386,5
386,6
386,7
386,8
386,9
386,10
386,11
386,12
386,13
388,0
388,1
388,2
388,3
388,4
388,5
389,0
389,1
389,2
389,3
389,4
390,0
390,1
390,2
390,3
390,4
390,5
390,6
390,7
390,8
390,9
390,10
390,11
390,12
390,13
390,14
392,0
392,1
392,2
392,3
392,4
392,5
392,6
392,7
392,8
392,9
392,10
394,0
394,1
394,2
394,3
394,4
394,5
397,0
397,1
397,2
397,3
397,4
397,5
398,0
398,1
398,2
398,3
398,4
398,5
398,6
398,7
398,8
398,9
398,10
399,0
399,1
399,2
399,3
399,4
399,5
399,6
399,7
399,8
399,9
399,10
399,11
399,12
399,13
401,0
401,1
401,2
401,3
401,4
401,5
402,0
402,1
402,2
402,3
402,4
403,0
403,1
403,2
403,3
403,4
403,5
403,6
403,7
403,8
403,9
403,10
403,11
403,12
403,13
403,14
405,0
405,1
405,2
405,3
405,4
405,5
405,6
405,7
405,8
407,0
407,1
407,2
407,3
407,4
407,5
412,0
412,1
412,2
412,3
412,4
412,5
412,6
412,7
414,0
414,1
414,2
414,3
415,0
415,1
415,2
415,3
417,0
417,1
418,0
418,1
420,0
420,1
424,0
424,1
424,2
424,3
424,4
424,5
427,0
427,1
427,2
427,3
427,4
427,5
427,6
427,7
429,0
429,1
429,2
429,3
430,0
430,1
430,2
430,3
432,0
432,1
433,0
433,1
435,0
435,1
439,0
439,1
439,2
439,3
439,4
439,5
439,6
439,7
439,8
439,9
446,0
446,1
446,2
446,3
446,4
446,5
446,6
446,7
446,8
446,9
446,10
446,11
446,12
446,13
446,14
446,15
446,16
446,17
446,18
446,19
446,20
446,21
446,22
446,23
446,24
446,25
446,26
446,27
446,28
446,29
446,30
446,31
446,32
446,33
446,34
446,35
446,36
446,37
446,38
446,39
446,40
446,41
446,42
446,43
446,44
446,45
446,46
446,47
446,48
446,49
446,50
446,51
446,52
446,53
446,54
446,55
446,56
446,57
446,58
446,59
449,0
449,1
449,2
449,3
449,4
449,5
449,6
449,7
449,8
449,9
449,10
449,11
449,12
449,13
449,14
449,15
449,16
449,17
449,18
449,19
449,20
449,21
449,22
449,23
449,24
449,25
449,26
449,27
449,28
449,29
449,30
449,31
449,32
449,33
449,34
449,35
449,36
449,37
449,38
449,39
