4,0,6,1
4,0,6,2
4,0,7,1
4,0,7,2
3,1,9,1
3,2,9,2
3,3,9,3
3,4,9,4
3,5,9,5
3,6,9,6
3,7,9,7
3,8,9,8
3,9,10,1
3,10,10,2
3,11,10,3
3,12,10,4
3,13,10,5
3,14,10,6
3,15,10,7
3,16,10,8
3,17,11,1
3,18,11,2
3,19,11,3
3,20,11,4
3,21,11,5
3,22,11,6
3,23,11,7
3,24,11,8
3,25,12,1
3,26,12,2
3,27,12,3
3,28,12,4
3,29,12,5
3,30,12,6
6,1,12,7
7,1,12,8
9,0,14,1
10,0,14,2
11,0,14,3
12,0,14,4
9,0,15,1
10,0,15,2
11,0,15,3
12,0,15,4
9,0,16,1
10,0,16,2
11,0,16,3
12,0,16,4
9,0,17,1
10,0,17,2
11,0,17,3
12,0,17,4
9,0,18,1
10,0,18,2
11,0,18,3
12,0,18,4
9,0,19,1
10,0,19,2
11,0,19,3
12,0,19,4
9,0,20,1
10,0,20,2
11,0,20,3
12,0,20,4
9,0,21,1
10,0,21,2
11,0,21,3
12,0,21,4
14,1,23,1
15,2,23,2
16,1,24,1
17,2,24,2
18,1,25,1
19,2,25,2
20,1,26,1
21,2,26,2
15,1,27,1
14,2,27,2
17,1,28,1
16,2,28,2
19,1,29,1
18,2,29,2
21,1,30,1
20,2,30,2
23,1,32,1
24,1,32,2
25,1,33,1
26,1,33,2
27,1,34,1
28,1,34,2
29,1,35,1
30,1,35,2
32,1,37,1
33,1,37,2
34,1,38,1
35,1,38,2
37,2,40,1
38,2,40,2
37,1,42,1
38,1,42,2
46,0,50,1
47,0,50,2
46,0,51,1
48,0,51,2
45,0,53,1
50,1,53,2
45,0,54,1
51,1,54,2
53,2,56,1
54,2,56,2
53,1,58,1
54,1,58,2
62,0,66,1
63,0,66,2
63,0,66,3
64,0,66,4
64,0,66,5
64,0,66,6
62,0,67,1
63,0,67,2
63,0,67,3
64,0,67,4
64,0,67,5
64,0,67,6
62,0,68,1
63,0,68,2
63,0,68,3
64,0,68,4
64,0,68,5
64,0,68,6
62,0,69,1
63,0,69,2
63,0,69,3
64,0,69,4
64,0,69,5
64,0,69,6
62,0,70,1
63,0,70,2
63,0,70,3
64,0,70,4
64,0,70,5
64,0,70,6
62,0,71,1
63,0,71,2
63,0,71,3
64,0,71,4
64,0,71,5
64,0,71,6
62,0,72,1
63,0,72,2
63,0,72,3
64,0,72,4
64,0,72,5
64,0,72,6
64,0,72,7
66,3,74,1
67,3,74,2
68,3,74,3
69,3,74,4
70,3,74,5
71,3,74,6
72,3,74,7
74,1,76,1
74,2,76,2
79,0,84,1
80,0,84,2
81,0,84,3
82,0,84,4
79,0,85,1
80,0,85,2
81,0,85,3
82,0,85,4
79,0,86,1
80,0,86,2
81,0,86,3
82,0,86,4
79,0,87,1
80,0,87,2
81,0,87,3
82,0,87,4
84,1,89,1
85,2,89,2
86,1,90,1
87,2,90,2
85,1,91,1
84,2,91,2
87,1,92,1
86,2,92,2
89,1,94,1
90,1,94,2
91,1,95,1
92,1,95,2
94,1,97,1
95,1,97,2
100,0,104,1
101,0,104,2
101,0,104,3
101,0,104,4
102,0,104,5
102,0,104,6
100,0,105,1
100,0,105,2
100,0,105,3
100,0,105,4
100,0,105,5
101,0,106,1
101,0,106,2
101,0,106,3
101,0,106,4
101,0,106,5
101,0,106,6
101,0,106,7
101,0,106,8
102,0,106,9
102,0,106,10
102,0,106,11
102,0,106,12
102,0,106,13
102,0,106,14
102,0,106,15
106,0,108,1
106,0,108,2
106,0,108,3
106,0,108,4
106,0,108,5
106,0,108,6
106,0,108,7
106,0,108,8
106,0,108,9
104,1,110,1
104,2,110,2
104,3,110,3
104,4,110,4
104,5,110,5
104,6,110,6
118,1,120,1
118,2,120,2
118,3,120,3
118,4,120,4
118,5,120,5
118,6,120,6
118,7,120,7
118,8,120,8
118,9,120,9
118,10,120,10
118,11,120,11
118,12,120,12
118,13,120,13
118,14,120,14
118,15,120,15
118,16,120,16
118,17,120,17
118,18,120,18
118,19,120,19
118,20,120,20
120,1,122,1
120,2,122,2
120,3,122,3
120,4,122,4
120,5,122,5
120,6,122,6
120,7,122,7
120,8,122,8
120,9,122,9
120,10,122,10
120,11,123,1
120,12,123,2
120,13,123,3
120,14,123,4
120,15,123,5
120,16,123,6
120,17,123,7
120,18,123,8
120,19,123,9
120,20,123,10
123,0,125,1
122,0,125,2
123,0,126,1
122,0,126,2
123,0,127,1
122,0,127,2
123,0,128,1
122,0,128,2
123,0,129,1
122,0,129,2
123,0,130,1
122,0,130,2
123,0,131,1
122,0,131,2
123,0,132,1
122,0,132,2
123,0,133,1
122,0,133,2
123,0,134,1
122,0,134,2
116,1,136,1
117,1,137,1
117,2,137,2
117,3,137,3
117,4,137,4
117,5,137,5
117,6,137,6
117,7,137,7
117,8,137,8
117,9,137,9
117,10,137,10
117,11,137,11
117,12,137,12
117,13,137,13
117,14,137,14
117,15,137,15
117,16,137,16
117,17,137,17
117,18,137,18
117,19,137,19
117,20,137,20
117,21,137,21
125,1,137,22
126,1,137,23
127,1,137,24
128,1,137,25
129,1,137,26
130,1,137,27
131,1,137,28
132,1,137,29
133,1,137,30
134,1,137,31
136,1,139,1
137,1,139,2
137,2,139,3
137,3,139,4
137,4,139,5
137,5,139,6
137,6,139,7
137,7,139,8
137,8,140,1
137,9,140,2
137,10,140,3
137,11,140,4
137,12,140,5
137,13,140,6
137,14,140,7
137,15,140,8
137,16,141,1
137,17,141,2
137,18,141,3
137,19,141,4
137,20,141,5
137,21,141,6
137,22,141,7
137,23,141,8
137,24,142,1
137,25,142,2
137,26,142,3
137,27,142,4
137,28,142,5
137,29,142,6
137,30,142,7
137,31,142,8
139,0,144,1
140,0,144,2
141,0,144,3
142,0,144,4
139,0,145,1
140,0,145,2
141,0,145,3
142,0,145,4
139,0,146,1
140,0,146,2
141,0,146,3
142,0,146,4
139,0,147,1
140,0,147,2
141,0,147,3
142,0,147,4
139,0,148,1
140,0,148,2
141,0,148,3
142,0,148,4
139,0,149,1
140,0,149,2
141,0,149,3
142,0,149,4
139,0,150,1
140,0,150,2
141,0,150,3
142,0,150,4
139,0,151,1
140,0,151,2
141,0,151,3
142,0,151,4
144,1,153,1
145,1,153,2
146,1,153,3
147,1,153,4
148,1,153,5
149,1,153,6
150,1,153,7
151,1,153,8
144,2,154,1
145,2,154,2
146,2,154,3
147,2,154,4
148,2,154,5
149,2,154,6
150,2,154,7
151,2,154,8
154,0,156,1
153,0,156,2
154,0,157,1
153,0,157,2
154,0,158,1
153,0,158,2
154,0,159,1
153,0,159,2
154,0,160,1
153,0,160,2
154,0,161,1
153,0,161,2
154,0,162,1
153,0,162,2
154,0,163,1
153,0,163,2
156,1,165,1
157,1,165,2
158,1,165,3
159,1,165,4
160,1,165,5
161,1,165,6
162,1,165,7
163,1,165,8
165,1,167,1
165,2,167,2
165,3,168,1
165,4,168,2
165,5,169,1
165,6,169,2
165,7,170,1
165,8,170,2
167,1,172,1
168,1,172,2
169,1,172,3
170,1,172,4
172,1,174,1
172,2,174,2
172,3,175,1
172,4,175,2
174,1,177,1
175,1,177,2
182,1,184,1
182,2,184,2
182,3,184,3
182,4,184,4
182,5,184,5
182,6,184,6
182,7,184,7
182,8,184,8
182,9,184,9
182,10,184,10
182,11,184,11
182,12,184,12
182,13,184,13
182,14,184,14
182,15,184,15
182,16,184,16
182,17,184,17
182,18,184,18
182,19,184,19
182,20,184,20
182,21,184,21
182,22,184,22
182,23,184,23
182,24,184,24
182,25,184,25
182,26,184,26
182,27,184,27
182,28,184,28
182,29,184,29
182,30,184,30
182,31,184,31
182,32,184,32
182,33,184,33
182,34,184,34
182,35,184,35
182,36,184,36
182,37,184,37
182,38,184,38
182,39,184,39
182,40,184,40
182,41,184,41
182,42,184,42
182,43,184,43
182,44,184,44
184,1,186,1
184,2,186,2
184,3,186,3
184,4,186,4
184,5,186,5
184,6,186,6
184,7,186,7
184,8,186,8
184,9,186,9
184,10,186,10
184,11,186,11
184,12,186,12
184,13,186,13
184,14,186,14
184,15,186,15
184,16,186,16
184,17,186,17
184,18,186,18
184,19,186,19
184,20,186,20
184,21,186,21
184,22,186,22
184,23,187,1
184,24,187,2
184,25,187,3
184,26,187,4
184,27,187,5
184,28,187,6
184,29,187,7
184,30,187,8
184,31,187,9
184,32,187,10
184,33,187,11
184,34,187,12
184,35,187,13
184,36,187,14
184,37,187,15
184,38,187,16
184,39,187,17
184,40,187,18
184,41,187,19
184,42,187,20
184,43,187,21
184,44,187,22
186,0,189,1
187,0,189,2
186,0,190,1
187,0,190,2
186,0,191,1
187,0,191,2
186,0,192,1
187,0,192,2
186,0,193,1
187,0,193,2
186,0,194,1
187,0,194,2
186,0,195,1
187,0,195,2
186,0,196,1
187,0,196,2
186,0,197,1
187,0,197,2
186,0,198,1
187,0,198,2
186,0,199,1
187,0,199,2
186,0,200,1
187,0,200,2
186,0,201,1
187,0,201,2
186,0,202,1
187,0,202,2
186,0,203,1
187,0,203,2
186,0,204,1
187,0,204,2
186,0,205,1
187,0,205,2
186,0,206,1
187,0,206,2
186,0,207,1
187,0,207,2
186,0,208,1
187,0,208,2
186,0,209,1
187,0,209,2
186,0,210,1
187,0,210,2
180,1,212,1
181,1,213,1
181,2,213,2
181,3,213,3
181,4,213,4
181,5,213,5
181,6,213,6
181,7,213,7
181,8,213,8
181,9,213,9
181,10,213,10
181,11,213,11
181,12,213,12
181,13,213,13
181,14,213,14
181,15,213,15
189,1,213,16
190,1,213,17
191,1,213,18
192,1,213,19
193,1,213,20
194,1,213,21
195,1,213,22
196,1,213,23
197,1,213,24
198,1,213,25
199,1,213,26
200,1,213,27
201,1,213,28
202,1,213,29
203,1,213,30
204,1,213,31
205,1,213,32
206,1,213,33
207,1,213,34
208,1,213,35
209,1,213,36
210,1,213,37
125,2,213,38
126,2,213,39
127,2,213,40
128,2,213,41
129,2,213,42
130,2,213,43
131,2,213,44
132,2,213,45
133,2,213,46
134,2,213,47
212,1,215,1
213,1,215,2
213,2,215,3
213,3,215,4
213,4,215,5
213,5,215,6
213,6,215,7
213,7,215,8
213,8,215,9
213,9,215,10
213,10,215,11
213,11,215,12
213,12,216,1
213,13,216,2
213,14,216,3
213,15,216,4
213,16,216,5
213,17,216,6
213,18,216,7
213,19,216,8
213,20,216,9
213,21,216,10
213,22,216,11
213,23,216,12
213,24,217,1
213,25,217,2
213,26,217,3
213,27,217,4
213,28,217,5
213,29,217,6
213,30,217,7
213,31,217,8
213,32,217,9
213,33,217,10
213,34,217,11
213,35,217,12
213,36,218,1
213,37,218,2
213,38,218,3
213,39,218,4
213,40,218,5
213,41,218,6
213,42,218,7
213,43,218,8
213,44,218,9
213,45,218,10
213,46,218,11
213,47,218,12
215,0,220,1
216,0,220,2
217,0,220,3
218,0,220,4
215,0,221,1
216,0,221,2
217,0,221,3
218,0,221,4
215,0,222,1
216,0,222,2
217,0,222,3
218,0,222,4
215,0,223,1
216,0,223,2
217,0,223,3
218,0,223,4
215,0,224,1
216,0,224,2
217,0,224,3
218,0,224,4
215,0,225,1
216,0,225,2
217,0,225,3
218,0,225,4
215,0,226,1
216,0,226,2
217,0,226,3
218,0,226,4
215,0,227,1
216,0,227,2
217,0,227,3
218,0,227,4
215,0,228,1
216,0,228,2
217,0,228,3
218,0,228,4
215,0,229,1
216,0,229,2
217,0,229,3
218,0,229,4
215,0,230,1
216,0,230,2
217,0,230,3
218,0,230,4
215,0,231,1
216,0,231,2
217,0,231,3
218,0,231,4
144,3,233,1
145,3,233,2
146,3,233,3
147,3,233,4
148,3,233,5
149,3,233,6
150,3,233,7
151,3,233,8
220,1,235,1
221,1,235,2
222,1,235,3
223,1,235,4
224,1,235,5
225,1,235,6
226,1,235,7
227,1,235,8
228,1,235,9
229,1,235,10
230,1,235,11
231,1,235,12
233,1,235,13
233,2,235,14
233,3,235,15
233,4,235,16
220,2,236,1
221,2,236,2
222,2,236,3
223,2,236,4
224,2,236,5
225,2,236,6
226,2,236,7
227,2,236,8
228,2,236,9
229,2,236,10
230,2,236,11
231,2,236,12
233,5,236,13
233,6,236,14
233,7,236,15
233,8,236,16
236,0,238,1
235,0,238,2
236,0,239,1
235,0,239,2
236,0,240,1
235,0,240,2
236,0,241,1
235,0,241,2
236,0,242,1
235,0,242,2
236,0,243,1
235,0,243,2
236,0,244,1
235,0,244,2
236,0,245,1
235,0,245,2
236,0,246,1
235,0,246,2
236,0,247,1
235,0,247,2
236,0,248,1
235,0,248,2
236,0,249,1
235,0,249,2
236,0,250,1
235,0,250,2
236,0,251,1
235,0,251,2
236,0,252,1
235,0,252,2
236,0,253,1
235,0,253,2
238,1,255,1
239,1,255,2
240,1,255,3
241,1,255,4
242,1,255,5
243,1,255,6
244,1,255,7
245,1,255,8
246,1,255,9
247,1,255,10
248,1,255,11
249,1,255,12
250,1,255,13
251,1,255,14
252,1,255,15
253,1,255,16
255,1,257,1
255,2,257,2
255,3,258,1
255,4,258,2
255,5,259,1
255,6,259,2
255,7,260,1
255,8,260,2
255,9,261,1
255,10,261,2
255,11,262,1
255,12,262,2
255,13,263,1
255,14,263,2
255,15,264,1
255,16,264,2
257,1,266,1
258,1,266,2
259,1,266,3
260,1,266,4
261,1,266,5
262,1,266,6
263,1,266,7
264,1,266,8
266,1,268,1
266,2,268,2
266,3,269,1
266,4,269,2
266,5,270,1
266,6,270,2
266,7,271,1
266,8,271,2
268,1,273,1
269,1,273,2
270,1,273,3
271,1,273,4
273,1,275,1
273,2,275,2
273,3,276,1
273,4,276,2
275,1,278,1
276,1,278,2
282,7,284,1
282,9,284,2
282,8,285,1
282,10,285,2
282,1,287,1
284,1,287,2
282,2,288,1
285,1,288,2
282,3,289,1
282,6,289,2
282,4,290,1
282,5,290,2
287,1,292,1
290,1,292,2
288,1,293,1
289,1,293,2
292,1,295,1
293,1,295,2
302,1,304,1
302,16,304,2
302,2,305,1
302,15,305,2
302,3,306,1
302,14,306,2
302,4,307,1
302,13,307,2
302,5,308,1
302,12,308,2
302,6,309,1
302,11,309,2
302,7,310,1
302,10,310,2
302,8,311,1
302,9,311,2
304,1,313,1
311,1,313,2
305,1,314,1
310,1,314,2
306,1,315,1
309,1,315,2
307,1,316,1
308,1,316,2
313,1,318,1
316,1,318,2
314,1,319,1
315,1,319,2
318,1,321,1
319,1,321,2
324,1,326,1
324,2,326,2
324,3,326,3
324,4,326,4
324,5,326,5
324,6,326,6
330,5,332,1
330,12,332,2
330,6,333,1
330,11,333,2
330,7,334,1
330,10,334,2
330,8,335,1
330,9,335,2
330,3,336,1
330,14,336,2
330,4,337,1
330,13,337,2
330,1,339,1
335,1,339,2
330,2,340,1
334,1,340,2
336,1,341,1
333,1,341,2
337,1,342,1
332,1,342,2
339,1,344,1
342,1,344,2
340,1,345,1
341,1,345,2
344,1,347,1
345,1,347,2
357,1,359,1
357,2,359,2
357,3,359,3
357,4,359,4
357,5,359,5
357,6,359,6
357,7,359,7
357,8,359,8
357,9,359,9
357,10,359,10
357,11,359,11
357,12,359,12
357,13,359,13
357,14,359,14
357,15,359,15
357,16,359,16
357,17,359,17
357,18,359,18
357,19,359,19
357,20,359,20
357,21,359,21
357,22,359,22
357,23,359,23
357,24,359,24
359,1,361,1
359,2,361,2
359,3,362,1
359,4,362,2
359,5,363,1
359,6,363,2
359,7,364,1
359,8,364,2
359,9,365,1
359,10,365,2
359,11,366,1
359,12,366,2
359,13,367,1
359,14,367,2
359,15,368,1
359,16,368,2
361,2,370,1
361,1,370,2
362,2,371,1
362,1,371,2
363,2,372,1
363,1,372,2
364,2,373,1
364,1,373,2
365,2,374,1
365,1,374,2
366,2,375,1
366,1,375,2
367,2,376,1
367,1,376,2
368,2,377,1
368,1,377,2
359,17,379,25
359,18,379,26
359,19,379,27
359,20,379,28
359,21,379,29
359,22,379,30
359,23,379,31
359,24,379,32
370,1,379,33
371,1,379,34
372,1,379,35
373,1,379,36
374,1,379,37
375,1,379,38
376,1,379,39
377,1,379,40
379,1,381,1
379,2,381,2
379,3,382,1
379,4,382,2
379,5,383,1
379,6,383,2
379,7,384,1
379,8,384,2
379,9,385,1
379,10,385,2
379,11,386,1
379,12,386,2
379,13,387,1
379,14,387,2
379,15,388,1
379,16,388,2
379,17,389,1
379,18,389,2
379,19,390,1
379,20,390,2
379,21,391,1
379,22,391,2
379,23,392,1
379,24,392,2
379,25,393,1
379,26,393,2
379,27,394,1
379,28,394,2
379,29,395,1
379,30,395,2
379,31,396,1
379,32,396,2
379,33,397,1
379,34,397,2
379,35,398,1
379,36,398,2
379,37,399,1
379,38,399,2
379,39,400,1
379,40,400,2
381,2,402,1
381,1,402,2
382,2,403,1
382,1,403,2
383,2,404,1
383,1,404,2
384,2,405,1
384,1,405,2
385,2,406,1
385,1,406,2
386,2,407,1
386,1,407,2
387,2,408,1
387,1,408,2
388,2,409,1
388,1,409,2
389,2,410,1
389,1,410,2
390,2,411,1
390,1,411,2
391,2,412,1
391,1,412,2
392,2,413,1
392,1,413,2
393,2,414,1
393,1,414,2
394,2,415,1
394,1,415,2
395,2,416,1
395,1,416,2
396,2,417,1
396,1,417,2
397,2,418,1
397,1,418,2
398,2,419,1
398,1,419,2
399,2,420,1
399,1,420,2
400,2,421,1
400,1,421,2
402,1,423,45
403,1,423,46
404,1,423,47
405,1,423,48
406,1,423,49
407,1,423,50
408,1,423,51
409,1,423,52
410,1,423,53
411,1,423,54
412,1,423,55
413,1,423,56
414,1,423,57
415,1,423,58
416,1,423,59
417,1,423,60
418,1,423,61
419,1,423,62
420,1,423,63
421,1,423,64
423,1,425,1
423,2,425,2
423,3,426,1
423,4,426,2
423,5,427,1
423,6,427,2
423,7,428,1
423,8,428,2
423,9,429,1
423,10,429,2
423,11,430,1
423,12,430,2
423,13,431,1
423,14,431,2
423,15,432,1
423,16,432,2
423,17,433,1
423,18,433,2
423,19,434,1
423,20,434,2
423,21,435,1
423,22,435,2
423,23,436,1
423,24,436,2
423,25,437,1
423,26,437,2
423,27,438,1
423,28,438,2
423,29,439,1
423,30,439,2
423,31,440,1
423,32,440,2
423,33,441,1
423,34,441,2
423,35,442,1
423,36,442,2
423,37,443,1
423,38,443,2
423,39,444,1
423,40,444,2
423,41,445,1
423,42,445,2
423,43,446,1
423,44,446,2
423,45,447,1
423,46,447,2
423,47,448,1
423,48,448,2
423,49,449,1
423,50,449,2
423,51,450,1
423,52,450,2
423,53,451,1
423,54,451,2
423,55,452,1
423,56,452,2
423,57,453,1
423,58,453,2
423,59,454,1
423,60,454,2
423,61,455,1
423,62,455,2
423,63,456,1
423,64,456,2
425,2,458,1
425,1,458,2
426,2,459,1
426,1,459,2
427,2,460,1
427,1,460,2
428,2,461,1
428,1,461,2
429,2,462,1
429,1,462,2
430,2,463,1
430,1,463,2
431,2,464,1
431,1,464,2
432,2,465,1
432,1,465,2
433,2,466,1
433,1,466,2
434,2,467,1
434,1,467,2
435,2,468,1
435,1,468,2
436,2,469,1
436,1,469,2
437,2,470,1
437,1,470,2
438,2,471,1
438,1,471,2
439,2,472,1
439,1,472,2
440,2,473,1
440,1,473,2
441,2,474,1
441,1,474,2
442,2,475,1
442,1,475,2
443,2,476,1
443,1,476,2
444,2,477,1
444,1,477,2
445,2,478,1
445,1,478,2
446,2,479,1
446,1,479,2
447,2,480,1
447,1,480,2
448,2,481,1
448,1,481,2
449,2,482,1
449,1,482,2
450,2,483,1
450,1,483,2
451,2,484,1
451,1,484,2
452,2,485,1
452,1,485,2
453,2,486,1
453,1,486,2
454,2,487,1
454,1,487,2
455,2,488,1
455,1,488,2
456,2,489,1
456,1,489,2
458,1,491,1
459,1,491,2
460,1,491,3
461,1,491,4
462,1,491,5
463,1,491,6
464,1,491,7
465,1,491,8
466,1,491,9
467,1,491,10
468,1,491,11
469,1,491,12
470,1,491,13
471,1,491,14
472,1,491,15
473,1,491,16
474,1,491,17
475,1,491,18
476,1,491,19
477,1,491,20
478,1,491,21
479,1,491,22
480,1,491,23
481,1,491,24
482,1,491,25
483,1,491,26
484,1,491,27
485,1,491,28
486,1,491,29
487,1,491,30
488,1,491,31
489,1,491,32
491,1,493,1
491,2,493,2
491,3,494,1
491,4,494,2
491,5,495,1
491,6,495,2
491,7,496,1
491,8,496,2
491,9,497,1
491,10,497,2
491,11,498,1
491,12,498,2
491,13,499,1
491,14,499,2
491,15,500,1
491,16,500,2
491,17,501,1
491,18,501,2
491,19,502,1
491,20,502,2
491,21,503,1
491,22,503,2
491,23,504,1
491,24,504,2
491,25,505,1
491,26,505,2
491,27,506,1
491,28,506,2
491,29,507,1
491,30,507,2
491,31,508,1
491,32,508,2
493,2,510,1
493,1,510,2
494,2,511,1
494,1,511,2
495,2,512,1
495,1,512,2
496,2,513,1
496,1,513,2
497,2,514,1
497,1,514,2
498,2,515,1
498,1,515,2
499,2,516,1
499,1,516,2
500,2,517,1
500,1,517,2
501,2,518,1
501,1,518,2
502,2,519,1
502,1,519,2
503,2,520,1
503,1,520,2
504,2,521,1
504,1,521,2
505,2,522,1
505,1,522,2
506,2,523,1
506,1,523,2
507,2,524,1
507,1,524,2
508,2,525,1
508,1,525,2
510,1,527,1
511,1,527,2
512,1,527,3
513,1,527,4
514,1,527,5
515,1,527,6
516,1,527,7
517,1,527,8
518,1,527,9
519,1,527,10
520,1,527,11
521,1,527,12
522,1,527,13
523,1,527,14
524,1,527,15
525,1,527,16
527,1,529,1
527,2,529,2
527,3,530,1
527,4,530,2
527,5,531,1
527,6,531,2
527,7,532,1
527,8,532,2
527,9,533,1
527,10,533,2
527,11,534,1
527,12,534,2
527,13,535,1
527,14,535,2
527,15,536,1
527,16,536,2
529,2,538,1
529,1,538,2
530,2,539,1
530,1,539,2
531,2,540,1
531,1,540,2
532,2,541,1
532,1,541,2
533,2,542,1
533,1,542,2
534,2,543,1
534,1,543,2
535,2,544,1
535,1,544,2
536,2,545,1
536,1,545,2
538,1,547,1
539,1,547,2
540,1,547,3
541,1,547,4
542,1,547,5
543,1,547,6
544,1,547,7
545,1,547,8
547,1,549,1
547,2,549,2
547,3,550,1
547,4,550,2
547,5,551,1
547,6,551,2
547,7,552,1
547,8,552,2
549,2,554,1
549,1,554,2
550,2,555,1
550,1,555,2
551,2,556,1
551,1,556,2
552,2,557,1
552,1,557,2
554,1,559,1
555,1,559,2
556,1,559,3
557,1,559,4
559,1,561,1
559,2,561,2
559,3,562,1
559,4,562,2
561,1,564,1
562,1,564,2
567,1,570,1
567,2,570,2
567,3,570,3
567,4,570,4
567,5,570,5
567,6,570,6
567,7,570,7
567,8,570,8
567,9,570,9
567,10,570,10
567,11,570,11
567,12,570,12
567,13,570,13
567,14,570,14
567,15,570,15
567,16,570,16
567,17,570,17
567,18,570,18
567,19,570,19
567,20,570,20
567,21,570,21
567,22,570,22
567,23,570,23
567,24,570,24
567,25,570,25
567,26,570,26
567,27,570,27
567,28,570,28
567,29,570,29
567,30,570,30
567,31,570,31
567,32,570,32
567,33,570,33
567,34,570,34
567,35,570,35
567,36,570,36
567,37,570,37
567,38,570,38
567,39,570,39
567,40,570,40
567,41,570,41
567,42,570,42
567,43,570,43
567,44,570,44
567,45,570,45
567,46,570,46
567,47,570,47
567,48,570,48
567,49,570,49
567,50,570,50
567,51,570,51
567,52,570,52
567,53,570,53
567,54,570,54
567,55,570,55
567,56,570,56
567,57,570,57
567,58,570,58
567,59,570,59
567,60,570,60
567,61,570,61
567,62,570,62
567,63,570,63
567,64,570,64
567,65,570,65
567,66,570,66
567,67,570,67
567,68,570,68
567,69,570,69
567,70,570,70
567,71,570,71
567,72,570,72
570,1,572,1
570,2,572,2
570,3,573,1
570,4,573,2
570,5,574,1
570,6,574,2
570,7,575,1
570,8,575,2
570,9,576,1
570,10,576,2
570,11,577,1
570,12,577,2
570,13,578,1
570,14,578,2
570,15,579,1
570,16,579,2
570,17,580,1
570,18,580,2
570,19,581,1
570,20,581,2
570,21,582,1
570,22,582,2
570,23,583,1
570,24,583,2
570,25,584,1
570,26,584,2
570,27,585,1
570,28,585,2
570,29,586,1
570,30,586,2
570,31,587,1
570,32,587,2
570,33,588,1
570,34,588,2
570,35,589,1
570,36,589,2
570,37,590,1
570,38,590,2
570,39,591,1
570,40,591,2
570,41,592,1
570,42,592,2
570,43,593,1
570,44,593,2
570,45,594,1
570,46,594,2
570,47,595,1
570,48,595,2
570,49,596,1
570,50,596,2
570,51,597,1
570,52,597,2
570,53,598,1
570,54,598,2
570,55,599,1
570,56,599,2
570,57,600,1
570,58,600,2
570,59,601,1
570,60,601,2
570,61,602,1
570,62,602,2
570,63,603,1
570,64,603,2
570,65,604,1
570,66,604,2
570,67,605,1
570,68,605,2
570,69,606,1
570,70,606,2
570,71,607,1
570,72,607,2
568,9,609,1
568,10,609,2
568,11,609,3
568,12,609,4
568,13,609,5
568,14,609,6
568,15,609,7
568,16,609,8
568,17,609,9
568,18,609,10
568,19,609,11
568,20,609,12
572,1,609,13
573,1,609,14
574,1,609,15
575,1,609,16
576,1,609,17
577,1,609,18
578,1,609,19
579,1,609,20
580,1,609,21
581,1,609,22
582,1,609,23
583,1,609,24
584,1,609,25
585,1,609,26
586,1,609,27
587,1,609,28
588,1,609,29
589,1,609,30
590,1,609,31
591,1,609,32
592,1,609,33
593,1,609,34
594,1,609,35
595,1,609,36
596,1,609,37
597,1,609,38
598,1,609,39
599,1,609,40
600,1,609,41
601,1,609,42
602,1,609,43
603,1,609,44
604,1,609,45
605,1,609,46
606,1,609,47
607,1,609,48
609,1,611,1
609,2,611,2
609,3,612,1
609,4,612,2
609,5,613,1
609,6,613,2
609,7,614,1
609,8,614,2
609,9,615,1
609,10,615,2
609,11,616,1
609,12,616,2
609,13,617,1
609,14,617,2
609,15,618,1
609,16,618,2
609,17,619,1
609,18,619,2
609,19,620,1
609,20,620,2
609,21,621,1
609,22,621,2
609,23,622,1
609,24,622,2
609,25,623,1
609,26,623,2
609,27,624,1
609,28,624,2
609,29,625,1
609,30,625,2
609,31,626,1
609,32,626,2
609,33,627,1
609,34,627,2
609,35,628,1
609,36,628,2
609,37,629,1
609,38,629,2
609,39,630,1
609,40,630,2
609,41,631,1
609,42,631,2
609,43,632,1
609,44,632,2
609,45,633,1
609,46,633,2
609,47,634,1
609,48,634,2
568,1,636,1
568,2,636,2
568,3,636,3
568,4,636,4
568,5,636,5
568,6,636,6
568,7,636,7
568,8,636,8
611,1,636,9
612,1,636,10
613,1,636,11
614,1,636,12
615,1,636,13
616,1,636,14
617,1,636,15
618,1,636,16
619,1,636,17
620,1,636,18
621,1,636,19
622,1,636,20
623,1,636,21
624,1,636,22
625,1,636,23
626,1,636,24
627,1,636,25
628,1,636,26
629,1,636,27
630,1,636,28
631,1,636,29
632,1,636,30
633,1,636,31
634,1,636,32
636,1,638,1
636,2,638,2
636,3,639,1
636,4,639,2
636,5,640,1
636,6,640,2
636,7,641,1
636,8,641,2
636,9,642,1
636,10,642,2
636,11,643,1
636,12,643,2
636,13,644,1
636,14,644,2
636,15,645,1
636,16,645,2
636,17,646,1
636,18,646,2
636,19,647,1
636,20,647,2
636,21,648,1
636,22,648,2
636,23,649,1
636,24,649,2
636,25,650,1
636,26,650,2
636,27,651,1
636,28,651,2
636,29,652,1
636,30,652,2
636,31,653,1
636,32,653,2
638,1,655,1
639,1,655,2
640,1,655,3
641,1,655,4
642,1,655,5
643,1,655,6
644,1,655,7
645,1,655,8
646,1,655,9
647,1,655,10
648,1,655,11
649,1,655,12
650,1,655,13
651,1,655,14
652,1,655,15
653,1,655,16
655,1,657,1
655,2,657,2
655,3,658,1
655,4,658,2
655,5,659,1
655,6,659,2
655,7,660,1
655,8,660,2
655,9,661,1
655,10,661,2
655,11,662,1
655,12,662,2
655,13,663,1
655,14,663,2
655,15,664,1
655,16,664,2
657,1,666,1
658,1,666,2
659,1,666,3
660,1,666,4
661,1,666,5
662,1,666,6
663,1,666,7
664,1,666,8
666,1,668,1
666,2,668,2
666,3,669,1
666,4,669,2
666,5,670,1
666,6,670,2
666,7,671,1
666,8,671,2
668,1,673,1
669,1,673,2
670,1,673,3
671,1,673,4
673,1,675,1
673,2,675,2
673,3,676,1
673,4,676,2
675,1,678,1
676,1,678,2
681,1,683,1
681,2,683,2
681,3,683,3
681,4,683,4
681,5,683,5
681,6,683,6
681,7,683,7
681,8,683,8
681,9,683,9
681,10,683,10
681,11,683,11
681,12,683,12
681,13,683,13
681,14,683,14
681,15,683,15
681,16,683,16
681,17,683,17
681,18,683,18
681,19,683,19
681,20,683,20
681,21,683,21
681,22,683,22
681,23,683,23
681,24,683,24
681,25,683,25
681,26,683,26
681,27,683,27
681,28,683,28
681,29,683,29
681,30,683,30
681,31,683,31
681,32,683,32
681,33,683,33
681,34,683,34
681,35,683,35
681,36,683,36
681,37,683,37
681,38,683,38
681,39,683,39
681,40,683,40
681,41,683,41
681,42,683,42
681,43,683,43
681,44,683,44
681,45,683,45
681,46,683,46
681,47,683,47
681,48,683,48
683,1,685,1
683,2,685,2
683,3,685,3
683,4,685,4
683,5,685,5
683,6,685,6
683,7,685,7
683,8,685,8
683,25,686,1
683,26,686,2
683,27,686,3
683,28,686,4
683,29,686,5
683,30,686,6
683,31,686,7
683,32,686,8
683,9,689,1
683,10,689,2
683,11,690,1
683,12,690,2
683,13,691,1
683,14,691,2
683,15,692,1
683,16,692,2
683,17,694,1
683,18,694,2
683,19,695,1
683,20,695,2
683,21,696,1
683,22,696,2
683,23,697,1
683,24,697,2
683,33,699,1
683,34,699,2
683,35,700,1
683,36,700,2
683,37,701,1
683,38,701,2
683,39,702,1
683,40,702,2
683,41,704,1
683,42,704,2
683,43,705,1
683,44,705,2
683,45,706,1
683,46,706,2
683,47,707,1
683,48,707,2
685,1,709,1
685,2,709,2
685,3,709,3
685,4,709,4
685,5,709,5
685,6,709,6
685,7,709,7
685,8,709,8
689,1,709,9
690,1,709,10
691,1,709,11
692,1,709,12
694,1,709,13
695,1,709,14
696,1,709,15
697,1,709,16
686,1,710,1
686,2,710,2
686,3,710,3
686,4,710,4
686,5,710,5
686,6,710,6
686,7,710,7
686,8,710,8
699,1,710,9
700,1,710,10
701,1,710,11
702,1,710,12
704,1,710,13
705,1,710,14
706,1,710,15
707,1,710,16
709,1,713,1
709,2,713,2
709,3,714,1
709,4,714,2
709,5,715,1
709,6,715,2
709,7,716,1
709,8,716,2
709,9,717,1
709,10,717,2
709,11,718,1
709,12,718,2
709,13,719,1
709,14,719,2
709,15,720,1
709,16,720,2
710,1,722,1
710,2,722,2
710,3,723,1
710,4,723,2
710,5,724,1
710,6,724,2
710,7,725,1
710,8,725,2
710,9,726,1
710,10,726,2
710,11,727,1
710,12,727,2
710,13,728,1
710,14,728,2
710,15,729,1
710,16,729,2
713,1,731,1
714,1,731,2
715,1,731,3
716,1,731,4
717,1,731,5
718,1,731,6
719,1,731,7
720,1,731,8
722,1,732,1
723,1,732,2
724,1,732,3
725,1,732,4
726,1,732,5
727,1,732,6
728,1,732,7
729,1,732,8
731,1,735,1
731,2,735,2
731,3,736,1
731,4,736,2
731,5,737,1
731,6,737,2
731,7,738,1
731,8,738,2
732,1,740,1
732,2,740,2
732,3,741,1
732,4,741,2
732,5,742,1
732,6,742,2
732,7,743,1
732,8,743,2
735,1,745,1
736,1,745,2
737,1,745,3
738,1,745,4
740,1,746,1
741,1,746,2
742,1,746,3
743,1,746,4
745,1,749,1
745,2,749,2
745,3,750,1
745,4,750,2
746,1,752,1
746,2,752,2
746,3,753,1
746,4,753,2
749,1,755,1
750,1,755,2
752,1,756,1
753,1,756,2
755,1,758,1
756,1,758,2
764,6,775,1
764,3,775,2
764,5,776,1
764,4,776,2
776,1,778,1
775,1,778,2
767,6,783,1
767,3,783,2
767,5,784,1
767,4,784,2
784,1,786,1
783,1,786,2
770,7,791,1
770,4,791,2
770,6,792,1
770,5,792,2
792,1,794,1
791,1,794,2
802,1,804,1
802,2,804,2
802,3,804,3
802,4,804,4
802,5,804,5
802,6,804,6
802,7,804,7
802,8,804,8
802,9,804,9
802,10,804,10
802,11,804,11
802,12,804,12
802,13,804,13
802,14,804,14
802,15,804,15
802,16,804,16
802,17,804,17
802,18,804,18
802,19,804,19
802,20,804,20
804,1,806,1
804,2,806,2
804,3,807,1
804,4,807,2
804,5,808,1
804,6,808,2
804,7,809,1
804,8,809,2
804,9,810,1
804,10,810,2
804,11,811,1
804,12,811,2
804,13,812,1
804,14,812,2
804,15,813,1
804,16,813,2
801,1,815,1
801,2,815,2
801,3,815,3
801,4,815,4
801,5,815,5
801,6,815,6
801,7,815,7
801,8,815,8
801,9,815,9
801,10,815,10
801,11,815,11
801,12,815,12
801,13,815,13
801,14,815,14
801,15,815,15
801,16,815,16
801,17,815,17
801,18,815,18
801,19,815,19
801,20,815,20
804,17,815,21
804,18,815,22
804,19,815,23
804,20,815,24
806,1,815,25
807,1,815,26
808,1,815,27
809,1,815,28
810,1,815,29
811,1,815,30
812,1,815,31
813,1,815,32
815,1,817,1
815,2,817,2
815,3,818,1
815,4,818,2
815,5,819,1
815,6,819,2
815,7,820,1
815,8,820,2
815,9,821,1
815,10,821,2
815,11,822,1
815,12,822,2
815,13,823,1
815,14,823,2
815,15,824,1
815,16,824,2
815,17,825,1
815,18,825,2
815,19,826,1
815,20,826,2
815,21,827,1
815,22,827,2
815,23,828,1
815,24,828,2
815,25,829,1
815,26,829,2
815,27,830,1
815,28,830,2
815,29,831,1
815,30,831,2
815,31,832,1
815,32,832,2
817,1,834,1
818,1,834,2
819,1,834,3
820,1,834,4
821,1,834,5
822,1,834,6
823,1,834,7
824,1,834,8
825,1,834,9
826,1,834,10
827,1,834,11
828,1,834,12
829,1,834,13
830,1,834,14
831,1,834,15
832,1,834,16
834,1,836,1
834,2,836,2
834,3,837,1
834,4,837,2
834,5,838,1
834,6,838,2
834,7,839,1
834,8,839,2
834,9,840,1
834,10,840,2
834,11,841,1
834,12,841,2
834,13,842,1
834,14,842,2
834,15,843,1
834,16,843,2
836,1,845,1
837,1,845,2
838,1,845,3
839,1,845,4
840,1,845,5
841,1,845,6
842,1,845,7
843,1,845,8
845,1,847,1
845,2,847,2
845,3,848,1
845,4,848,2
845,5,849,1
845,6,849,2
845,7,850,1
845,8,850,2
847,1,852,1
848,1,852,2
849,1,852,3
850,1,852,4
852,1,854,1
852,2,854,2
852,3,855,1
852,4,855,2
854,1,857,1
855,1,857,2
861,1,863,1
861,2,863,2
861,3,863,3
861,4,863,4
861,5,863,5
861,6,863,6
861,7,863,7
861,8,863,8
861,9,863,9
861,10,863,10
861,11,863,11
861,12,863,12
861,13,863,13
861,14,863,14
861,15,863,15
861,16,863,16
861,17,863,17
861,18,863,18
861,19,863,19
861,20,863,20
863,1,865,1
863,2,865,2
863,3,866,1
863,4,866,2
863,5,867,1
863,6,867,2
863,7,868,1
863,8,868,2
863,9,869,1
863,10,869,2
863,11,870,1
863,12,870,2
863,13,871,1
863,14,871,2
863,15,872,1
863,16,872,2
860,1,874,1
860,2,874,2
860,3,874,3
860,4,874,4
860,5,874,5
860,6,874,6
860,7,874,7
860,8,874,8
860,9,874,9
860,10,874,10
860,11,874,11
860,12,874,12
860,13,874,13
860,14,874,14
860,15,874,15
860,16,874,16
860,17,874,17
860,18,874,18
860,19,874,19
860,20,874,20
863,17,874,21
863,18,874,22
863,19,874,23
863,20,874,24
865,1,874,25
866,1,874,26
867,1,874,27
868,1,874,28
869,1,874,29
870,1,874,30
871,1,874,31
872,1,874,32
874,1,876,1
874,2,876,2
874,3,877,1
874,4,877,2
874,5,878,1
874,6,878,2
874,7,879,1
874,8,879,2
874,9,880,1
874,10,880,2
874,11,881,1
874,12,881,2
874,13,882,1
874,14,882,2
874,15,883,1
874,16,883,2
874,17,884,1
874,18,884,2
874,19,885,1
874,20,885,2
874,21,886,1
874,22,886,2
874,23,887,1
874,24,887,2
874,25,888,1
874,26,888,2
874,27,889,1
874,28,889,2
874,29,890,1
874,30,890,2
874,31,891,1
874,32,891,2
876,1,893,1
877,1,893,2
878,1,893,3
879,1,893,4
880,1,893,5
881,1,893,6
882,1,893,7
883,1,893,8
884,1,893,9
885,1,893,10
886,1,893,11
887,1,893,12
888,1,893,13
889,1,893,14
890,1,893,15
891,1,893,16
893,1,895,1
893,2,895,2
893,3,896,1
893,4,896,2
893,5,897,1
893,6,897,2
893,7,898,1
893,8,898,2
893,9,899,1
893,10,899,2
893,11,900,1
893,12,900,2
893,13,901,1
893,14,901,2
893,15,902,1
893,16,902,2
895,1,904,1
896,1,904,2
897,1,904,3
898,1,904,4
899,1,904,5
900,1,904,6
901,1,904,7
902,1,904,8
904,1,906,1
904,2,906,2
904,3,907,1
904,4,907,2
904,5,908,1
904,6,908,2
904,7,909,1
904,8,909,2
906,1,911,1
907,1,911,2
908,1,911,3
909,1,911,4
911,1,913,1
911,2,913,2
911,3,914,1
911,4,914,2
913,1,916,1
914,1,916,2
927,1,929,1
927,2,929,2
927,3,929,3
927,4,929,4
927,5,929,5
927,6,929,6
927,7,929,7
927,8,929,8
927,9,929,9
927,10,929,10
927,11,929,11
927,12,929,12
927,13,929,13
927,14,929,14
927,15,929,15
927,16,929,16
927,17,929,17
927,18,929,18
929,1,931,1
929,2,931,2
929,3,932,1
929,4,932,2
929,5,933,1
929,6,933,2
929,7,934,1
929,8,934,2
926,1,936,1
926,2,936,2
926,3,936,3
926,4,936,4
926,5,936,5
926,6,936,6
926,7,936,7
926,8,936,8
926,9,936,9
926,10,936,10
926,11,936,11
926,12,936,12
926,13,936,13
926,14,936,14
926,15,936,15
926,16,936,16
926,17,936,17
926,18,936,18
929,9,936,19
929,10,936,20
929,11,936,21
929,12,936,22
929,13,936,23
929,14,936,24
929,15,936,25
929,16,936,26
929,17,936,27
929,18,936,28
931,1,936,29
932,1,936,30
933,1,936,31
934,1,936,32
936,1,938,1
936,2,938,2
936,3,939,1
936,4,939,2
936,5,940,1
936,6,940,2
936,7,941,1
936,8,941,2
936,9,942,1
936,10,942,2
936,11,943,1
936,12,943,2
936,13,944,1
936,14,944,2
936,15,945,1
936,16,945,2
936,17,946,1
936,18,946,2
936,19,947,1
936,20,947,2
936,21,948,1
936,22,948,2
936,23,949,1
936,24,949,2
936,25,950,1
936,26,950,2
936,27,951,1
936,28,951,2
936,29,952,1
936,30,952,2
936,31,953,1
936,32,953,2
938,1,955,1
939,1,955,2
940,1,955,3
941,1,955,4
942,1,955,5
943,1,955,6
944,1,955,7
945,1,955,8
946,1,955,9
947,1,955,10
948,1,955,11
949,1,955,12
950,1,955,13
951,1,955,14
952,1,955,15
953,1,955,16
955,1,957,1
955,2,957,2
955,3,958,1
955,4,958,2
955,5,959,1
955,6,959,2
955,7,960,1
955,8,960,2
955,9,961,1
955,10,961,2
955,11,962,1
955,12,962,2
955,13,963,1
955,14,963,2
955,15,964,1
955,16,964,2
957,1,966,1
958,1,966,2
959,1,966,3
960,1,966,4
961,1,966,5
962,1,966,6
963,1,966,7
964,1,966,8
966,1,968,1
966,2,968,2
966,3,969,1
966,4,969,2
966,5,970,1
966,6,970,2
966,7,971,1
966,8,971,2
968,1,973,1
969,1,973,2
970,1,973,3
971,1,973,4
973,1,975,1
973,2,975,2
973,3,976,1
973,4,976,2
975,1,978,1
976,1,978,2
981,16,989,1
984,3,989,2
997,1,999,1
997,2,999,2
997,3,999,3
997,4,999,4
997,5,999,5
997,6,999,6
997,7,999,7
997,8,999,8
997,9,999,9
997,10,999,10
997,11,999,11
997,12,999,12
997,13,999,13
997,14,999,14
997,15,999,15
997,16,999,16
997,17,999,17
997,18,999,18
997,19,999,19
997,20,999,20
997,21,999,21
997,22,999,22
999,19,1001,1
999,20,1001,2
999,21,1002,1
999,22,1002,2
996,9,1004,1
999,1,1004,2
999,16,1005,1
1002,1,1005,2
996,13,1006,1
999,5,1006,2
996,20,1007,1
999,12,1007,2
996,12,1008,1
999,4,1008,2
999,13,1009,1
999,18,1009,2
996,16,1010,1
999,8,1010,2
996,17,1011,1
999,9,1011,2
996,10,1012,1
999,2,1012,2
999,15,1013,1
1001,1,1013,2
996,14,1014,1
999,6,1014,2
996,19,1015,1
999,11,1015,2
996,11,1016,1
999,3,1016,2
999,14,1017,1
999,17,1017,2
996,15,1018,1
999,7,1018,2
996,18,1019,1
999,10,1019,2
1004,1,1021,1
1005,1,1021,2
1006,1,1022,1
1007,1,1022,2
1008,1,1023,1
1009,1,1023,2
1010,1,1024,1
1011,1,1024,2
1012,1,1025,1
1013,1,1025,2
1014,1,1026,1
1015,1,1026,2
1016,1,1027,1
1017,1,1027,2
1018,1,1028,1
1019,1,1028,2
996,1,1030,1
1028,1,1030,2
996,8,1031,1
1021,1,1031,2
996,4,1032,1
1025,1,1032,2
996,5,1033,1
1024,1,1033,2
996,2,1034,1
1027,1,1034,2
996,7,1035,1
1022,1,1035,2
996,3,1036,1
1026,1,1036,2
996,6,1037,1
1023,1,1037,2
1030,1,1039,1
1031,1,1039,2
1032,1,1040,1
1033,1,1040,2
1034,1,1041,1
1035,1,1041,2
1036,1,1042,1
1037,1,1042,2
1039,1,1044,1
1040,1,1044,2
1041,1,1045,1
1042,1,1045,2
1044,1,1047,1
1045,1,1047,2
1057,15,1059,1
1057,18,1059,2
1057,16,1060,1
1057,17,1060,2
1057,1,1062,1
1059,1,1062,2
1057,2,1063,1
1060,1,1063,2
1057,3,1064,1
1057,14,1064,2
1057,4,1065,1
1057,13,1065,2
1057,5,1066,1
1057,12,1066,2
1057,6,1067,1
1057,11,1067,2
1057,7,1068,1
1057,10,1068,2
1057,8,1069,1
1057,9,1069,2
1062,1,1071,1
1069,1,1071,2
1063,1,1072,1
1068,1,1072,2
1064,1,1073,1
1067,1,1073,2
1065,1,1074,1
1066,1,1074,2
1071,1,1076,1
1074,1,1076,2
1072,1,1077,1
1073,1,1077,2
1076,1,1079,1
1077,1,1079,2
1086,1,1088,1
1086,16,1088,2
1086,2,1089,1
1086,15,1089,2
1086,3,1090,1
1086,14,1090,2
1086,4,1091,1
1086,13,1091,2
1086,5,1092,1
1086,12,1092,2
1086,6,1093,1
1086,11,1093,2
1086,7,1094,1
1086,10,1094,2
1086,8,1095,1
1086,9,1095,2
1088,1,1097,1
1095,1,1097,2
1089,1,1098,1
1094,1,1098,2
1090,1,1099,1
1093,1,1099,2
1091,1,1100,1
1092,1,1100,2
1097,1,1102,1
1100,1,1102,2
1098,1,1103,1
1099,1,1103,2
1102,1,1105,1
1103,1,1105,2
1112,1,1114,1
1112,16,1114,2
1112,2,1115,1
1112,15,1115,2
1112,3,1116,1
1112,14,1116,2
1112,4,1117,1
1112,13,1117,2
1112,5,1118,1
1112,12,1118,2
1112,6,1119,1
1112,11,1119,2
1112,7,1120,1
1112,10,1120,2
1112,8,1121,1
1112,9,1121,2
1114,1,1123,1
1121,1,1123,2
1115,1,1124,1
1120,1,1124,2
1116,1,1125,1
1119,1,1125,2
1117,1,1126,1
1118,1,1126,2
1123,1,1128,1
1126,1,1128,2
1124,1,1129,1
1125,1,1129,2
1128,1,1131,1
1129,1,1131,2
1134,1,1136,1
1134,2,1136,2
1134,3,1136,3
1134,4,1136,4
1134,5,1136,5
1134,6,1136,6
1134,7,1136,7
1134,8,1136,8
1134,9,1137,1
1134,10,1137,2
1134,11,1137,3
1134,12,1137,4
1134,13,1137,5
1134,14,1137,6
1134,15,1137,7
1134,16,1137,8
1141,1,1143,1
1141,16,1143,2
1141,2,1144,1
1141,15,1144,2
1141,3,1145,1
1141,14,1145,2
1141,4,1146,1
1141,13,1146,2
1141,5,1147,1
1141,12,1147,2
1141,6,1148,1
1141,11,1148,2
1141,7,1149,1
1141,10,1149,2
1141,8,1150,1
1141,9,1150,2
1143,1,1152,1
1150,1,1152,2
1144,1,1153,1
1149,1,1153,2
1145,1,1154,1
1148,1,1154,2
1146,1,1155,1
1147,1,1155,2
1152,1,1157,1
1155,1,1157,2
1153,1,1158,1
1154,1,1158,2
1157,1,1160,1
1158,1,1160,2
1167,1,1169,1
1167,16,1169,2
1167,2,1170,1
1167,15,1170,2
1167,3,1171,1
1167,14,1171,2
1167,4,1172,1
1167,13,1172,2
1167,5,1173,1
1167,12,1173,2
1167,6,1174,1
1167,11,1174,2
1167,7,1175,1
1167,10,1175,2
1167,8,1176,1
1167,9,1176,2
1169,1,1178,1
1176,1,1178,2
1170,1,1179,1
1175,1,1179,2
1171,1,1180,1
1174,1,1180,2
1172,1,1181,1
1173,1,1181,2
1178,1,1183,1
1181,1,1183,2
1179,1,1184,1
1180,1,1184,2
1183,1,1186,1
1184,1,1186,2
1193,5,1195,1
1193,12,1195,2
1193,6,1196,1
1193,11,1196,2
1193,7,1197,1
1193,10,1197,2
1193,8,1198,1
1193,9,1198,2
1195,2,1200,1
1195,1,1200,2
1196,2,1201,1
1196,1,1201,2
1197,2,1202,1
1197,1,1202,2
1198,2,1203,1
1198,1,1203,2
1193,1,1205,1
1200,1,1205,2
1193,2,1206,1
1201,1,1206,2
1193,3,1207,1
1202,1,1207,2
1193,4,1208,1
1203,1,1208,2
1205,2,1210,1
1205,1,1210,2
1206,2,1211,1
1206,1,1211,2
1207,2,1212,1
1207,1,1212,2
1208,2,1213,1
1208,1,1213,2
1210,1,1215,1
1213,1,1215,2
1211,1,1216,1
1212,1,1216,2
1215,1,1218,1
1216,1,1218,2
1221,1,1223,1
1221,2,1223,2
1221,3,1223,3
1221,4,1223,4
1221,5,1223,5
1221,6,1223,6
1221,7,1224,1
1221,8,1224,2
1221,9,1224,3
1221,10,1224,4
1221,11,1224,5
1221,12,1224,6
1232,1,1234,1
1232,2,1234,2
1232,3,1234,3
1232,4,1234,4
1232,5,1234,5
1232,6,1234,6
1232,7,1234,7
1232,8,1234,8
1232,9,1234,9
1232,10,1234,10
1232,11,1234,11
1232,12,1234,12
1232,13,1234,13
1232,14,1234,14
1232,15,1234,15
1232,16,1234,16
1232,17,1234,17
1232,18,1234,18
1232,19,1234,19
1232,20,1234,20
1232,21,1234,21
1232,22,1234,22
1234,3,1236,1
1234,4,1236,2
1234,5,1237,1
1234,6,1237,2
1234,7,1238,1
1234,8,1238,2
1234,9,1239,1
1234,10,1239,2
1234,11,1240,1
1234,12,1240,2
1234,13,1241,1
1234,14,1241,2
1234,15,1242,1
1234,16,1242,2
1234,17,1243,1
1234,18,1243,2
1234,19,1244,1
1234,20,1244,2
1234,21,1245,1
1234,22,1245,2
1231,1,1247,1
1234,1,1247,2
1231,8,1248,1
1240,1,1248,2
1231,9,1249,1
1239,1,1249,2
1231,16,1250,1
1231,17,1250,2
1231,4,1251,1
1244,1,1251,2
1231,5,1252,1
1243,1,1252,2
1231,12,1253,1
1236,1,1253,2
1231,13,1254,1
1231,20,1254,2
1231,2,1255,1
1234,2,1255,2
1231,7,1256,1
1241,1,1256,2
1231,10,1257,1
1238,1,1257,2
1231,15,1258,1
1231,18,1258,2
1231,3,1259,1
1245,1,1259,2
1231,6,1260,1
1242,1,1260,2
1231,11,1261,1
1237,1,1261,2
1231,14,1262,1
1231,19,1262,2
1247,1,1264,1
1248,1,1264,2
1249,1,1265,1
1250,1,1265,2
1251,1,1266,1
1252,1,1266,2
1253,1,1267,1
1254,1,1267,2
1255,1,1268,1
1256,1,1268,2
1257,1,1269,1
1258,1,1269,2
1259,1,1270,1
1260,1,1270,2
1261,1,1271,1
1262,1,1271,2
1264,1,1273,1
1265,1,1273,2
1266,1,1274,1
1267,1,1274,2
1268,1,1275,1
1269,1,1275,2
1270,1,1276,1
1271,1,1276,2
1273,1,1278,1
1274,1,1278,2
1275,1,1279,1
1276,1,1279,2
1278,1,1281,1
1279,1,1281,2
1287,6,1292,1
1287,3,1292,2
1287,5,1293,1
1287,4,1293,2
1293,1,1295,1
1292,1,1295,2
1299,1,1301,1
1299,16,1301,2
1299,2,1302,1
1299,15,1302,2
1299,3,1303,1
1299,14,1303,2
1299,4,1304,1
1299,13,1304,2
1299,5,1305,1
1299,12,1305,2
1299,6,1306,1
1299,11,1306,2
1299,7,1307,1
1299,10,1307,2
1299,8,1308,1
1299,9,1308,2
1301,1,1310,1
1308,1,1310,2
1302,1,1311,1
1307,1,1311,2
1303,1,1312,1
1306,1,1312,2
1304,1,1313,1
1305,1,1313,2
1310,1,1315,1
1313,1,1315,2
1311,1,1316,1
1312,1,1316,2
1315,1,1318,1
1316,1,1318,2
1325,7,1327,1
1325,10,1327,2
1325,8,1328,1
1325,9,1328,2
1325,1,1330,1
1327,1,1330,2
1325,2,1331,1
1328,1,1331,2
1325,3,1332,1
1325,6,1332,2
1325,4,1333,1
1325,5,1333,2
1330,1,1335,1
1333,1,1335,2
1331,1,1336,1
1332,1,1336,2
1335,1,1338,1
1336,1,1338,2
1349,0,1351,1
1349,0,1351,2
1349,0,1351,3
1349,0,1351,4
1349,0,1352,1
1349,0,1352,2
1349,0,1352,3
1349,0,1352,4
1351,1,1354,1
1352,2,1354,2
1352,1,1355,1
1351,2,1355,2
1354,2,1357,1
1355,2,1357,2
1354,1,1359,1
1355,1,1359,2
1362,0,1364,1
1362,0,1364,2
1362,0,1364,3
1362,0,1364,4
1362,0,1365,1
1362,0,1365,2
1362,0,1365,3
1362,0,1365,4
1364,1,1367,1
1365,2,1367,2
1365,1,1368,1
1364,2,1368,2
1367,1,1370,1
1368,1,1370,2
1374,19,1376,1
1374,20,1376,2
1374,17,1377,1
1374,18,1377,2
1374,15,1378,1
1374,16,1378,2
1374,13,1379,1
1374,14,1379,2
1374,11,1380,1
1374,12,1380,2
1374,21,1381,1
1374,22,1381,2
1374,1,1383,1
1376,1,1383,2
1374,2,1384,1
1377,1,1384,2
1374,3,1385,1
1378,1,1385,2
1374,4,1386,1
1379,1,1386,2
1374,5,1387,1
1380,1,1387,2
1374,6,1388,1
1381,1,1388,2
1374,7,1389,1
1374,8,1389,2
1374,9,1390,1
1374,10,1390,2
1383,1,1392,1
1389,1,1392,2
1385,1,1393,1
1388,1,1393,2
1384,1,1394,1
1390,1,1394,2
1387,1,1395,1
1386,1,1395,2
1392,1,1397,1
1393,1,1397,2
1394,1,1398,1
1395,1,1398,2
1397,1,1400,1
1398,1,1400,2
1403,4,1406,1
1403,5,1406,2
1404,4,1407,1
1404,5,1407,2
1406,1,1410,1
1403,1,1410,2
1403,3,1411,1
1403,2,1411,2
1407,1,1413,1
1404,1,1413,2
1404,3,1414,1
1404,2,1414,2
1410,1,1416,1
1411,1,1416,2
1413,1,1417,1
1414,1,1417,2
1416,2,1419,1
1416,1,1419,2
1417,2,1420,1
1417,1,1420,2
1419,1,1422,1
1420,1,1422,2
1422,1,1424,1
1422,2,1424,2
1428,8,1430,1
1428,1,1430,2
1428,7,1431,1
1428,2,1431,2
1428,6,1432,1
1428,3,1432,2
1428,5,1433,1
1428,4,1433,2
1430,1,1435,1
1431,1,1435,2
1432,1,1435,3
1433,1,1435,4
1435,4,1437,1
1435,1,1437,2
1435,3,1438,1
1435,2,1438,2
1437,1,1440,1
1438,1,1440,2
1440,2,1442,1
1440,1,1442,2
1445,8,1447,1
1445,1,1447,2
1445,7,1448,1
1445,2,1448,2
1445,6,1449,1
1445,3,1449,2
1445,5,1450,1
1445,4,1450,2
1447,1,1452,1
1448,1,1452,2
1449,1,1452,3
1450,1,1452,4
1452,4,1454,1
1452,1,1454,2
1452,3,1455,1
1452,2,1455,2
1454,1,1457,1
1455,1,1457,2
1457,2,1459,1
1457,1,1459,2
1466,0,1468,1
1466,0,1468,2
1466,0,1468,3
1466,0,1468,4
1466,0,1469,1
1466,0,1469,2
1466,0,1469,3
1466,0,1469,4
1468,1,1471,1
1469,2,1471,2
1469,1,1472,1
1468,2,1472,2
1471,1,1474,1
1472,1,1474,2
1477,0,1480,1
1477,0,1480,2
1477,0,1480,3
1477,0,1480,4
1477,0,1481,1
1477,0,1481,2
1477,0,1481,3
1477,0,1481,4
1477,0,1482,1
1477,0,1482,2
1477,0,1482,3
1477,0,1482,4
1478,0,1483,1
1478,0,1483,2
1478,0,1483,3
1478,0,1483,4
1478,0,1484,1
1478,0,1484,2
1478,0,1484,3
1478,0,1484,4
1478,0,1485,1
1478,0,1485,2
1478,0,1485,3
1478,0,1485,4
1480,3,1487,1
1481,3,1487,2
1482,3,1487,3
1483,3,1488,1
1484,3,1488,2
1485,3,1488,3
1480,1,1490,1
1480,2,1490,2
1481,1,1490,3
1481,2,1490,4
1482,1,1490,5
1482,2,1490,6
1487,1,1490,7
1487,2,1490,8
1483,1,1491,1
1483,2,1491,2
1484,1,1491,3
1484,2,1491,4
1485,1,1491,5
1485,2,1491,6
1488,1,1491,7
1488,2,1491,8
1490,1,1493,1
1490,8,1493,2
1490,4,1494,1
1490,5,1494,2
1490,2,1495,1
1490,7,1495,2
1490,3,1496,1
1490,6,1496,2
1491,1,1497,1
1491,8,1497,2
1491,4,1498,1
1491,5,1498,2
1491,2,1499,1
1491,7,1499,2
1491,3,1500,1
1491,6,1500,2
1493,1,1502,1
1494,1,1502,2
1495,1,1503,1
1496,1,1503,2
1497,1,1504,1
1498,1,1504,2
1499,1,1505,1
1500,1,1505,2
1502,1,1507,1
1503,1,1507,2
1504,1,1508,1
1505,1,1508,2
1507,1,1510,1
1508,1,1510,2
1514,3,1516,1
1514,6,1516,2
1514,4,1517,1
1514,5,1517,2
1516,1,1519,1
1517,1,1519,2
1514,1,1521,1
1519,2,1521,2
1514,2,1522,1
1519,1,1522,2
1521,2,1524,1
1522,2,1524,2
1521,1,1526,1
1522,1,1526,2
1526,1,1528,1
1526,2,1528,2
1536,3,1538,1
1536,14,1538,2
1536,4,1539,1
1536,13,1539,2
1536,5,1540,1
1536,12,1540,2
1536,6,1541,1
1536,11,1541,2
1536,7,1542,1
1536,10,1542,2
1536,8,1543,1
1536,9,1543,2
1536,1,1545,1
1541,1,1545,2
1538,1,1546,1
1543,1,1546,2
1539,1,1547,1
1542,1,1547,2
1536,2,1548,1
1540,1,1548,2
1545,1,1550,1
1548,1,1550,2
1546,1,1551,1
1547,1,1551,2
1550,1,1553,1
1551,1,1553,2
1559,1,1561,1
1559,8,1561,2
1559,2,1562,1
1559,7,1562,2
1559,3,1563,1
1559,6,1563,2
1559,4,1564,1
1559,5,1564,2
1561,1,1566,1
1564,1,1566,2
1562,1,1567,1
1563,1,1567,2
1566,1,1569,1
1567,1,1569,2
1580,1,1583,1
1580,2,1583,2
1580,3,1583,3
1580,4,1584,1
1580,5,1584,2
1580,6,1584,3
1580,7,1585,1
1580,8,1585,2
1580,9,1585,3
1580,10,1586,1
1581,1,1586,2
1581,2,1586,3
1583,0,1588,1
1584,0,1588,2
1585,0,1588,3
1586,0,1588,4
1583,0,1589,1
1584,0,1589,2
1585,0,1589,3
1586,0,1589,4
1583,0,1590,1
1584,0,1590,2
1585,0,1590,3
1586,0,1590,4
1588,3,1592,1
1589,3,1592,2
1590,3,1592,3
1592,1,1594,1
1592,2,1594,2
1588,1,1596,1
1594,0,1596,2
1588,2,1597,1
1590,2,1597,2
1589,1,1598,1
1594,0,1598,2
1590,1,1599,1
1589,2,1599,2
1596,1,1601,1
1597,1,1601,2
1598,1,1602,1
1599,1,1602,2
1601,1,1604,1
1602,1,1604,2
1608,0,1610,1
1608,0,1610,2
1608,0,1611,1
1608,0,1611,2
1608,0,1612,1
1608,0,1612,2
1608,0,1613,1
1608,0,1613,2
1607,1,1615,1
1607,9,1615,2
1607,17,1615,3
1607,25,1615,4
1607,2,1616,1
1607,10,1616,2
1607,18,1616,3
1607,26,1616,4
1607,3,1617,1
1607,11,1617,2
1607,19,1617,3
1607,27,1617,4
1607,4,1618,1
1607,12,1618,2
1607,20,1618,3
1607,28,1618,4
1607,5,1619,1
1607,13,1619,2
1607,21,1619,3
1610,1,1619,4
1607,6,1620,1
1607,14,1620,2
1607,22,1620,3
1611,1,1620,4
1607,7,1621,1
1607,15,1621,2
1607,23,1621,3
1612,1,1621,4
1607,8,1622,1
1607,16,1622,2
1607,24,1622,3
1613,1,1622,4
1615,1,1624,1
1616,1,1624,2
1617,1,1624,3
1618,1,1624,4
1619,1,1624,5
1620,1,1624,6
1621,1,1624,7
1622,1,1624,8
1615,2,1625,1
1616,2,1625,2
1617,2,1625,3
1618,2,1625,4
1619,2,1625,5
1620,2,1625,6
1621,2,1625,7
1622,2,1625,8
1615,3,1626,1
1616,3,1626,2
1617,3,1626,3
1618,3,1626,4
1619,3,1626,5
1620,3,1626,6
1621,3,1626,7
1622,3,1626,8
1625,0,1628,1
1624,0,1628,2
1625,0,1629,1
1624,0,1629,2
1625,0,1630,1
1624,0,1630,2
1625,0,1631,1
1624,0,1631,2
1625,0,1632,1
1624,0,1632,2
1625,0,1633,1
1624,0,1633,2
1625,0,1634,1
1624,0,1634,2
1625,0,1635,1
1624,0,1635,2
1629,1,1637,1
1628,1,1637,2
1631,1,1638,1
1630,1,1638,2
1633,1,1639,1
1632,1,1639,2
1635,1,1640,1
1634,1,1640,2
1637,1,1642,1
1638,1,1642,2
1639,1,1643,1
1640,1,1643,2
1642,1,1645,1
1643,1,1645,2
1648,1,1650,1
1648,16,1650,2
1648,2,1651,1
1648,15,1651,2
1648,3,1652,1
1648,14,1652,2
1648,4,1653,1
1648,13,1653,2
1648,5,1654,1
1648,12,1654,2
1648,6,1655,1
1648,11,1655,2
1648,7,1656,1
1648,10,1656,2
1648,8,1657,1
1648,9,1657,2
1650,1,1659,1
1626,0,1659,2
1651,1,1660,1
1626,0,1660,2
1652,1,1661,1
1626,0,1661,2
1653,1,1662,1
1626,0,1662,2
1654,1,1663,1
1626,0,1663,2
1655,1,1664,1
1626,0,1664,2
1656,1,1665,1
1626,0,1665,2
1657,1,1666,1
1626,0,1666,2
1659,1,1668,1
1660,1,1668,2
1661,1,1669,1
1662,1,1669,2
1663,1,1670,1
1664,1,1670,2
1665,1,1671,1
1666,1,1671,2
1668,1,1673,1
1671,1,1673,2
1669,1,1674,1
1670,1,1674,2
1673,1,1676,1
1674,1,1676,2
1694,1,1696,1
1694,3,1696,2
1694,5,1696,3
1694,7,1696,4
1694,2,1697,1
1694,4,1697,2
1694,6,1697,3
1694,8,1697,4
1696,1,1699,1
1697,1,1699,2
1699,2,1701,1
1699,1,1701,2
1704,1,1706,1
1704,3,1706,2
1704,5,1706,3
1704,7,1706,4
1704,2,1707,1
1704,4,1707,2
1704,6,1707,3
1704,8,1707,4
1706,1,1709,1
1707,1,1709,2
1709,2,1711,1
1709,1,1711,2
1719,1,1721,1
1719,2,1721,2
1719,3,1721,3
1719,4,1721,4
1719,5,1722,1
1719,6,1722,2
1719,7,1722,3
1719,8,1722,4
1719,9,1723,1
1719,10,1723,2
1719,11,1723,3
1719,12,1723,4
1719,13,1724,1
1719,14,1724,2
1719,15,1724,3
1719,16,1724,4
1721,0,1726,1
1722,0,1726,2
1723,0,1726,3
1724,0,1726,4
1721,0,1727,1
1722,0,1727,2
1723,0,1727,3
1724,0,1727,4
1721,0,1728,1
1722,0,1728,2
1723,0,1728,3
1724,0,1728,4
1721,0,1729,1
1722,0,1729,2
1723,0,1729,3
1724,0,1729,4
1726,1,1731,1
1727,2,1731,2
1727,1,1732,1
1726,2,1732,2
1728,1,1733,1
1729,2,1733,2
1729,1,1734,1
1728,2,1734,2
1731,1,1736,1
1732,1,1736,2
1733,1,1737,1
1734,1,1737,2
1736,1,1739,1
1737,1,1739,2
