1
57
74
87
108
121
124
188
290
306
310
332
338
358
362
365
575
689
769
772
775
778
781
789
797
806
809
868
927
930
934
989
992
995
1001
1029
1033
1036
1090
1093
1097
1122
1126
1148
1152
1174
1181
1203
1207
1229
1233
1261
1268
1271
1324
1327
1330
1339
1361
1365
1381
1385
1389
1394
1406
1435
1460
1477
1495
1498
1503
1516
1532
1536
1556
1559
1573
1577
1580
1609
1650
1681
1685
1689
1692
1696
1706
1717
1721
1742
1745
