1
14
70
80
93
114
127
130
194
296
312
316
338
344
364
368
371
581
695
775
778
781
784
787
795
803
812
815
874
933
936
940
995
998
1001
1007
1035
1039
1042
1096
1099
1103
1128
1132
1154
1158
1180
1187
1209
1213
1235
1239
1267
1274
1277
1330
1333
1336
1345
1367
1371
1387
1391
1395
1400
1412
1441
1466
1483
1501
1504
1509
1521
1537
1541
1561
1564
1578
1582
1585
1614
1655
1686
1690
1694
1697
1701
1711
1722
1726
1734
1737
