3,0
3,1
3,2
3,3
3,4
3,5
3,6
3,7
5,0
5,1
5,2
5,3
6,0
6,1
6,2
6,3
8,0
8,1
9,0
9,1
11,0
11,1
13,0
13,1
16,0
16,1
16,2
16,3
16,4
16,5
17,0
17,1
17,2
18,0
18,1
18,2
19,0
19,1
19,2
19,3
19,4
19,5
19,6
19,7
19,8
19,9
19,10
19,11
19,12
19,13
19,14
19,15
19,16
19,17
20,0
20,1
20,2
20,3
20,4
22,0
22,1
22,2
22,3
22,4
22,5
23,0
23,1
23,2
24,0
24,1
24,2
24,3
24,4
24,5
24,6
24,7
24,8
25,0
25,1
26,0
26,1
26,2
27,0
27,1
27,2
27,3
28,0
28,1
29,0
30,0
30,1
30,2
32,0
32,1
32,2
32,3
33,0
33,1
33,2
33,3
34,0
34,1
34,2
34,3
35,0
35,1
35,2
35,3
36,0
36,1
36,2
36,3
37,0
37,1
37,2
37,3
38,0
38,1
38,2
38,3
39,0
39,1
39,2
39,3
41,0
41,1
41,2
41,3
42,0
42,1
42,2
42,3
43,0
43,1
43,2
43,3
44,0
44,1
44,2
44,3
45,0
45,1
45,2
45,3
46,0
46,1
46,2
46,3
47,0
47,1
47,2
47,3
48,0
48,1
48,2
48,3
50,0
50,1
51,0
51,1
52,0
52,1
53,0
53,1
54,0
54,1
55,0
55,1
56,0
56,1
57,0
57,1
59,0
59,1
60,0
60,1
61,0
61,1
62,0
62,1
64,0
64,1
65,0
65,1
67,0
67,1
69,0
69,1
72,0
72,1
73,0
73,1
75,0
75,1
76,0
76,1
78,0
78,1
82,0
82,1
82,2
82,3
82,4
82,5
83,0
83,1
83,2
83,3
83,4
83,5
83,6
83,7
83,8
83,9
83,10
84,0
84,1
84,2
84,3
84,4
84,5
84,6
84,7
84,8
84,9
84,10
84,11
84,12
84,13
84,14
84,15
84,16
84,17
84,18
84,19
84,20
84,21
84,22
84,23
84,24
84,25
86,0
86,1
86,2
86,3
86,4
86,5
87,0
87,1
87,2
87,3
87,4
88,0
88,1
88,2
88,3
88,4
88,5
88,6
88,7
88,8
88,9
88,10
88,11
88,12
88,13
88,14
90,0
90,1
90,2
90,3
90,4
90,5
90,6
90,7
90,8
90,9
90,10
92,0
92,1
92,2
92,3
92,4
92,5
95,0
95,1
95,2
95,3
96,0
96,1
96,2
96,3
97,0
97,1
97,2
97,3
98,0
98,1
98,2
98,3
100,0
100,1
100,2
100,3
101,0
101,1
101,2
101,3
102,0
102,1
102,2
102,3
103,0
103,1
103,2
103,3
105,0
105,1
106,0
106,1
107,0
107,1
108,0
108,1
110,0
110,1
111,0
111,1
113,0
113,1
116,0
116,1
116,2
116,3
116,4
116,5
117,0
117,1
117,2
117,3
117,4
117,5
117,6
117,7
117,8
117,9
117,10
118,0
118,1
118,2
118,3
118,4
118,5
118,6
118,7
118,8
118,9
118,10
118,11
118,12
118,13
118,14
118,15
118,16
118,17
118,18
118,19
118,20
118,21
118,22
118,23
118,24
118,25
120,0
120,1
120,2
120,3
120,4
120,5
121,0
121,1
121,2
121,3
121,4
122,0
122,1
122,2
122,3
122,4
122,5
122,6
122,7
122,8
122,9
122,10
122,11
122,12
122,13
122,14
124,0
124,1
124,2
124,3
124,4
124,5
124,6
124,7
124,8
126,0
126,1
126,2
126,3
126,4
126,5
129,0
129,1
132,0
133,0
133,1
133,2
133,3
133,4
133,5
133,6
133,7
133,8
133,9
133,10
133,11
133,12
133,13
133,14
133,15
133,16
133,17
133,18
133,19
133,20
134,0
134,1
134,2
134,3
134,4
134,5
134,6
134,7
134,8
134,9
134,10
134,11
134,12
134,13
134,14
134,15
134,16
134,17
134,18
134,19
136,0
136,1
136,2
136,3
136,4
136,5
136,6
136,7
136,8
136,9
136,10
136,11
136,12
136,13
136,14
136,15
136,16
136,17
136,18
136,19
138,0
138,1
138,2
138,3
138,4
138,5
138,6
138,7
138,8
138,9
139,0
139,1
139,2
139,3
139,4
139,5
139,6
139,7
139,8
139,9
141,0
141,1
142,0
142,1
143,0
143,1
144,0
144,1
145,0
145,1
146,0
146,1
147,0
147,1
148,0
148,1
149,0
149,1
150,0
150,1
152,0
153,0
153,1
153,2
153,3
153,4
153,5
153,6
153,7
153,8
153,9
153,10
153,11
153,12
153,13
153,14
153,15
153,16
153,17
153,18
153,19
153,20
153,21
153,22
153,23
153,24
153,25
153,26
153,27
153,28
153,29
153,30
155,0
155,1
155,2
155,3
155,4
155,5
155,6
155,7
156,0
156,1
156,2
156,3
156,4
156,5
156,6
156,7
157,0
157,1
157,2
157,3
157,4
157,5
157,6
157,7
158,0
158,1
158,2
158,3
158,4
158,5
158,6
158,7
160,0
160,1
160,2
160,3
161,0
161,1
161,2
161,3
162,0
162,1
162,2
162,3
163,0
163,1
163,2
163,3
164,0
164,1
164,2
164,3
165,0
165,1
165,2
165,3
166,0
166,1
166,2
166,3
167,0
167,1
167,2
167,3
169,0
169,1
169,2
169,3
169,4
169,5
169,6
169,7
170,0
170,1
170,2
170,3
170,4
170,5
170,6
170,7
172,0
172,1
173,0
173,1
174,0
174,1
175,0
175,1
176,0
176,1
177,0
177,1
178,0
178,1
179,0
179,1
181,0
181,1
181,2
181,3
181,4
181,5
181,6
181,7
183,0
183,1
184,0
184,1
185,0
185,1
186,0
186,1
188,0
188,1
188,2
188,3
190,0
190,1
191,0
191,1
193,0
193,1
196,0
197,0
197,1
197,2
197,3
197,4
197,5
197,6
197,7
197,8
197,9
197,10
197,11
197,12
197,13
197,14
198,0
198,1
198,2
198,3
198,4
198,5
198,6
198,7
198,8
198,9
198,10
198,11
198,12
198,13
198,14
198,15
198,16
198,17
198,18
198,19
198,20
198,21
198,22
198,23
198,24
198,25
198,26
198,27
198,28
198,29
198,30
198,31
198,32
198,33
198,34
198,35
198,36
198,37
198,38
198,39
198,40
198,41
198,42
198,43
200,0
200,1
200,2
200,3
200,4
200,5
200,6
200,7
200,8
200,9
200,10
200,11
200,12
200,13
200,14
200,15
200,16
200,17
200,18
200,19
200,20
200,21
200,22
200,23
200,24
200,25
200,26
200,27
200,28
200,29
200,30
200,31
200,32
200,33
200,34
200,35
200,36
200,37
200,38
200,39
200,40
200,41
200,42
200,43
202,0
202,1
202,2
202,3
202,4
202,5
202,6
202,7
202,8
202,9
202,10
202,11
202,12
202,13
202,14
202,15
202,16
202,17
202,18
202,19
202,20
202,21
203,0
203,1
203,2
203,3
203,4
203,5
203,6
203,7
203,8
203,9
203,10
203,11
203,12
203,13
203,14
203,15
203,16
203,17
203,18
203,19
203,20
203,21
205,0
205,1
206,0
206,1
207,0
207,1
208,0
208,1
209,0
209,1
210,0
210,1
211,0
211,1
212,0
212,1
213,0
213,1
214,0
214,1
215,0
215,1
216,0
216,1
217,0
217,1
218,0
218,1
219,0
219,1
220,0
220,1
221,0
221,1
222,0
222,1
223,0
223,1
224,0
224,1
225,0
225,1
226,0
226,1
228,0
229,0
229,1
229,2
229,3
229,4
229,5
229,6
229,7
229,8
229,9
229,10
229,11
229,12
229,13
229,14
229,15
229,16
229,17
229,18
229,19
229,20
229,21
229,22
229,23
229,24
229,25
229,26
229,27
229,28
229,29
229,30
229,31
229,32
229,33
229,34
229,35
229,36
229,37
229,38
229,39
229,40
229,41
229,42
229,43
229,44
229,45
229,46
231,0
231,1
231,2
231,3
231,4
231,5
231,6
231,7
231,8
231,9
231,10
231,11
232,0
232,1
232,2
232,3
232,4
232,5
232,6
232,7
232,8
232,9
232,10
232,11
233,0
233,1
233,2
233,3
233,4
233,5
233,6
233,7
233,8
233,9
233,10
233,11
234,0
234,1
234,2
234,3
234,4
234,5
234,6
234,7
234,8
234,9
234,10
234,11
236,0
236,1
236,2
236,3
237,0
237,1
237,2
237,3
238,0
238,1
238,2
238,3
239,0
239,1
239,2
239,3
240,0
240,1
240,2
240,3
241,0
241,1
241,2
241,3
242,0
242,1
242,2
242,3
243,0
243,1
243,2
243,3
244,0
244,1
244,2
244,3
245,0
245,1
245,2
245,3
246,0
246,1
246,2
246,3
247,0
247,1
247,2
247,3
249,0
249,1
249,2
249,3
249,4
249,5
249,6
249,7
251,0
251,1
251,2
251,3
251,4
251,5
251,6
251,7
251,8
251,9
251,10
251,11
251,12
251,13
251,14
251,15
252,0
252,1
252,2
252,3
252,4
252,5
252,6
252,7
252,8
252,9
252,10
252,11
252,12
252,13
252,14
252,15
254,0
254,1
255,0
255,1
256,0
256,1
257,0
257,1
258,0
258,1
259,0
259,1
260,0
260,1
261,0
261,1
262,0
262,1
263,0
263,1
264,0
264,1
265,0
265,1
266,0
266,1
267,0
267,1
268,0
268,1
269,0
269,1
271,0
271,1
271,2
271,3
271,4
271,5
271,6
271,7
271,8
271,9
271,10
271,11
271,12
271,13
271,14
271,15
273,0
273,1
274,0
274,1
275,0
275,1
276,0
276,1
277,0
277,1
278,0
278,1
279,0
279,1
280,0
280,1
282,0
282,1
282,2
282,3
282,4
282,5
282,6
282,7
284,0
284,1
285,0
285,1
286,0
286,1
287,0
287,1
289,0
289,1
289,2
289,3
291,0
291,1
292,0
292,1
294,0
294,1
298,0
298,1
298,2
298,3
298,4
298,5
298,6
298,7
298,8
298,9
300,0
300,1
301,0
301,1
303,0
303,1
304,0
304,1
305,0
305,1
306,0
306,1
308,0
308,1
309,0
309,1
311,0
311,1
314,0
314,1
314,2
314,3
314,4
314,5
314,6
314,7
314,8
314,9
318,0
318,1
318,2
318,3
318,4
318,5
318,6
318,7
318,8
318,9
318,10
318,11
318,12
318,13
318,14
318,15
320,0
320,1
321,0
321,1
322,0
322,1
323,0
323,1
324,0
324,1
325,0
325,1
326,0
326,1
327,0
327,1
329,0
329,1
330,0
330,1
331,0
331,1
332,0
332,1
334,0
334,1
335,0
335,1
337,0
337,1
340,0
340,1
340,2
340,3
340,4
340,5
340,6
340,7
340,8
340,9
340,10
340,11
340,12
340,13
340,14
340,15
342,0
342,1
342,2
342,3
342,4
342,5
346,0
346,1
346,2
346,3
346,4
346,5
346,6
346,7
346,8
346,9
346,10
346,11
346,12
346,13
348,0
348,1
349,0
349,1
350,0
350,1
351,0
351,1
352,0
352,1
353,0
353,1
355,0
355,1
356,0
356,1
357,0
357,1
358,0
358,1
360,0
360,1
361,0
361,1
363,0
363,1
366,0
366,1
366,2
366,3
366,4
366,5
366,6
366,7
366,8
366,9
366,10
366,11
366,12
366,13
370,0
370,1
373,0
373,1
373,2
373,3
373,4
373,5
373,6
373,7
373,8
373,9
373,10
373,11
373,12
373,13
373,14
373,15
373,16
373,17
373,18
373,19
373,20
373,21
373,22
373,23
375,0
375,1
375,2
375,3
375,4
375,5
375,6
375,7
375,8
375,9
375,10
375,11
375,12
375,13
375,14
375,15
375,16
375,17
375,18
375,19
375,20
375,21
375,22
375,23
377,0
377,1
378,0
378,1
379,0
379,1
380,0
380,1
381,0
381,1
382,0
382,1
383,0
383,1
384,0
384,1
386,0
386,1
387,0
387,1
388,0
388,1
389,0
389,1
390,0
390,1
391,0
391,1
392,0
392,1
393,0
393,1
395,0
395,1
395,2
395,3
395,4
395,5
395,6
395,7
395,8
395,9
395,10
395,11
395,12
395,13
395,14
395,15
395,16
395,17
395,18
395,19
395,20
395,21
395,22
395,23
395,24
395,25
395,26
395,27
395,28
395,29
395,30
395,31
395,32
395,33
395,34
395,35
395,36
395,37
395,38
395,39
397,0
397,1
398,0
398,1
399,0
399,1
400,0
400,1
401,0
401,1
402,0
402,1
403,0
403,1
404,0
404,1
405,0
405,1
406,0
406,1
407,0
407,1
408,0
408,1
409,0
409,1
410,0
410,1
411,0
411,1
412,0
412,1
413,0
413,1
414,0
414,1
415,0
415,1
416,0
416,1
418,0
418,1
419,0
419,1
420,0
420,1
421,0
421,1
422,0
422,1
423,0
423,1
424,0
424,1
425,0
425,1
426,0
426,1
427,0
427,1
428,0
428,1
429,0
429,1
430,0
430,1
431,0
431,1
432,0
432,1
433,0
433,1
434,0
434,1
435,0
435,1
436,0
436,1
437,0
437,1
439,0
439,1
439,2
439,3
439,4
439,5
439,6
439,7
439,8
439,9
439,10
439,11
439,12
439,13
439,14
439,15
439,16
439,17
439,18
439,19
439,20
439,21
439,22
439,23
439,24
439,25
439,26
439,27
439,28
439,29
439,30
439,31
439,32
439,33
439,34
439,35
439,36
439,37
439,38
439,39
439,40
439,41
439,42
439,43
439,44
439,45
439,46
439,47
439,48
439,49
439,50
439,51
439,52
439,53
439,54
439,55
439,56
439,57
439,58
439,59
439,60
439,61
439,62
439,63
441,0
441,1
442,0
442,1
443,0
443,1
444,0
444,1
445,0
445,1
446,0
446,1
447,0
447,1
448,0
448,1
449,0
449,1
450,0
450,1
451,0
451,1
452,0
452,1
453,0
453,1
454,0
454,1
455,0
455,1
456,0
456,1
457,0
457,1
458,0
458,1
459,0
459,1
460,0
460,1
461,0
461,1
462,0
462,1
463,0
463,1
464,0
464,1
465,0
465,1
466,0
466,1
467,0
467,1
468,0
468,1
469,0
469,1
470,0
470,1
471,0
471,1
472,0
472,1
474,0
474,1
475,0
475,1
476,0
476,1
477,0
477,1
478,0
478,1
479,0
479,1
480,0
480,1
481,0
481,1
482,0
482,1
483,0
483,1
484,0
484,1
485,0
485,1
486,0
486,1
487,0
487,1
488,0
488,1
489,0
489,1
490,0
490,1
491,0
491,1
492,0
492,1
493,0
493,1
494,0
494,1
495,0
495,1
496,0
496,1
497,0
497,1
498,0
498,1
499,0
499,1
500,0
500,1
501,0
501,1
502,0
502,1
503,0
503,1
504,0
504,1
505,0
505,1
507,0
507,1
507,2
507,3
507,4
507,5
507,6
507,7
507,8
507,9
507,10
507,11
507,12
507,13
507,14
507,15
507,16
507,17
507,18
507,19
507,20
507,21
507,22
507,23
507,24
507,25
507,26
507,27
507,28
507,29
507,30
507,31
509,0
509,1
510,0
510,1
511,0
511,1
512,0
512,1
513,0
513,1
514,0
514,1
515,0
515,1
516,0
516,1
517,0
517,1
518,0
518,1
519,0
519,1
520,0
520,1
521,0
521,1
522,0
522,1
523,0
523,1
524,0
524,1
526,0
526,1
527,0
527,1
528,0
528,1
529,0
529,1
530,0
530,1
531,0
531,1
532,0
532,1
533,0
533,1
534,0
534,1
535,0
535,1
536,0
536,1
537,0
537,1
538,0
538,1
539,0
539,1
540,0
540,1
541,0
541,1
543,0
543,1
543,2
543,3
543,4
543,5
543,6
543,7
543,8
543,9
543,10
543,11
543,12
543,13
543,14
543,15
545,0
545,1
546,0
546,1
547,0
547,1
548,0
548,1
549,0
549,1
550,0
550,1
551,0
551,1
552,0
552,1
554,0
554,1
555,0
555,1
556,0
556,1
557,0
557,1
558,0
558,1
559,0
559,1
560,0
560,1
561,0
561,1
563,0
563,1
563,2
563,3
563,4
563,5
563,6
563,7
565,0
565,1
566,0
566,1
567,0
567,1
568,0
568,1
570,0
570,1
571,0
571,1
572,0
572,1
573,0
573,1
575,0
575,1
575,2
575,3
577,0
577,1
578,0
578,1
580,0
580,1
583,0
583,1
583,2
583,3
583,4
583,5
583,6
583,7
583,8
583,9
583,10
583,11
583,12
583,13
583,14
583,15
583,16
583,17
583,18
583,19
583,20
583,21
583,22
583,23
583,24
583,25
583,26
583,27
583,28
583,29
583,30
583,31
583,32
583,33
583,34
583,35
583,36
583,37
583,38
583,39
583,40
583,41
583,42
583,43
583,44
583,45
583,46
583,47
583,48
583,49
583,50
583,51
583,52
583,53
583,54
583,55
583,56
583,57
583,58
583,59
583,60
583,61
583,62
583,63
583,64
583,65
583,66
583,67
583,68
583,69
583,70
583,71
584,0
584,1
584,2
584,3
584,4
584,5
584,6
584,7
584,8
584,9
584,10
584,11
584,12
584,13
584,14
584,15
584,16
584,17
584,18
584,19
586,0
586,1
586,2
586,3
586,4
586,5
586,6
586,7
586,8
586,9
586,10
586,11
586,12
586,13
586,14
586,15
586,16
586,17
586,18
586,19
586,20
586,21
586,22
586,23
586,24
586,25
586,26
586,27
586,28
586,29
586,30
586,31
586,32
586,33
586,34
586,35
586,36
586,37
586,38
586,39
586,40
586,41
586,42
586,43
586,44
586,45
586,46
586,47
586,48
586,49
586,50
586,51
586,52
586,53
586,54
586,55
586,56
586,57
586,58
586,59
586,60
586,61
586,62
586,63
586,64
586,65
586,66
586,67
586,68
586,69
586,70
586,71
588,0
588,1
589,0
589,1
590,0
590,1
591,0
591,1
592,0
592,1
593,0
593,1
594,0
594,1
595,0
595,1
596,0
596,1
597,0
597,1
598,0
598,1
599,0
599,1
600,0
600,1
601,0
601,1
602,0
602,1
603,0
603,1
604,0
604,1
605,0
605,1
606,0
606,1
607,0
607,1
608,0
608,1
609,0
609,1
610,0
610,1
611,0
611,1
612,0
612,1
613,0
613,1
614,0
614,1
615,0
615,1
616,0
616,1
617,0
617,1
618,0
618,1
619,0
619,1
620,0
620,1
621,0
621,1
622,0
622,1
623,0
623,1
625,0
625,1
625,2
625,3
625,4
625,5
625,6
625,7
625,8
625,9
625,10
625,11
625,12
625,13
625,14
625,15
625,16
625,17
625,18
625,19
625,20
625,21
625,22
625,23
625,24
625,25
625,26
625,27
625,28
625,29
625,30
625,31
625,32
625,33
625,34
625,35
625,36
625,37
625,38
625,39
625,40
625,41
625,42
625,43
625,44
625,45
625,46
625,47
627,0
627,1
628,0
628,1
629,0
629,1
630,0
630,1
631,0
631,1
632,0
632,1
633,0
633,1
634,0
634,1
635,0
635,1
636,0
636,1
637,0
637,1
638,0
638,1
639,0
639,1
640,0
640,1
641,0
641,1
642,0
642,1
643,0
643,1
644,0
644,1
645,0
645,1
646,0
646,1
647,0
647,1
648,0
648,1
649,0
649,1
650,0
650,1
652,0
652,1
652,2
652,3
652,4
652,5
652,6
652,7
652,8
652,9
652,10
652,11
652,12
652,13
652,14
652,15
652,16
652,17
652,18
652,19
652,20
652,21
652,22
652,23
652,24
652,25
652,26
652,27
652,28
652,29
652,30
652,31
654,0
654,1
655,0
655,1
656,0
656,1
657,0
657,1
658,0
658,1
659,0
659,1
660,0
660,1
661,0
661,1
662,0
662,1
663,0
663,1
664,0
664,1
665,0
665,1
666,0
666,1
667,0
667,1
668,0
668,1
669,0
669,1
671,0
671,1
671,2
671,3
671,4
671,5
671,6
671,7
671,8
671,9
671,10
671,11
671,12
671,13
671,14
671,15
673,0
673,1
674,0
674,1
675,0
675,1
676,0
676,1
677,0
677,1
678,0
678,1
679,0
679,1
680,0
680,1
682,0
682,1
682,2
682,3
682,4
682,5
682,6
682,7
684,0
684,1
685,0
685,1
686,0
686,1
687,0
687,1
689,0
689,1
689,2
689,3
691,0
691,1
692,0
692,1
694,0
694,1
697,0
697,1
697,2
697,3
697,4
697,5
697,6
697,7
697,8
697,9
697,10
697,11
697,12
697,13
697,14
697,15
697,16
697,17
697,18
697,19
697,20
697,21
697,22
697,23
697,24
697,25
697,26
697,27
697,28
697,29
697,30
697,31
697,32
697,33
697,34
697,35
697,36
697,37
697,38
697,39
697,40
697,41
697,42
697,43
697,44
697,45
697,46
697,47
699,0
699,1
699,2
699,3
699,4
699,5
699,6
699,7
699,8
699,9
699,10
699,11
699,12
699,13
699,14
699,15
699,16
699,17
699,18
699,19
699,20
699,21
699,22
699,23
699,24
699,25
699,26
699,27
699,28
699,29
699,30
699,31
699,32
699,33
699,34
699,35
699,36
699,37
699,38
699,39
699,40
699,41
699,42
699,43
699,44
699,45
699,46
699,47
701,0
701,1
701,2
701,3
701,4
701,5
701,6
701,7
702,0
702,1
702,2
702,3
702,4
702,5
702,6
702,7
705,0
705,1
706,0
706,1
707,0
707,1
708,0
708,1
710,0
710,1
711,0
711,1
712,0
712,1
713,0
713,1
715,0
715,1
716,0
716,1
717,0
717,1
718,0
718,1
720,0
720,1
721,0
721,1
722,0
722,1
723,0
723,1
725,0
725,1
725,2
725,3
725,4
725,5
725,6
725,7
725,8
725,9
725,10
725,11
725,12
725,13
725,14
725,15
726,0
726,1
726,2
726,3
726,4
726,5
726,6
726,7
726,8
726,9
726,10
726,11
726,12
726,13
726,14
726,15
729,0
729,1
730,0
730,1
731,0
731,1
732,0
732,1
733,0
733,1
734,0
734,1
735,0
735,1
736,0
736,1
738,0
738,1
739,0
739,1
740,0
740,1
741,0
741,1
742,0
742,1
743,0
743,1
744,0
744,1
745,0
745,1
747,0
747,1
747,2
747,3
747,4
747,5
747,6
747,7
748,0
748,1
748,2
748,3
748,4
748,5
748,6
748,7
751,0
751,1
752,0
752,1
753,0
753,1
754,0
754,1
756,0
756,1
757,0
757,1
758,0
758,1
759,0
759,1
761,0
761,1
761,2
761,3
762,0
762,1
762,2
762,3
765,0
765,1
766,0
766,1
768,0
768,1
769,0
769,1
771,0
771,1
772,0
772,1
774,0
774,1
777,0
777,1
777,2
777,3
777,4
777,5
777,6
777,7
777,8
777,9
777,10
777,11
777,12
777,13
777,14
777,15
777,16
777,17
777,18
777,19
780,0
780,1
780,2
780,3
780,4
780,5
780,6
780,7
780,8
780,9
780,10
780,11
780,12
780,13
780,14
780,15
780,16
780,17
780,18
780,19
780,20
780,21
780,22
780,23
783,0
783,1
783,2
783,3
783,4
783,5
783,6
783,7
783,8
783,9
783,10
783,11
783,12
783,13
783,14
783,15
783,16
783,17
783,18
783,19
783,20
783,21
783,22
783,23
786,0
786,1
786,2
786,3
786,4
786,5
786,6
786,7
786,8
786,9
786,10
786,11
786,12
786,13
786,14
786,15
786,16
786,17
786,18
786,19
786,20
786,21
786,22
786,23
791,0
791,1
792,0
792,1
794,0
794,1
799,0
799,1
800,0
800,1
802,0
802,1
807,0
807,1
808,0
808,1
810,0
810,1
814,0
814,1
817,0
817,1
817,2
817,3
817,4
817,5
817,6
817,7
817,8
817,9
817,10
817,11
817,12
817,13
817,14
817,15
817,16
817,17
817,18
817,19
818,0
818,1
818,2
818,3
818,4
818,5
818,6
818,7
818,8
818,9
818,10
818,11
818,12
818,13
818,14
818,15
818,16
818,17
818,18
818,19
820,0
820,1
820,2
820,3
820,4
820,5
820,6
820,7
820,8
820,9
820,10
820,11
820,12
820,13
820,14
820,15
820,16
820,17
820,18
820,19
822,0
822,1
823,0
823,1
824,0
824,1
825,0
825,1
826,0
826,1
827,0
827,1
828,0
828,1
829,0
829,1
831,0
831,1
831,2
831,3
831,4
831,5
831,6
831,7
831,8
831,9
831,10
831,11
831,12
831,13
831,14
831,15
831,16
831,17
831,18
831,19
831,20
831,21
831,22
831,23
831,24
831,25
831,26
831,27
831,28
831,29
831,30
831,31
833,0
833,1
834,0
834,1
835,0
835,1
836,0
836,1
837,0
837,1
838,0
838,1
839,0
839,1
840,0
840,1
841,0
841,1
842,0
842,1
843,0
843,1
844,0
844,1
845,0
845,1
846,0
846,1
847,0
847,1
848,0
848,1
850,0
850,1
850,2
850,3
850,4
850,5
850,6
850,7
850,8
850,9
850,10
850,11
850,12
850,13
850,14
850,15
852,0
852,1
853,0
853,1
854,0
854,1
855,0
855,1
856,0
856,1
857,0
857,1
858,0
858,1
859,0
859,1
861,0
861,1
861,2
861,3
861,4
861,5
861,6
861,7
863,0
863,1
864,0
864,1
865,0
865,1
866,0
866,1
868,0
868,1
868,2
868,3
870,0
870,1
871,0
871,1
873,0
873,1
876,0
876,1
876,2
876,3
876,4
876,5
876,6
876,7
876,8
876,9
876,10
876,11
876,12
876,13
876,14
876,15
876,16
876,17
876,18
876,19
877,0
877,1
877,2
877,3
877,4
877,5
877,6
877,7
877,8
877,9
877,10
877,11
877,12
877,13
877,14
877,15
877,16
877,17
877,18
877,19
879,0
879,1
879,2
879,3
879,4
879,5
879,6
879,7
879,8
879,9
879,10
879,11
879,12
879,13
879,14
879,15
879,16
879,17
879,18
879,19
881,0
881,1
882,0
882,1
883,0
883,1
884,0
884,1
885,0
885,1
886,0
886,1
887,0
887,1
888,0
888,1
890,0
890,1
890,2
890,3
890,4
890,5
890,6
890,7
890,8
890,9
890,10
890,11
890,12
890,13
890,14
890,15
890,16
890,17
890,18
890,19
890,20
890,21
890,22
890,23
890,24
890,25
890,26
890,27
890,28
890,29
890,30
890,31
892,0
892,1
893,0
893,1
894,0
894,1
895,0
895,1
896,0
896,1
897,0
897,1
898,0
898,1
899,0
899,1
900,0
900,1
901,0
901,1
902,0
902,1
903,0
903,1
904,0
904,1
905,0
905,1
906,0
906,1
907,0
907,1
909,0
909,1
909,2
909,3
909,4
909,5
909,6
909,7
909,8
909,9
909,10
909,11
909,12
909,13
909,14
909,15
911,0
911,1
912,0
912,1
913,0
913,1
914,0
914,1
915,0
915,1
916,0
916,1
917,0
917,1
918,0
918,1
920,0
920,1
920,2
920,3
920,4
920,5
920,6
920,7
922,0
922,1
923,0
923,1
924,0
924,1
925,0
925,1
927,0
927,1
927,2
927,3
929,0
929,1
930,0
930,1
932,0
932,1
935,0
935,1
935,2
935,3
935,4
935,5
935,6
935,7
935,8
935,9
935,10
935,11
935,12
935,13
935,14
935,15
935,16
935,17
935,18
935,19
938,0
938,1
938,2
938,3
938,4
938,5
938,6
938,7
938,8
938,9
938,10
938,11
938,12
938,13
938,14
938,15
938,16
938,17
938,18
938,19
942,0
942,1
942,2
942,3
942,4
942,5
942,6
942,7
942,8
942,9
942,10
942,11
942,12
942,13
942,14
942,15
942,16
942,17
943,0
943,1
943,2
943,3
943,4
943,5
943,6
943,7
943,8
943,9
943,10
943,11
943,12
943,13
943,14
943,15
943,16
943,17
945,0
945,1
945,2
945,3
945,4
945,5
945,6
945,7
945,8
945,9
945,10
945,11
945,12
945,13
945,14
945,15
945,16
945,17
947,0
947,1
948,0
948,1
949,0
949,1
950,0
950,1
952,0
952,1
952,2
952,3
952,4
952,5
952,6
952,7
952,8
952,9
952,10
952,11
952,12
952,13
952,14
952,15
952,16
952,17
952,18
952,19
952,20
952,21
952,22
952,23
952,24
952,25
952,26
952,27
952,28
952,29
952,30
952,31
954,0
954,1
955,0
955,1
956,0
956,1
957,0
957,1
958,0
958,1
959,0
959,1
960,0
960,1
961,0
961,1
962,0
962,1
963,0
963,1
964,0
964,1
965,0
965,1
966,0
966,1
967,0
967,1
968,0
968,1
969,0
969,1
971,0
971,1
971,2
971,3
971,4
971,5
971,6
971,7
971,8
971,9
971,10
971,11
971,12
971,13
971,14
971,15
973,0
973,1
974,0
974,1
975,0
975,1
976,0
976,1
977,0
977,1
978,0
978,1
979,0
979,1
980,0
980,1
982,0
982,1
982,2
982,3
982,4
982,5
982,6
982,7
984,0
984,1
985,0
985,1
986,0
986,1
987,0
987,1
989,0
989,1
989,2
989,3
991,0
991,1
992,0
992,1
994,0
994,1
997,0
997,1
997,2
997,3
997,4
997,5
997,6
997,7
997,8
997,9
997,10
997,11
997,12
997,13
997,14
997,15
997,16
997,17
1000,0
1000,1
1000,2
1000,3
1000,4
1000,5
1000,6
1000,7
1000,8
1000,9
1000,10
1000,11
1000,12
1000,13
1000,14
1000,15
1000,16
1000,17
1005,0
1005,1
1009,0
1009,1
1009,2
1009,3
1009,4
1009,5
1009,6
1009,7
1009,8
1009,9
1009,10
1009,11
1011,0
1011,1
1012,0
1012,1
1013,0
1013,1
1014,0
1014,1
1016,0
1016,1
1017,0
1017,1
1018,0
1018,1
1019,0
1019,1
1021,0
1021,1
1022,0
1022,1
1023,0
1023,1
1024,0
1024,1
1026,0
1026,1
1027,0
1027,1
1028,0
1028,1
1029,0
1029,1
1031,0
1031,1
1032,0
1032,1
1034,0
1034,1
1037,0
1037,1
1037,2
1037,3
1037,4
1037,5
1037,6
1037,7
1037,8
1037,9
1037,10
1037,11
1041,0
1041,1
1044,0
1044,1
1044,2
1044,3
1044,4
1044,5
1044,6
1044,7
1044,8
1044,9
1044,10
1044,11
1044,12
1044,13
1044,14
1044,15
1044,16
1044,17
1044,18
1044,19
1045,0
1045,1
1045,2
1045,3
1045,4
1045,5
1045,6
1045,7
1045,8
1045,9
1045,10
1045,11
1045,12
1045,13
1045,14
1045,15
1045,16
1045,17
1045,18
1045,19
1045,20
1045,21
1047,0
1047,1
1047,2
1047,3
1047,4
1047,5
1047,6
1047,7
1047,8
1047,9
1047,10
1047,11
1047,12
1047,13
1047,14
1047,15
1047,16
1047,17
1047,18
1047,19
1047,20
1047,21
1049,0
1049,1
1050,0
1050,1
1052,0
1052,1
1053,0
1053,1
1054,0
1054,1
1055,0
1055,1
1056,0
1056,1
1057,0
1057,1
1058,0
1058,1
1059,0
1059,1
1060,0
1060,1
1061,0
1061,1
1062,0
1062,1
1063,0
1063,1
1064,0
1064,1
1065,0
1065,1
1066,0
1066,1
1067,0
1067,1
1069,0
1069,1
1070,0
1070,1
1071,0
1071,1
1072,0
1072,1
1073,0
1073,1
1074,0
1074,1
1075,0
1075,1
1076,0
1076,1
1078,0
1078,1
1079,0
1079,1
1080,0
1080,1
1081,0
1081,1
1082,0
1082,1
1083,0
1083,1
1084,0
1084,1
1085,0
1085,1
1087,0
1087,1
1088,0
1088,1
1089,0
1089,1
1090,0
1090,1
1092,0
1092,1
1093,0
1093,1
1095,0
1095,1
1098,0
1098,1
1098,2
1098,3
1098,4
1098,5
1098,6
1098,7
1098,8
1098,9
1098,10
1098,11
1098,12
1098,13
1098,14
1098,15
1098,16
1098,17
1098,18
1098,19
1101,0
1101,1
1101,2
1101,3
1101,4
1101,5
1101,6
1101,7
1101,8
1101,9
1101,10
1101,11
1101,12
1101,13
1101,14
1101,15
1101,16
1101,17
1101,18
1101,19
1101,20
1101,21
1105,0
1105,1
1105,2
1105,3
1105,4
1105,5
1105,6
1105,7
1105,8
1105,9
1105,10
1105,11
1105,12
1105,13
1105,14
1105,15
1105,16
1105,17
1107,0
1107,1
1108,0
1108,1
1110,0
1110,1
1111,0
1111,1
1112,0
1112,1
1113,0
1113,1
1114,0
1114,1
1115,0
1115,1
1116,0
1116,1
1117,0
1117,1
1119,0
1119,1
1120,0
1120,1
1121,0
1121,1
1122,0
1122,1
1124,0
1124,1
1125,0
1125,1
1127,0
1127,1
1130,0
1130,1
1130,2
1130,3
1130,4
1130,5
1130,6
1130,7
1130,8
1130,9
1130,10
1130,11
1130,12
1130,13
1130,14
1130,15
1130,16
1130,17
1134,0
1134,1
1134,2
1134,3
1134,4
1134,5
1134,6
1134,7
1134,8
1134,9
1134,10
1134,11
1134,12
1134,13
1134,14
1134,15
1136,0
1136,1
1137,0
1137,1
1138,0
1138,1
1139,0
1139,1
1140,0
1140,1
1141,0
1141,1
1142,0
1142,1
1143,0
1143,1
1145,0
1145,1
1146,0
1146,1
1147,0
1147,1
1148,0
1148,1
1150,0
1150,1
1151,0
1151,1
1153,0
1153,1
1156,0
1156,1
1156,2
1156,3
1156,4
1156,5
1156,6
1156,7
1156,8
1156,9
1156,10
1156,11
1156,12
1156,13
1156,14
1156,15
1160,0
1160,1
1160,2
1160,3
1160,4
1160,5
1160,6
1160,7
1160,8
1160,9
1160,10
1160,11
1160,12
1160,13
1160,14
1160,15
1162,0
1162,1
1163,0
1163,1
1164,0
1164,1
1165,0
1165,1
1166,0
1166,1
1167,0
1167,1
1168,0
1168,1
1169,0
1169,1
1171,0
1171,1
1172,0
1172,1
1173,0
1173,1
1174,0
1174,1
1176,0
1176,1
1177,0
1177,1
1179,0
1179,1
1182,0
1182,1
1182,2
1182,3
1182,4
1182,5
1182,6
1182,7
1182,8
1182,9
1182,10
1182,11
1182,12
1182,13
1182,14
1182,15
1184,0
1184,1
1184,2
1184,3
1184,4
1184,5
1184,6
1184,7
1185,0
1185,1
1185,2
1185,3
1185,4
1185,5
1185,6
1185,7
1189,0
1189,1
1189,2
1189,3
1189,4
1189,5
1189,6
1189,7
1189,8
1189,9
1189,10
1189,11
1189,12
1189,13
1189,14
1189,15
1191,0
1191,1
1192,0
1192,1
1193,0
1193,1
1194,0
1194,1
1195,0
1195,1
1196,0
1196,1
1197,0
1197,1
1198,0
1198,1
1200,0
1200,1
1201,0
1201,1
1202,0
1202,1
1203,0
1203,1
1205,0
1205,1
1206,0
1206,1
1208,0
1208,1
1211,0
1211,1
1211,2
1211,3
1211,4
1211,5
1211,6
1211,7
1211,8
1211,9
1211,10
1211,11
1211,12
1211,13
1211,14
1211,15
1211,16
1211,17
1215,0
1215,1
1215,2
1215,3
1215,4
1215,5
1215,6
1215,7
1215,8
1215,9
1215,10
1215,11
1215,12
1215,13
1215,14
1215,15
1217,0
1217,1
1218,0
1218,1
1219,0
1219,1
1220,0
1220,1
1221,0
1221,1
1222,0
1222,1
1223,0
1223,1
1224,0
1224,1
1226,0
1226,1
1227,0
1227,1
1228,0
1228,1
1229,0
1229,1
1231,0
1231,1
1232,0
1232,1
1234,0
1234,1
1237,0
1237,1
1237,2
1237,3
1237,4
1237,5
1237,6
1237,7
1237,8
1237,9
1237,10
1237,11
1237,12
1237,13
1237,14
1237,15
1241,0
1241,1
1241,2
1241,3
1241,4
1241,5
1241,6
1241,7
1241,8
1241,9
1241,10
1241,11
1243,0
1243,1
1244,0
1244,1
1245,0
1245,1
1246,0
1246,1
1248,0
1248,1
1249,0
1249,1
1250,0
1250,1
1251,0
1251,1
1253,0
1253,1
1254,0
1254,1
1255,0
1255,1
1256,0
1256,1
1258,0
1258,1
1259,0
1259,1
1260,0
1260,1
1261,0
1261,1
1263,0
1263,1
1264,0
1264,1
1266,0
1266,1
1269,0
1269,1
1269,2
1269,3
1269,4
1269,5
1269,6
1269,7
1269,8
1269,9
1269,10
1269,11
1271,0
1271,1
1271,2
1271,3
1271,4
1271,5
1272,0
1272,1
1272,2
1272,3
1272,4
1272,5
1276,0
1276,1
1279,0
1279,1
1279,2
1279,3
1279,4
1279,5
1279,6
1279,7
1279,8
1279,9
1279,10
1279,11
1279,12
1279,13
1279,14
1279,15
1279,16
1279,17
1279,18
1279,19
1280,0
1280,1
1280,2
1280,3
1280,4
1280,5
1280,6
1280,7
1280,8
1280,9
1280,10
1280,11
1280,12
1280,13
1280,14
1280,15
1280,16
1280,17
1280,18
1280,19
1280,20
1280,21
1282,0
1282,1
1282,2
1282,3
1282,4
1282,5
1282,6
1282,7
1282,8
1282,9
1282,10
1282,11
1282,12
1282,13
1282,14
1282,15
1282,16
1282,17
1282,18
1282,19
1282,20
1282,21
1284,0
1284,1
1285,0
1285,1
1286,0
1286,1
1287,0
1287,1
1288,0
1288,1
1289,0
1289,1
1290,0
1290,1
1291,0
1291,1
1292,0
1292,1
1293,0
1293,1
1295,0
1295,1
1296,0
1296,1
1297,0
1297,1
1298,0
1298,1
1299,0
1299,1
1300,0
1300,1
1301,0
1301,1
1302,0
1302,1
1303,0
1303,1
1304,0
1304,1
1305,0
1305,1
1306,0
1306,1
1307,0
1307,1
1308,0
1308,1
1309,0
1309,1
1310,0
1310,1
1312,0
1312,1
1313,0
1313,1
1314,0
1314,1
1315,0
1315,1
1316,0
1316,1
1317,0
1317,1
1318,0
1318,1
1319,0
1319,1
1321,0
1321,1
1322,0
1322,1
1323,0
1323,1
1324,0
1324,1
1326,0
1326,1
1327,0
1327,1
1329,0
1329,1
1332,0
1332,1
1332,2
1332,3
1332,4
1332,5
1332,6
1332,7
1332,8
1332,9
1332,10
1332,11
1332,12
1332,13
1332,14
1332,15
1332,16
1332,17
1332,18
1332,19
1335,0
1335,1
1335,2
1335,3
1335,4
1335,5
1335,6
1335,7
1335,8
1335,9
1335,10
1335,11
1335,12
1335,13
1335,14
1335,15
1335,16
1335,17
1335,18
1335,19
1335,20
1335,21
1340,0
1340,1
1341,0
1341,1
1343,0
1343,1
1347,0
1347,1
1347,2
1347,3
1347,4
1347,5
1347,6
1347,7
1347,8
1347,9
1347,10
1347,11
1347,12
1347,13
1347,14
1347,15
1349,0
1349,1
1350,0
1350,1
1351,0
1351,1
1352,0
1352,1
1353,0
1353,1
1354,0
1354,1
1355,0
1355,1
1356,0
1356,1
1358,0
1358,1
1359,0
1359,1
1360,0
1360,1
1361,0
1361,1
1363,0
1363,1
1364,0
1364,1
1366,0
1366,1
1369,0
1369,1
1369,2
1369,3
1369,4
1369,5
1369,6
1369,7
1369,8
1369,9
1369,10
1369,11
1369,12
1369,13
1369,14
1369,15
1373,0
1373,1
1373,2
1373,3
1373,4
1373,5
1373,6
1373,7
1373,8
1373,9
1375,0
1375,1
1376,0
1376,1
1378,0
1378,1
1379,0
1379,1
1380,0
1380,1
1381,0
1381,1
1383,0
1383,1
1384,0
1384,1
1386,0
1386,1
1389,0
1389,1
1389,2
1389,3
1389,4
1389,5
1389,6
1389,7
1389,8
1389,9
1393,0
1393,1
1393,2
1393,3
1393,4
1393,5
1393,6
1393,7
1393,8
1393,9
1393,10
1393,11
1393,12
1393,13
1393,14
1393,15
1393,16
1393,17
1397,0
1397,1
1397,2
1399,0
1402,0
1402,1
1402,2
1402,3
1402,4
1402,5
1402,6
1402,7
1404,0
1404,1
1404,2
1404,3
1405,0
1405,1
1405,2
1405,3
1407,0
1407,1
1408,0
1408,1
1410,0
1410,1
1414,0
1414,1
1414,2
1414,3
1414,4
1414,5
1414,6
1414,7
1414,8
1414,9
1414,10
1414,11
1414,12
1414,13
1414,14
1414,15
1414,16
1414,17
1414,18
1414,19
1414,20
1414,21
1416,0
1416,1
1417,0
1417,1
1418,0
1418,1
1419,0
1419,1
1420,0
1420,1
1421,0
1421,1
1423,0
1423,1
1424,0
1424,1
1425,0
1425,1
1426,0
1426,1
1427,0
1427,1
1428,0
1428,1
1429,0
1429,1
1430,0
1430,1
1432,0
1432,1
1433,0
1433,1
1434,0
1434,1
1435,0
1435,1
1437,0
1437,1
1438,0
1438,1
1440,0
1440,1
1443,0
1443,1
1443,2
1443,3
1443,4
1443,5
1443,6
1443,7
1443,8
1443,9
1443,10
1444,0
1444,1
1444,2
1444,3
1444,4
1444,5
1444,6
1444,7
1444,8
1444,9
1444,10
1446,0
1446,1
1447,0
1447,1
1450,0
1450,1
1451,0
1451,1
1453,0
1453,1
1454,0
1454,1
1456,0
1456,1
1457,0
1457,1
1459,0
1459,1
1460,0
1460,1
1462,0
1462,1
1464,0
1464,1
1468,0
1468,1
1468,2
1468,3
1468,4
1468,5
1468,6
1468,7
1468,8
1468,9
1468,10
1468,11
1468,12
1468,13
1468,14
1468,15
1468,16
1468,17
1470,0
1470,1
1471,0
1471,1
1472,0
1472,1
1473,0
1473,1
1475,0
1475,1
1475,2
1475,3
1477,0
1477,1
1478,0
1478,1
1480,0
1480,1
1482,0
1482,1
1485,0
1485,1
1485,2
1485,3
1485,4
1485,5
1485,6
1485,7
1485,8
1485,9
1485,10
1485,11
1485,12
1485,13
1485,14
1485,15
1485,16
1485,17
1487,0
1487,1
1488,0
1488,1
1489,0
1489,1
1490,0
1490,1
1492,0
1492,1
1492,2
1492,3
1494,0
1494,1
1495,0
1495,1
1497,0
1497,1
1499,0
1499,1
1503,0
1503,1
1503,2
1503,3
1503,4
1503,5
1506,0
1506,1
1506,2
1506,3
1506,4
1506,5
1508,0
1511,0
1511,1
1511,2
1511,3
1511,4
1511,5
1511,6
1511,7
1513,0
1513,1
1513,2
1513,3
1514,0
1514,1
1514,2
1514,3
1516,0
1516,1
1517,0
1517,1
1519,0
1519,1
1523,0
1523,1
1523,2
1523,3
1523,4
1523,5
1523,6
1523,7
1523,8
1523,9
1525,0
1525,1
1526,0
1526,1
1528,0
1528,1
1530,0
1530,1
1531,0
1531,1
1533,0
1533,1
1535,0
1535,1
1539,0
1539,1
1539,2
1539,3
1539,4
1539,5
1539,6
1539,7
1539,8
1539,9
1539,10
1539,11
1539,12
1539,13
1539,14
1539,15
1543,0
1543,1
1543,2
1543,3
1543,4
1543,5
1543,6
1543,7
1543,8
1543,9
1543,10
1543,11
1543,12
1543,13
1545,0
1545,1
1546,0
1546,1
1547,0
1547,1
1548,0
1548,1
1549,0
1549,1
1550,0
1550,1
1552,0
1552,1
1553,0
1553,1
1554,0
1554,1
1555,0
1555,1
1557,0
1557,1
1558,0
1558,1
1560,0
1560,1
1563,0
1563,1
1563,2
1563,3
1563,4
1563,5
1563,6
1563,7
1563,8
1563,9
1563,10
1563,11
1563,12
1563,13
1566,0
1566,1
1566,2
1566,3
1566,4
1566,5
1566,6
1566,7
1568,0
1568,1
1569,0
1569,1
1570,0
1570,1
1571,0
1571,1
1573,0
1573,1
1574,0
1574,1
1576,0
1576,1
1580,0
1580,1
1580,2
1580,3
1580,4
1580,5
1580,6
1580,7
1580,8
1580,9
1580,10
1580,11
1584,0
1584,1
1584,2
1584,3
1584,4
1584,5
1584,6
1584,7
1584,8
1584,9
1587,0
1587,1
1587,2
1587,3
1587,4
1587,5
1587,6
1587,7
1587,8
1587,9
1588,0
1588,1
1590,0
1590,1
1590,2
1591,0
1591,1
1591,2
1592,0
1592,1
1592,2
1593,0
1593,1
1593,2
1595,0
1595,1
1595,2
1595,3
1596,0
1596,1
1596,2
1596,3
1597,0
1597,1
1597,2
1597,3
1599,0
1599,1
1599,2
1601,0
1601,1
1603,0
1603,1
1604,0
1604,1
1605,0
1605,1
1606,0
1606,1
1608,0
1608,1
1609,0
1609,1
1611,0
1611,1
1613,0
1613,1
1616,0
1616,1
1616,2
1616,3
1616,4
1616,5
1616,6
1616,7
1616,8
1616,9
1616,10
1616,11
1616,12
1616,13
1616,14
1616,15
1616,16
1616,17
1616,18
1616,19
1616,20
1616,21
1616,22
1616,23
1616,24
1616,25
1616,26
1616,27
1617,0
1617,1
1617,2
1617,3
1617,4
1617,5
1617,6
1617,7
1619,0
1619,1
1620,0
1620,1
1621,0
1621,1
1622,0
1622,1
1624,0
1624,1
1624,2
1624,3
1625,0
1625,1
1625,2
1625,3
1626,0
1626,1
1626,2
1626,3
1627,0
1627,1
1627,2
1627,3
1628,0
1628,1
1628,2
1628,3
1629,0
1629,1
1629,2
1629,3
1630,0
1630,1
1630,2
1630,3
1631,0
1631,1
1631,2
1631,3
1633,0
1633,1
1633,2
1633,3
1633,4
1633,5
1633,6
1633,7
1634,0
1634,1
1634,2
1634,3
1634,4
1634,5
1634,6
1634,7
1635,0
1635,1
1635,2
1635,3
1635,4
1635,5
1635,6
1635,7
1637,0
1637,1
1638,0
1638,1
1639,0
1639,1
1640,0
1640,1
1641,0
1641,1
1642,0
1642,1
1643,0
1643,1
1644,0
1644,1
1646,0
1646,1
1647,0
1647,1
1648,0
1648,1
1649,0
1649,1
1651,0
1651,1
1652,0
1652,1
1654,0
1654,1
1657,0
1657,1
1657,2
1657,3
1657,4
1657,5
1657,6
1657,7
1657,8
1657,9
1657,10
1657,11
1657,12
1657,13
1657,14
1657,15
1659,0
1659,1
1660,0
1660,1
1661,0
1661,1
1662,0
1662,1
1663,0
1663,1
1664,0
1664,1
1665,0
1665,1
1666,0
1666,1
1668,0
1668,1
1669,0
1669,1
1670,0
1670,1
1671,0
1671,1
1672,0
1672,1
1673,0
1673,1
1674,0
1674,1
1675,0
1675,1
1677,0
1677,1
1678,0
1678,1
1679,0
1679,1
1680,0
1680,1
1682,0
1682,1
1683,0
1683,1
1685,0
1685,1
1688,0
1688,1
1692,0
1692,1
1692,2
1692,3
1692,4
1692,5
1692,6
1692,7
1692,8
1692,9
1692,10
1692,11
1692,12
1692,13
1692,14
1692,15
1692,16
1692,17
1692,18
1692,19
1692,20
1692,21
1692,22
1692,23
1692,24
1692,25
1692,26
1692,27
1692,28
1692,29
1696,0
1696,1
1696,2
1696,3
1696,4
1696,5
1696,6
1696,7
1696,8
1696,9
1696,10
1696,11
1696,12
1696,13
1696,14
1696,15
1699,0
1699,1
1699,2
1699,3
1699,4
1699,5
1699,6
1699,7
1699,8
1699,9
1699,10
1699,11
1699,12
1699,13
1699,14
1699,15
1703,0
1703,1
1703,2
1703,3
1703,4
1703,5
1703,6
1703,7
1703,8
1703,9
1703,10
1703,11
1703,12
1703,13
1703,14
1703,15
1703,16
1703,17
1703,18
1703,19
1705,0
1705,1
1705,2
1705,3
1706,0
1706,1
1706,2
1706,3
1708,0
1708,1
1710,0
1710,1
1713,0
1713,1
1713,2
1713,3
1713,4
1713,5
1713,6
1713,7
1713,8
1713,9
1713,10
1713,11
1713,12
1713,13
1713,14
1713,15
1713,16
1713,17
1713,18
1713,19
1715,0
1715,1
1715,2
1715,3
1716,0
1716,1
1716,2
1716,3
1718,0
1718,1
1720,0
1720,1
1724,0
1724,1
1724,2
1724,3
1724,4
1724,5
1724,6
1724,7
1724,8
1724,9
1724,10
1724,11
1724,12
1724,13
1724,14
1724,15
1724,16
1724,17
1724,18
1724,19
1728,0
1728,1
1728,2
1728,3
1728,4
1728,5
1730,0
1736,0
1736,1
1736,2
1736,3
1736,4
1736,5
1736,6
1736,7
1736,8
1736,9
1736,10
1736,11
1736,12
1736,13
1736,14
1736,15
1736,16
1736,17
1736,18
1736,19
1736,20
1736,21
1736,22
1736,23
1736,24
1736,25
1736,26
1736,27
1736,28
1736,29
1736,30
1736,31
1736,32
1736,33
1736,34
1736,35
1736,36
1736,37
1736,38
1736,39
1736,40
1736,41
1736,42
1736,43
1736,44
1736,45
1736,46
1736,47
1736,48
1736,49
1736,50
1736,51
1736,52
1736,53
1736,54
1736,55
1736,56
1736,57
1736,58
1736,59
1736,60
1736,61
1736,62
1736,63
1736,64
1736,65
1736,66
1736,67
1736,68
1736,69
1736,70
1736,71
1736,72
1736,73
1736,74
1736,75
1736,76
1736,77
1736,78
1736,79
1736,80
1736,81
1736,82
1736,83
1736,84
1736,85
1739,0
1739,1
1739,2
1739,3
1739,4
1739,5
1739,6
1739,7
1739,8
1739,9
1739,10
1739,11
1739,12
1739,13
1739,14
1739,15
1739,16
1739,17
1739,18
1739,19
1739,20
1739,21
1739,22
1739,23
1739,24
1739,25
1739,26
1739,27
1739,28
1739,29
1739,30
1739,31
1739,32
1739,33
1739,34
1739,35
1739,36
1739,37
1739,38
1739,39
