3,0
3,1
3,2
3,3
3,4
3,5
3,6
3,7
5,0
5,1
5,2
5,3
6,0
6,1
6,2
6,3
8,0
8,1
9,0
9,1
11,0
11,1
13,0
13,1
16,0
16,1
16,2
16,3
17,0
17,1
17,2
18,0
18,1
18,2
18,3
19,0
19,1
19,2
19,3
19,4
19,5
19,6
19,7
19,8
19,9
19,10
19,11
19,12
19,13
19,14
19,15
20,0
20,1
20,2
20,3
20,4
22,0
22,1
22,2
22,3
22,4
22,5
23,0
23,1
23,2
24,0
24,1
24,2
24,3
24,4
24,5
24,6
24,7
24,8
25,0
25,1
26,0
26,1
26,2
27,0
27,1
27,2
27,3
28,0
28,1
29,0
30,0
30,1
32,0
32,1
32,2
32,3
33,0
33,1
33,2
33,3
34,0
34,1
34,2
34,3
35,0
35,1
35,2
35,3
36,0
36,1
36,2
36,3
37,0
37,1
37,2
37,3
38,0
38,1
38,2
38,3
39,0
39,1
39,2
39,3
41,0
41,1
41,2
41,3
42,0
42,1
42,2
42,3
43,0
43,1
43,2
43,3
44,0
44,1
44,2
44,3
45,0
45,1
45,2
45,3
46,0
46,1
46,2
46,3
47,0
47,1
47,2
47,3
48,0
48,1
48,2
48,3
50,0
50,1
51,0
51,1
52,0
52,1
53,0
53,1
54,0
54,1
55,0
55,1
56,0
56,1
57,0
57,1
59,0
59,1
60,0
60,1
61,0
61,1
62,0
62,1
64,0
64,1
65,0
65,1
67,0
67,1
69,0
69,1
72,0
72,1
73,0
73,1
75,0
75,1
76,0
76,1
78,0
78,1
80,0
80,1
83,0
83,1
87,0
87,1
87,2
87,3
87,4
87,5
88,0
88,1
88,2
88,3
88,4
88,5
88,6
88,7
88,8
88,9
88,10
89,0
89,1
89,2
89,3
89,4
89,5
89,6
89,7
89,8
89,9
89,10
89,11
89,12
89,13
89,14
89,15
91,0
91,1
91,2
91,3
91,4
91,5
92,0
92,1
92,2
92,3
92,4
93,0
93,1
93,2
93,3
93,4
93,5
93,6
93,7
93,8
93,9
93,10
93,11
93,12
93,13
93,14
95,0
95,1
95,2
95,3
95,4
95,5
95,6
95,7
95,8
95,9
95,10
97,0
97,1
97,2
97,3
97,4
97,5
100,0
100,1
100,2
100,3
101,0
101,1
101,2
101,3
102,0
102,1
102,2
102,3
103,0
103,1
103,2
103,3
105,0
105,1
105,2
105,3
106,0
106,1
106,2
106,3
107,0
107,1
107,2
107,3
108,0
108,1
108,2
108,3
110,0
110,1
111,0
111,1
112,0
112,1
113,0
113,1
115,0
115,1
116,0
116,1
118,0
118,1
121,0
121,1
121,2
121,3
121,4
121,5
122,0
122,1
122,2
122,3
122,4
122,5
122,6
122,7
122,8
122,9
122,10
123,0
123,1
123,2
123,3
123,4
123,5
123,6
123,7
123,8
123,9
123,10
123,11
123,12
123,13
123,14
123,15
125,0
125,1
125,2
125,3
125,4
125,5
126,0
126,1
126,2
126,3
126,4
127,0
127,1
127,2
127,3
127,4
127,5
127,6
127,7
127,8
127,9
127,10
127,11
127,12
127,13
127,14
129,0
129,1
129,2
129,3
129,4
129,5
129,6
129,7
129,8
131,0
131,1
131,2
131,3
131,4
131,5
134,0
134,1
137,0
138,0
138,1
138,2
138,3
138,4
138,5
138,6
138,7
138,8
138,9
138,10
138,11
138,12
138,13
138,14
138,15
138,16
138,17
138,18
138,19
138,20
139,0
139,1
139,2
139,3
139,4
139,5
139,6
139,7
139,8
139,9
139,10
139,11
139,12
139,13
139,14
139,15
139,16
139,17
139,18
139,19
139,20
139,21
139,22
139,23
139,24
141,0
141,1
141,2
141,3
141,4
141,5
141,6
141,7
141,8
141,9
143,0
143,1
144,0
144,1
145,0
145,1
146,0
146,1
147,0
147,1
149,0
149,1
149,2
149,3
149,4
149,5
149,6
149,7
149,8
149,9
149,10
149,11
149,12
149,13
149,14
149,15
149,16
149,17
149,18
149,19
151,0
151,1
151,2
151,3
151,4
151,5
151,6
151,7
151,8
151,9
152,0
152,1
152,2
152,3
152,4
152,5
152,6
152,7
152,8
152,9
154,0
154,1
155,0
155,1
156,0
156,1
157,0
157,1
158,0
158,1
159,0
159,1
160,0
160,1
161,0
161,1
162,0
162,1
163,0
163,1
165,0
166,0
166,1
166,2
166,3
166,4
166,5
166,6
166,7
166,8
166,9
166,10
166,11
166,12
166,13
166,14
166,15
166,16
166,17
166,18
166,19
166,20
166,21
166,22
166,23
166,24
166,25
166,26
166,27
166,28
166,29
166,30
168,0
168,1
168,2
168,3
168,4
168,5
168,6
168,7
169,0
169,1
169,2
169,3
169,4
169,5
169,6
169,7
170,0
170,1
170,2
170,3
170,4
170,5
170,6
170,7
171,0
171,1
171,2
171,3
171,4
171,5
171,6
171,7
173,0
173,1
173,2
173,3
174,0
174,1
174,2
174,3
175,0
175,1
175,2
175,3
176,0
176,1
176,2
176,3
177,0
177,1
177,2
177,3
178,0
178,1
178,2
178,3
179,0
179,1
179,2
179,3
180,0
180,1
180,2
180,3
182,0
182,1
182,2
182,3
182,4
182,5
182,6
182,7
183,0
183,1
183,2
183,3
183,4
183,5
183,6
183,7
185,0
185,1
186,0
186,1
187,0
187,1
188,0
188,1
189,0
189,1
190,0
190,1
191,0
191,1
192,0
192,1
194,0
194,1
194,2
194,3
194,4
194,5
194,6
194,7
196,0
196,1
197,0
197,1
198,0
198,1
199,0
199,1
201,0
201,1
201,2
201,3
203,0
203,1
204,0
204,1
206,0
206,1
209,0
210,0
210,1
210,2
210,3
210,4
210,5
210,6
210,7
210,8
210,9
210,10
210,11
210,12
210,13
210,14
211,0
211,1
211,2
211,3
211,4
211,5
211,6
211,7
211,8
211,9
211,10
211,11
211,12
211,13
211,14
211,15
211,16
211,17
211,18
211,19
211,20
211,21
211,22
211,23
211,24
211,25
211,26
211,27
211,28
211,29
211,30
211,31
211,32
211,33
211,34
211,35
211,36
211,37
211,38
211,39
211,40
211,41
211,42
211,43
213,0
213,1
213,2
213,3
213,4
213,5
213,6
213,7
213,8
213,9
213,10
213,11
213,12
213,13
213,14
213,15
213,16
213,17
213,18
213,19
213,20
213,21
213,22
213,23
213,24
213,25
213,26
213,27
213,28
213,29
213,30
213,31
213,32
213,33
213,34
213,35
213,36
213,37
213,38
213,39
213,40
213,41
213,42
213,43
215,0
215,1
215,2
215,3
215,4
215,5
215,6
215,7
215,8
215,9
215,10
215,11
215,12
215,13
215,14
215,15
215,16
215,17
215,18
215,19
215,20
215,21
216,0
216,1
216,2
216,3
216,4
216,5
216,6
216,7
216,8
216,9
216,10
216,11
216,12
216,13
216,14
216,15
216,16
216,17
216,18
216,19
216,20
216,21
218,0
218,1
219,0
219,1
220,0
220,1
221,0
221,1
222,0
222,1
223,0
223,1
224,0
224,1
225,0
225,1
226,0
226,1
227,0
227,1
228,0
228,1
229,0
229,1
230,0
230,1
231,0
231,1
232,0
232,1
233,0
233,1
234,0
234,1
235,0
235,1
236,0
236,1
237,0
237,1
238,0
238,1
239,0
239,1
241,0
242,0
242,1
242,2
242,3
242,4
242,5
242,6
242,7
242,8
242,9
242,10
242,11
242,12
242,13
242,14
242,15
242,16
242,17
242,18
242,19
242,20
242,21
242,22
242,23
242,24
242,25
242,26
242,27
242,28
242,29
242,30
242,31
242,32
242,33
242,34
242,35
242,36
242,37
242,38
242,39
242,40
242,41
242,42
242,43
242,44
242,45
242,46
244,0
244,1
244,2
244,3
244,4
244,5
244,6
244,7
244,8
244,9
244,10
244,11
245,0
245,1
245,2
245,3
245,4
245,5
245,6
245,7
245,8
245,9
245,10
245,11
246,0
246,1
246,2
246,3
246,4
246,5
246,6
246,7
246,8
246,9
246,10
246,11
247,0
247,1
247,2
247,3
247,4
247,5
247,6
247,7
247,8
247,9
247,10
247,11
249,0
249,1
249,2
249,3
250,0
250,1
250,2
250,3
251,0
251,1
251,2
251,3
252,0
252,1
252,2
252,3
253,0
253,1
253,2
253,3
254,0
254,1
254,2
254,3
255,0
255,1
255,2
255,3
256,0
256,1
256,2
256,3
257,0
257,1
257,2
257,3
258,0
258,1
258,2
258,3
259,0
259,1
259,2
259,3
260,0
260,1
260,2
260,3
262,0
262,1
262,2
262,3
262,4
262,5
262,6
262,7
264,0
264,1
264,2
264,3
264,4
264,5
264,6
264,7
264,8
264,9
264,10
264,11
264,12
264,13
264,14
264,15
265,0
265,1
265,2
265,3
265,4
265,5
265,6
265,7
265,8
265,9
265,10
265,11
265,12
265,13
265,14
265,15
267,0
267,1
268,0
268,1
269,0
269,1
270,0
270,1
271,0
271,1
272,0
272,1
273,0
273,1
274,0
274,1
275,0
275,1
276,0
276,1
277,0
277,1
278,0
278,1
279,0
279,1
280,0
280,1
281,0
281,1
282,0
282,1
284,0
284,1
284,2
284,3
284,4
284,5
284,6
284,7
284,8
284,9
284,10
284,11
284,12
284,13
284,14
284,15
286,0
286,1
287,0
287,1
288,0
288,1
289,0
289,1
290,0
290,1
291,0
291,1
292,0
292,1
293,0
293,1
295,0
295,1
295,2
295,3
295,4
295,5
295,6
295,7
297,0
297,1
298,0
298,1
299,0
299,1
300,0
300,1
302,0
302,1
302,2
302,3
304,0
304,1
305,0
305,1
307,0
307,1
311,0
311,1
311,2
311,3
311,4
311,5
311,6
311,7
311,8
311,9
313,0
313,1
314,0
314,1
316,0
316,1
317,0
317,1
318,0
318,1
319,0
319,1
321,0
321,1
322,0
322,1
324,0
324,1
327,0
327,1
327,2
327,3
327,4
327,5
327,6
327,7
327,8
327,9
331,0
331,1
331,2
331,3
331,4
331,5
331,6
331,7
331,8
331,9
331,10
331,11
331,12
331,13
331,14
331,15
333,0
333,1
334,0
334,1
335,0
335,1
336,0
336,1
337,0
337,1
338,0
338,1
339,0
339,1
340,0
340,1
342,0
342,1
343,0
343,1
344,0
344,1
345,0
345,1
347,0
347,1
348,0
348,1
350,0
350,1
353,0
353,1
353,2
353,3
353,4
353,5
353,6
353,7
353,8
353,9
353,10
353,11
353,12
353,13
353,14
353,15
355,0
355,1
355,2
355,3
355,4
355,5
359,0
359,1
359,2
359,3
359,4
359,5
359,6
359,7
359,8
359,9
359,10
359,11
361,0
361,1
362,0
362,1
363,0
363,1
364,0
364,1
366,0
366,1
367,0
367,1
368,0
368,1
369,0
369,1
371,0
371,1
372,0
372,1
374,0
374,1
377,0
377,1
377,2
377,3
377,4
377,5
377,6
377,7
377,8
377,9
377,10
377,11
381,0
381,1
384,0
384,1
384,2
384,3
384,4
384,5
384,6
384,7
384,8
384,9
384,10
384,11
384,12
384,13
384,14
384,15
384,16
384,17
384,18
384,19
384,20
384,21
384,22
384,23
386,0
386,1
386,2
386,3
386,4
386,5
386,6
386,7
386,8
386,9
386,10
386,11
386,12
386,13
386,14
386,15
386,16
386,17
386,18
386,19
386,20
386,21
386,22
386,23
388,0
388,1
389,0
389,1
390,0
390,1
391,0
391,1
392,0
392,1
393,0
393,1
394,0
394,1
395,0
395,1
397,0
397,1
398,0
398,1
399,0
399,1
400,0
400,1
401,0
401,1
402,0
402,1
403,0
403,1
404,0
404,1
406,0
406,1
406,2
406,3
406,4
406,5
406,6
406,7
406,8
406,9
406,10
406,11
406,12
406,13
406,14
406,15
406,16
406,17
406,18
406,19
406,20
406,21
406,22
406,23
406,24
406,25
406,26
406,27
406,28
406,29
406,30
406,31
406,32
406,33
406,34
406,35
406,36
406,37
406,38
406,39
408,0
408,1
409,0
409,1
410,0
410,1
411,0
411,1
412,0
412,1
413,0
413,1
414,0
414,1
415,0
415,1
416,0
416,1
417,0
417,1
418,0
418,1
419,0
419,1
420,0
420,1
421,0
421,1
422,0
422,1
423,0
423,1
424,0
424,1
425,0
425,1
426,0
426,1
427,0
427,1
429,0
429,1
430,0
430,1
431,0
431,1
432,0
432,1
433,0
433,1
434,0
434,1
435,0
435,1
436,0
436,1
437,0
437,1
438,0
438,1
439,0
439,1
440,0
440,1
441,0
441,1
442,0
442,1
443,0
443,1
444,0
444,1
445,0
445,1
446,0
446,1
447,0
447,1
448,0
448,1
450,0
450,1
450,2
450,3
450,4
450,5
450,6
450,7
450,8
450,9
450,10
450,11
450,12
450,13
450,14
450,15
450,16
450,17
450,18
450,19
450,20
450,21
450,22
450,23
450,24
450,25
450,26
450,27
450,28
450,29
450,30
450,31
450,32
450,33
450,34
450,35
450,36
450,37
450,38
450,39
450,40
450,41
450,42
450,43
450,44
450,45
450,46
450,47
450,48
450,49
450,50
450,51
450,52
450,53
450,54
450,55
450,56
450,57
450,58
450,59
450,60
450,61
450,62
450,63
452,0
452,1
453,0
453,1
454,0
454,1
455,0
455,1
456,0
456,1
457,0
457,1
458,0
458,1
459,0
459,1
460,0
460,1
461,0
461,1
462,0
462,1
463,0
463,1
464,0
464,1
465,0
465,1
466,0
466,1
467,0
467,1
468,0
468,1
469,0
469,1
470,0
470,1
471,0
471,1
472,0
472,1
473,0
473,1
474,0
474,1
475,0
475,1
476,0
476,1
477,0
477,1
478,0
478,1
479,0
479,1
480,0
480,1
481,0
481,1
482,0
482,1
483,0
483,1
485,0
485,1
486,0
486,1
487,0
487,1
488,0
488,1
489,0
489,1
490,0
490,1
491,0
491,1
492,0
492,1
493,0
493,1
494,0
494,1
495,0
495,1
496,0
496,1
497,0
497,1
498,0
498,1
499,0
499,1
500,0
500,1
501,0
501,1
502,0
502,1
503,0
503,1
504,0
504,1
505,0
505,1
506,0
506,1
507,0
507,1
508,0
508,1
509,0
509,1
510,0
510,1
511,0
511,1
512,0
512,1
513,0
513,1
514,0
514,1
515,0
515,1
516,0
516,1
518,0
518,1
518,2
518,3
518,4
518,5
518,6
518,7
518,8
518,9
518,10
518,11
518,12
518,13
518,14
518,15
518,16
518,17
518,18
518,19
518,20
518,21
518,22
518,23
518,24
518,25
518,26
518,27
518,28
518,29
518,30
518,31
520,0
520,1
521,0
521,1
522,0
522,1
523,0
523,1
524,0
524,1
525,0
525,1
526,0
526,1
527,0
527,1
528,0
528,1
529,0
529,1
530,0
530,1
531,0
531,1
532,0
532,1
533,0
533,1
534,0
534,1
535,0
535,1
537,0
537,1
538,0
538,1
539,0
539,1
540,0
540,1
541,0
541,1
542,0
542,1
543,0
543,1
544,0
544,1
545,0
545,1
546,0
546,1
547,0
547,1
548,0
548,1
549,0
549,1
550,0
550,1
551,0
551,1
552,0
552,1
554,0
554,1
554,2
554,3
554,4
554,5
554,6
554,7
554,8
554,9
554,10
554,11
554,12
554,13
554,14
554,15
556,0
556,1
557,0
557,1
558,0
558,1
559,0
559,1
560,0
560,1
561,0
561,1
562,0
562,1
563,0
563,1
565,0
565,1
566,0
566,1
567,0
567,1
568,0
568,1
569,0
569,1
570,0
570,1
571,0
571,1
572,0
572,1
574,0
574,1
574,2
574,3
574,4
574,5
574,6
574,7
576,0
576,1
577,0
577,1
578,0
578,1
579,0
579,1
581,0
581,1
582,0
582,1
583,0
583,1
584,0
584,1
586,0
586,1
586,2
586,3
588,0
588,1
589,0
589,1
591,0
591,1
594,0
594,1
594,2
594,3
594,4
594,5
594,6
594,7
594,8
594,9
594,10
594,11
594,12
594,13
594,14
594,15
594,16
594,17
594,18
594,19
594,20
594,21
594,22
594,23
594,24
594,25
594,26
594,27
594,28
594,29
594,30
594,31
594,32
594,33
594,34
594,35
594,36
594,37
594,38
594,39
594,40
594,41
594,42
594,43
594,44
594,45
594,46
594,47
594,48
594,49
594,50
594,51
594,52
594,53
594,54
594,55
594,56
594,57
594,58
594,59
594,60
594,61
594,62
594,63
594,64
594,65
594,66
594,67
594,68
594,69
594,70
594,71
595,0
595,1
595,2
595,3
595,4
595,5
595,6
595,7
595,8
595,9
595,10
595,11
595,12
595,13
595,14
595,15
595,16
595,17
595,18
595,19
597,0
597,1
597,2
597,3
597,4
597,5
597,6
597,7
597,8
597,9
597,10
597,11
597,12
597,13
597,14
597,15
597,16
597,17
597,18
597,19
597,20
597,21
597,22
597,23
597,24
597,25
597,26
597,27
597,28
597,29
597,30
597,31
597,32
597,33
597,34
597,35
597,36
597,37
597,38
597,39
597,40
597,41
597,42
597,43
597,44
597,45
597,46
597,47
597,48
597,49
597,50
597,51
597,52
597,53
597,54
597,55
597,56
597,57
597,58
597,59
597,60
597,61
597,62
597,63
597,64
597,65
597,66
597,67
597,68
597,69
597,70
597,71
599,0
599,1
600,0
600,1
601,0
601,1
602,0
602,1
603,0
603,1
604,0
604,1
605,0
605,1
606,0
606,1
607,0
607,1
608,0
608,1
609,0
609,1
610,0
610,1
611,0
611,1
612,0
612,1
613,0
613,1
614,0
614,1
615,0
615,1
616,0
616,1
617,0
617,1
618,0
618,1
619,0
619,1
620,0
620,1
621,0
621,1
622,0
622,1
623,0
623,1
624,0
624,1
625,0
625,1
626,0
626,1
627,0
627,1
628,0
628,1
629,0
629,1
630,0
630,1
631,0
631,1
632,0
632,1
633,0
633,1
634,0
634,1
636,0
636,1
636,2
636,3
636,4
636,5
636,6
636,7
636,8
636,9
636,10
636,11
636,12
636,13
636,14
636,15
636,16
636,17
636,18
636,19
636,20
636,21
636,22
636,23
636,24
636,25
636,26
636,27
636,28
636,29
636,30
636,31
636,32
636,33
636,34
636,35
636,36
636,37
636,38
636,39
636,40
636,41
636,42
636,43
636,44
636,45
636,46
636,47
638,0
638,1
639,0
639,1
640,0
640,1
641,0
641,1
642,0
642,1
643,0
643,1
644,0
644,1
645,0
645,1
646,0
646,1
647,0
647,1
648,0
648,1
649,0
649,1
650,0
650,1
651,0
651,1
652,0
652,1
653,0
653,1
654,0
654,1
655,0
655,1
656,0
656,1
657,0
657,1
658,0
658,1
659,0
659,1
660,0
660,1
661,0
661,1
663,0
663,1
663,2
663,3
663,4
663,5
663,6
663,7
663,8
663,9
663,10
663,11
663,12
663,13
663,14
663,15
663,16
663,17
663,18
663,19
663,20
663,21
663,22
663,23
663,24
663,25
663,26
663,27
663,28
663,29
663,30
663,31
665,0
665,1
666,0
666,1
667,0
667,1
668,0
668,1
669,0
669,1
670,0
670,1
671,0
671,1
672,0
672,1
673,0
673,1
674,0
674,1
675,0
675,1
676,0
676,1
677,0
677,1
678,0
678,1
679,0
679,1
680,0
680,1
682,0
682,1
682,2
682,3
682,4
682,5
682,6
682,7
682,8
682,9
682,10
682,11
682,12
682,13
682,14
682,15
684,0
684,1
685,0
685,1
686,0
686,1
687,0
687,1
688,0
688,1
689,0
689,1
690,0
690,1
691,0
691,1
693,0
693,1
693,2
693,3
693,4
693,5
693,6
693,7
695,0
695,1
696,0
696,1
697,0
697,1
698,0
698,1
700,0
700,1
700,2
700,3
702,0
702,1
703,0
703,1
705,0
705,1
708,0
708,1
708,2
708,3
708,4
708,5
708,6
708,7
708,8
708,9
708,10
708,11
708,12
708,13
708,14
708,15
708,16
708,17
708,18
708,19
711,0
711,1
711,2
711,3
711,4
711,5
711,6
711,7
711,8
711,9
711,10
711,11
711,12
711,13
711,14
711,15
711,16
711,17
711,18
711,19
711,20
711,21
711,22
711,23
714,0
714,1
714,2
714,3
714,4
714,5
714,6
714,7
714,8
714,9
714,10
714,11
714,12
714,13
714,14
714,15
714,16
714,17
714,18
714,19
714,20
714,21
714,22
714,23
717,0
717,1
717,2
717,3
717,4
717,5
717,6
717,7
717,8
717,9
717,10
717,11
717,12
717,13
717,14
717,15
717,16
717,17
717,18
717,19
717,20
717,21
717,22
717,23
722,0
722,1
723,0
723,1
725,0
725,1
730,0
730,1
731,0
731,1
733,0
733,1
738,0
738,1
739,0
739,1
741,0
741,1
745,0
745,1
748,0
748,1
748,2
748,3
748,4
748,5
748,6
748,7
748,8
748,9
748,10
748,11
748,12
748,13
748,14
748,15
748,16
748,17
748,18
748,19
749,0
749,1
749,2
749,3
749,4
749,5
749,6
749,7
749,8
749,9
749,10
749,11
749,12
749,13
749,14
749,15
749,16
749,17
749,18
749,19
751,0
751,1
751,2
751,3
751,4
751,5
751,6
751,7
751,8
751,9
751,10
751,11
751,12
751,13
751,14
751,15
751,16
751,17
751,18
751,19
753,0
753,1
754,0
754,1
755,0
755,1
756,0
756,1
757,0
757,1
758,0
758,1
759,0
759,1
760,0
760,1
762,0
762,1
762,2
762,3
762,4
762,5
762,6
762,7
762,8
762,9
762,10
762,11
762,12
762,13
762,14
762,15
762,16
762,17
762,18
762,19
762,20
762,21
762,22
762,23
762,24
762,25
762,26
762,27
762,28
762,29
762,30
762,31
764,0
764,1
765,0
765,1
766,0
766,1
767,0
767,1
768,0
768,1
769,0
769,1
770,0
770,1
771,0
771,1
772,0
772,1
773,0
773,1
774,0
774,1
775,0
775,1
776,0
776,1
777,0
777,1
778,0
778,1
779,0
779,1
781,0
781,1
781,2
781,3
781,4
781,5
781,6
781,7
781,8
781,9
781,10
781,11
781,12
781,13
781,14
781,15
783,0
783,1
784,0
784,1
785,0
785,1
786,0
786,1
787,0
787,1
788,0
788,1
789,0
789,1
790,0
790,1
792,0
792,1
792,2
792,3
792,4
792,5
792,6
792,7
794,0
794,1
795,0
795,1
796,0
796,1
797,0
797,1
799,0
799,1
799,2
799,3
801,0
801,1
802,0
802,1
804,0
804,1
807,0
807,1
807,2
807,3
807,4
807,5
807,6
807,7
807,8
807,9
807,10
807,11
807,12
807,13
807,14
807,15
807,16
807,17
807,18
807,19
808,0
808,1
808,2
808,3
808,4
808,5
808,6
808,7
808,8
808,9
808,10
808,11
808,12
808,13
808,14
808,15
808,16
808,17
808,18
808,19
810,0
810,1
810,2
810,3
810,4
810,5
810,6
810,7
810,8
810,9
810,10
810,11
810,12
810,13
810,14
810,15
810,16
810,17
810,18
810,19
812,0
812,1
813,0
813,1
814,0
814,1
815,0
815,1
816,0
816,1
817,0
817,1
818,0
818,1
819,0
819,1
821,0
821,1
821,2
821,3
821,4
821,5
821,6
821,7
821,8
821,9
821,10
821,11
821,12
821,13
821,14
821,15
821,16
821,17
821,18
821,19
821,20
821,21
821,22
821,23
821,24
821,25
821,26
821,27
821,28
821,29
821,30
821,31
823,0
823,1
824,0
824,1
825,0
825,1
826,0
826,1
827,0
827,1
828,0
828,1
829,0
829,1
830,0
830,1
831,0
831,1
832,0
832,1
833,0
833,1
834,0
834,1
835,0
835,1
836,0
836,1
837,0
837,1
838,0
838,1
840,0
840,1
840,2
840,3
840,4
840,5
840,6
840,7
840,8
840,9
840,10
840,11
840,12
840,13
840,14
840,15
842,0
842,1
843,0
843,1
844,0
844,1
845,0
845,1
846,0
846,1
847,0
847,1
848,0
848,1
849,0
849,1
851,0
851,1
851,2
851,3
851,4
851,5
851,6
851,7
853,0
853,1
854,0
854,1
855,0
855,1
856,0
856,1
858,0
858,1
858,2
858,3
860,0
860,1
861,0
861,1
863,0
863,1
866,0
866,1
866,2
866,3
866,4
866,5
866,6
866,7
866,8
866,9
866,10
866,11
866,12
866,13
866,14
866,15
866,16
866,17
866,18
866,19
869,0
869,1
869,2
869,3
869,4
869,5
869,6
869,7
869,8
869,9
869,10
869,11
869,12
869,13
869,14
869,15
869,16
869,17
869,18
869,19
873,0
873,1
873,2
873,3
873,4
873,5
873,6
873,7
873,8
873,9
873,10
873,11
873,12
873,13
873,14
873,15
873,16
873,17
874,0
874,1
874,2
874,3
874,4
874,5
874,6
874,7
874,8
874,9
874,10
874,11
874,12
874,13
874,14
874,15
874,16
874,17
876,0
876,1
876,2
876,3
876,4
876,5
876,6
876,7
876,8
876,9
876,10
876,11
876,12
876,13
876,14
876,15
876,16
876,17
878,0
878,1
879,0
879,1
880,0
880,1
881,0
881,1
883,0
883,1
883,2
883,3
883,4
883,5
883,6
883,7
883,8
883,9
883,10
883,11
883,12
883,13
883,14
883,15
883,16
883,17
883,18
883,19
883,20
883,21
883,22
883,23
883,24
883,25
883,26
883,27
883,28
883,29
883,30
883,31
885,0
885,1
886,0
886,1
887,0
887,1
888,0
888,1
889,0
889,1
890,0
890,1
891,0
891,1
892,0
892,1
893,0
893,1
894,0
894,1
895,0
895,1
896,0
896,1
897,0
897,1
898,0
898,1
899,0
899,1
900,0
900,1
902,0
902,1
902,2
902,3
902,4
902,5
902,6
902,7
902,8
902,9
902,10
902,11
902,12
902,13
902,14
902,15
904,0
904,1
905,0
905,1
906,0
906,1
907,0
907,1
908,0
908,1
909,0
909,1
910,0
910,1
911,0
911,1
913,0
913,1
913,2
913,3
913,4
913,5
913,6
913,7
915,0
915,1
916,0
916,1
917,0
917,1
918,0
918,1
920,0
920,1
920,2
920,3
922,0
922,1
923,0
923,1
925,0
925,1
928,0
928,1
928,2
928,3
928,4
928,5
928,6
928,7
928,8
928,9
928,10
928,11
928,12
928,13
928,14
928,15
928,16
928,17
931,0
931,1
931,2
931,3
931,4
931,5
931,6
931,7
931,8
931,9
931,10
931,11
931,12
931,13
931,14
931,15
931,16
931,17
936,0
936,1
939,0
939,1
943,0
943,1
943,2
943,3
943,4
943,5
943,6
943,7
943,8
943,9
943,10
943,11
945,0
945,1
946,0
946,1
947,0
947,1
948,0
948,1
950,0
950,1
951,0
951,1
952,0
952,1
953,0
953,1
955,0
955,1
956,0
956,1
957,0
957,1
958,0
958,1
960,0
960,1
961,0
961,1
962,0
962,1
963,0
963,1
965,0
965,1
966,0
966,1
968,0
968,1
971,0
971,1
971,2
971,3
971,4
971,5
971,6
971,7
971,8
971,9
971,10
971,11
975,0
975,1
978,0
978,1
978,2
978,3
978,4
978,5
978,6
978,7
978,8
978,9
978,10
978,11
978,12
978,13
978,14
978,15
978,16
978,17
978,18
978,19
979,0
979,1
979,2
979,3
979,4
979,5
979,6
979,7
979,8
979,9
979,10
979,11
979,12
979,13
979,14
979,15
979,16
979,17
979,18
979,19
979,20
979,21
981,0
981,1
981,2
981,3
981,4
981,5
981,6
981,7
981,8
981,9
981,10
981,11
981,12
981,13
981,14
981,15
981,16
981,17
981,18
981,19
981,20
981,21
983,0
983,1
984,0
984,1
986,0
986,1
987,0
987,1
988,0
988,1
989,0
989,1
990,0
990,1
991,0
991,1
992,0
992,1
993,0
993,1
994,0
994,1
995,0
995,1
996,0
996,1
997,0
997,1
998,0
998,1
999,0
999,1
1000,0
1000,1
1001,0
1001,1
1003,0
1003,1
1004,0
1004,1
1005,0
1005,1
1006,0
1006,1
1007,0
1007,1
1008,0
1008,1
1009,0
1009,1
1010,0
1010,1
1012,0
1012,1
1013,0
1013,1
1014,0
1014,1
1015,0
1015,1
1016,0
1016,1
1017,0
1017,1
1018,0
1018,1
1019,0
1019,1
1021,0
1021,1
1022,0
1022,1
1023,0
1023,1
1024,0
1024,1
1026,0
1026,1
1027,0
1027,1
1029,0
1029,1
1032,0
1032,1
1032,2
1032,3
1032,4
1032,5
1032,6
1032,7
1032,8
1032,9
1032,10
1032,11
1032,12
1032,13
1032,14
1032,15
1032,16
1032,17
1032,18
1032,19
1035,0
1035,1
1035,2
1035,3
1035,4
1035,5
1035,6
1035,7
1035,8
1035,9
1035,10
1035,11
1035,12
1035,13
1035,14
1035,15
1035,16
1035,17
1035,18
1035,19
1035,20
1035,21
1039,0
1039,1
1039,2
1039,3
1039,4
1039,5
1039,6
1039,7
1039,8
1039,9
1039,10
1039,11
1039,12
1039,13
1039,14
1039,15
1039,16
1039,17
1041,0
1041,1
1042,0
1042,1
1044,0
1044,1
1045,0
1045,1
1046,0
1046,1
1047,0
1047,1
1048,0
1048,1
1049,0
1049,1
1050,0
1050,1
1051,0
1051,1
1053,0
1053,1
1054,0
1054,1
1055,0
1055,1
1056,0
1056,1
1058,0
1058,1
1059,0
1059,1
1061,0
1061,1
1064,0
1064,1
1064,2
1064,3
1064,4
1064,5
1064,6
1064,7
1064,8
1064,9
1064,10
1064,11
1064,12
1064,13
1064,14
1064,15
1064,16
1064,17
1068,0
1068,1
1068,2
1068,3
1068,4
1068,5
1068,6
1068,7
1068,8
1068,9
1068,10
1068,11
1068,12
1068,13
1068,14
1068,15
1070,0
1070,1
1071,0
1071,1
1072,0
1072,1
1073,0
1073,1
1074,0
1074,1
1075,0
1075,1
1076,0
1076,1
1077,0
1077,1
1079,0
1079,1
1080,0
1080,1
1081,0
1081,1
1082,0
1082,1
1084,0
1084,1
1085,0
1085,1
1087,0
1087,1
1090,0
1090,1
1090,2
1090,3
1090,4
1090,5
1090,6
1090,7
1090,8
1090,9
1090,10
1090,11
1090,12
1090,13
1090,14
1090,15
1094,0
1094,1
1094,2
1094,3
1094,4
1094,5
1094,6
1094,7
1094,8
1094,9
1094,10
1094,11
1094,12
1094,13
1094,14
1094,15
1096,0
1096,1
1097,0
1097,1
1098,0
1098,1
1099,0
1099,1
1100,0
1100,1
1101,0
1101,1
1102,0
1102,1
1103,0
1103,1
1105,0
1105,1
1106,0
1106,1
1107,0
1107,1
1108,0
1108,1
1110,0
1110,1
1111,0
1111,1
1113,0
1113,1
1116,0
1116,1
1116,2
1116,3
1116,4
1116,5
1116,6
1116,7
1116,8
1116,9
1116,10
1116,11
1116,12
1116,13
1116,14
1116,15
1118,0
1118,1
1118,2
1118,3
1118,4
1118,5
1118,6
1118,7
1119,0
1119,1
1119,2
1119,3
1119,4
1119,5
1119,6
1119,7
1123,0
1123,1
1123,2
1123,3
1123,4
1123,5
1123,6
1123,7
1123,8
1123,9
1123,10
1123,11
1123,12
1123,13
1123,14
1123,15
1125,0
1125,1
1126,0
1126,1
1127,0
1127,1
1128,0
1128,1
1129,0
1129,1
1130,0
1130,1
1131,0
1131,1
1132,0
1132,1
1134,0
1134,1
1135,0
1135,1
1136,0
1136,1
1137,0
1137,1
1139,0
1139,1
1140,0
1140,1
1142,0
1142,1
1145,0
1145,1
1145,2
1145,3
1145,4
1145,5
1145,6
1145,7
1145,8
1145,9
1145,10
1145,11
1145,12
1145,13
1145,14
1145,15
1145,16
1145,17
1149,0
1149,1
1149,2
1149,3
1149,4
1149,5
1149,6
1149,7
1149,8
1149,9
1149,10
1149,11
1149,12
1149,13
1149,14
1149,15
1151,0
1151,1
1152,0
1152,1
1153,0
1153,1
1154,0
1154,1
1155,0
1155,1
1156,0
1156,1
1157,0
1157,1
1158,0
1158,1
1160,0
1160,1
1161,0
1161,1
1162,0
1162,1
1163,0
1163,1
1165,0
1165,1
1166,0
1166,1
1168,0
1168,1
1171,0
1171,1
1171,2
1171,3
1171,4
1171,5
1171,6
1171,7
1171,8
1171,9
1171,10
1171,11
1171,12
1171,13
1171,14
1171,15
1175,0
1175,1
1175,2
1175,3
1175,4
1175,5
1175,6
1175,7
1175,8
1175,9
1175,10
1175,11
1177,0
1177,1
1178,0
1178,1
1179,0
1179,1
1180,0
1180,1
1182,0
1182,1
1183,0
1183,1
1184,0
1184,1
1185,0
1185,1
1187,0
1187,1
1188,0
1188,1
1189,0
1189,1
1190,0
1190,1
1192,0
1192,1
1193,0
1193,1
1194,0
1194,1
1195,0
1195,1
1197,0
1197,1
1198,0
1198,1
1200,0
1200,1
1203,0
1203,1
1203,2
1203,3
1203,4
1203,5
1203,6
1203,7
1203,8
1203,9
1203,10
1203,11
1205,0
1205,1
1205,2
1205,3
1205,4
1205,5
1206,0
1206,1
1206,2
1206,3
1206,4
1206,5
1210,0
1210,1
1213,0
1213,1
1213,2
1213,3
1213,4
1213,5
1213,6
1213,7
1213,8
1213,9
1213,10
1213,11
1213,12
1213,13
1213,14
1213,15
1213,16
1213,17
1213,18
1213,19
1214,0
1214,1
1214,2
1214,3
1214,4
1214,5
1214,6
1214,7
1214,8
1214,9
1214,10
1214,11
1214,12
1214,13
1214,14
1214,15
1214,16
1214,17
1214,18
1214,19
1214,20
1214,21
1216,0
1216,1
1216,2
1216,3
1216,4
1216,5
1216,6
1216,7
1216,8
1216,9
1216,10
1216,11
1216,12
1216,13
1216,14
1216,15
1216,16
1216,17
1216,18
1216,19
1216,20
1216,21
1218,0
1218,1
1219,0
1219,1
1220,0
1220,1
1221,0
1221,1
1222,0
1222,1
1223,0
1223,1
1224,0
1224,1
1225,0
1225,1
1226,0
1226,1
1227,0
1227,1
1229,0
1229,1
1230,0
1230,1
1231,0
1231,1
1232,0
1232,1
1233,0
1233,1
1234,0
1234,1
1235,0
1235,1
1236,0
1236,1
1237,0
1237,1
1238,0
1238,1
1239,0
1239,1
1240,0
1240,1
1241,0
1241,1
1242,0
1242,1
1243,0
1243,1
1244,0
1244,1
1246,0
1246,1
1247,0
1247,1
1248,0
1248,1
1249,0
1249,1
1250,0
1250,1
1251,0
1251,1
1252,0
1252,1
1253,0
1253,1
1255,0
1255,1
1256,0
1256,1
1257,0
1257,1
1258,0
1258,1
1260,0
1260,1
1261,0
1261,1
1263,0
1263,1
1266,0
1266,1
1266,2
1266,3
1266,4
1266,5
1266,6
1266,7
1266,8
1266,9
1266,10
1266,11
1266,12
1266,13
1266,14
1266,15
1266,16
1266,17
1266,18
1266,19
1269,0
1269,1
1269,2
1269,3
1269,4
1269,5
1269,6
1269,7
1269,8
1269,9
1269,10
1269,11
1269,12
1269,13
1269,14
1269,15
1269,16
1269,17
1269,18
1269,19
1269,20
1269,21
1274,0
1274,1
1275,0
1275,1
1277,0
1277,1
1281,0
1281,1
1281,2
1281,3
1281,4
1281,5
1281,6
1281,7
1281,8
1281,9
1281,10
1281,11
1281,12
1281,13
1281,14
1281,15
1283,0
1283,1
1284,0
1284,1
1285,0
1285,1
1286,0
1286,1
1287,0
1287,1
1288,0
1288,1
1289,0
1289,1
1290,0
1290,1
1292,0
1292,1
1293,0
1293,1
1294,0
1294,1
1295,0
1295,1
1297,0
1297,1
1298,0
1298,1
1300,0
1300,1
1303,0
1303,1
1303,2
1303,3
1303,4
1303,5
1303,6
1303,7
1303,8
1303,9
1303,10
1303,11
1303,12
1303,13
1303,14
1303,15
1307,0
1307,1
1307,2
1307,3
1307,4
1307,5
1307,6
1307,7
1307,8
1307,9
1309,0
1309,1
1310,0
1310,1
1312,0
1312,1
1313,0
1313,1
1314,0
1314,1
1315,0
1315,1
1317,0
1317,1
1318,0
1318,1
1320,0
1320,1
1323,0
1323,1
1323,2
1323,3
1323,4
1323,5
1323,6
1323,7
1323,8
1323,9
1327,0
1327,1
1327,2
1327,3
1327,4
1327,5
1327,6
1327,7
1327,8
1327,9
1327,10
1327,11
1327,12
1327,13
1327,14
1327,15
1327,16
1327,17
1330,0
1330,1
1330,2
1330,3
1330,4
1330,5
1330,6
1330,7
1330,8
1330,9
1330,10
1330,11
1330,12
1330,13
1330,14
1330,15
1330,16
1330,17
1332,0
1332,1
1333,0
1333,1
1335,0
1335,1
1336,0
1336,1
1337,0
1337,1
1338,0
1338,1
1339,0
1339,1
1340,0
1340,1
1341,0
1341,1
1342,0
1342,1
1344,0
1344,1
1345,0
1345,1
1346,0
1346,1
1347,0
1347,1
1349,0
1349,1
1350,0
1350,1
1352,0
1352,1
1356,0
1356,1
1356,2
1356,3
1358,0
1358,1
1359,0
1359,1
1361,0
1361,1
1363,0
1363,1
1366,0
1366,1
1366,2
1366,3
1366,4
1366,5
1366,6
1366,7
1368,0
1368,1
1368,2
1368,3
1369,0
1369,1
1369,2
1369,3
1371,0
1371,1
1372,0
1372,1
1374,0
1374,1
1378,0
1378,1
1378,2
1378,3
1378,4
1378,5
1378,6
1378,7
1378,8
1378,9
1378,10
1378,11
1378,12
1378,13
1378,14
1378,15
1380,0
1380,1
1381,0
1381,1
1383,0
1383,1
1384,0
1384,1
1385,0
1385,1
1386,0
1386,1
1388,0
1388,1
1389,0
1389,1
1391,0
1391,1
1392,0
1392,1
1393,0
1393,1
1394,0
1394,1
1396,0
1396,1
1397,0
1397,1
1399,0
1399,1
1402,0
1402,1
1402,2
1402,3
1402,4
1402,5
1402,6
1402,7
1402,8
1402,9
1403,0
1403,1
1403,2
1403,3
1403,4
1403,5
1403,6
1403,7
1403,8
1403,9
1405,0
1405,1
1406,0
1406,1
1407,0
1407,1
1408,0
1408,1
1410,0
1410,1
1411,0
1411,1
1412,0
1412,1
1413,0
1413,1
1415,0
1415,1
1416,0
1416,1
1418,0
1418,1
1419,0
1419,1
1421,0
1421,1
1423,0
1423,1
1427,0
1427,1
1427,2
1427,3
1427,4
1427,5
1427,6
1427,7
1427,8
1427,9
1427,10
1427,11
1427,12
1427,13
1427,14
1427,15
1427,16
1427,17
1429,0
1429,1
1430,0
1430,1
1431,0
1431,1
1432,0
1432,1
1434,0
1434,1
1434,2
1434,3
1436,0
1436,1
1437,0
1437,1
1439,0
1439,1
1441,0
1441,1
1444,0
1444,1
1444,2
1444,3
1444,4
1444,5
1444,6
1444,7
1444,8
1444,9
1444,10
1444,11
1444,12
1444,13
1444,14
1444,15
1444,16
1444,17
1446,0
1446,1
1447,0
1447,1
1448,0
1448,1
1449,0
1449,1
1451,0
1451,1
1451,2
1451,3
1453,0
1453,1
1454,0
1454,1
1456,0
1456,1
1458,0
1458,1
1462,0
1462,1
1462,2
1462,3
1462,4
1462,5
1465,0
1465,1
1465,2
1465,3
1465,4
1465,5
1465,6
1465,7
1467,0
1467,1
1467,2
1467,3
1468,0
1468,1
1468,2
1468,3
1470,0
1470,1
1471,0
1471,1
1473,0
1473,1
1476,0
1476,1
1476,2
1476,3
1476,4
1476,5
1478,0
1478,1
1478,2
1479,0
1479,1
1479,2
1481,0
1481,1
1482,0
1482,1
1484,0
1484,1
1486,0
1486,1
1490,0
1490,1
1490,2
1490,3
1490,4
1490,5
1490,6
1490,7
1490,8
1490,9
1492,0
1492,1
1493,0
1493,1
1495,0
1495,1
1497,0
1497,1
1498,0
1498,1
1500,0
1500,1
1502,0
1502,1
1506,0
1506,1
1506,2
1506,3
1506,4
1506,5
1506,6
1506,7
1506,8
1506,9
1506,10
1506,11
1508,0
1508,1
1508,2
1508,3
1508,4
1508,5
1509,0
1509,1
1509,2
1509,3
1509,4
1509,5
1513,0
1513,1
1513,2
1513,3
1513,4
1513,5
1513,6
1513,7
1513,8
1513,9
1513,10
1513,11
1513,12
1513,13
1515,0
1515,1
1516,0
1516,1
1517,0
1517,1
1518,0
1518,1
1519,0
1519,1
1520,0
1520,1
1522,0
1522,1
1523,0
1523,1
1524,0
1524,1
1525,0
1525,1
1527,0
1527,1
1528,0
1528,1
1530,0
1530,1
1533,0
1533,1
1533,2
1533,3
1533,4
1533,5
1533,6
1533,7
1533,8
1533,9
1533,10
1533,11
1533,12
1533,13
1536,0
1536,1
1536,2
1536,3
1536,4
1536,5
1536,6
1536,7
1538,0
1538,1
1539,0
1539,1
1540,0
1540,1
1541,0
1541,1
1543,0
1543,1
1544,0
1544,1
1546,0
1546,1
1548,0
1548,1
1552,0
1552,1
1552,2
1552,3
1552,4
1552,5
1552,6
1552,7
1552,8
1552,9
1555,0
1555,1
1555,2
1555,3
1555,4
1555,5
1555,6
1555,7
1555,8
1555,9
1556,0
1556,1
1558,0
1558,1
1558,2
1559,0
1559,1
1559,2
1560,0
1560,1
1560,2
1561,0
1561,1
1561,2
1563,0
1563,1
1563,2
1563,3
1564,0
1564,1
1564,2
1564,3
1565,0
1565,1
1565,2
1565,3
1567,0
1567,1
1567,2
1569,0
1569,1
1571,0
1571,1
1572,0
1572,1
1573,0
1573,1
1574,0
1574,1
1576,0
1576,1
1577,0
1577,1
1579,0
1579,1
1581,0
1581,1
1584,0
1584,1
1584,2
1584,3
1584,4
1584,5
1584,6
1584,7
1584,8
1584,9
1584,10
1584,11
1584,12
1584,13
1584,14
1584,15
1586,0
1586,1
1586,2
1586,3
1587,0
1587,1
1587,2
1587,3
1588,0
1588,1
1588,2
1588,3
1589,0
1589,1
1589,2
1589,3
1591,0
1591,1
1591,2
1591,3
1591,4
1591,5
1591,6
1591,7
1593,0
1593,1
1594,0
1594,1
1595,0
1595,1
1596,0
1596,1
1598,0
1598,1
1598,2
1598,3
1600,0
1600,1
1601,0
1601,1
1603,0
1603,1
1605,0
1605,1
1608,0
1608,1
1608,2
1608,3
1608,4
1608,5
1608,6
1608,7
1608,8
1608,9
1608,10
1608,11
1608,12
1608,13
1608,14
1608,15
1610,0
1610,1
1611,0
1611,1
1612,0
1612,1
1613,0
1613,1
1614,0
1614,1
1615,0
1615,1
1616,0
1616,1
1617,0
1617,1
1619,0
1619,1
1620,0
1620,1
1621,0
1621,1
1622,0
1622,1
1624,0
1624,1
1625,0
1625,1
1627,0
1627,1
1630,0
1630,1
1634,0
1634,1
1634,2
1634,3
1634,4
1634,5
1634,6
1634,7
1634,8
1634,9
1634,10
1634,11
1634,12
1634,13
1634,14
1634,15
1634,16
1634,17
1634,18
1634,19
1634,20
1634,21
1634,22
1634,23
1634,24
1634,25
1634,26
1634,27
1634,28
1634,29
1637,0
1637,1
1637,2
1637,3
1637,4
1637,5
1637,6
1637,7
1637,8
1637,9
1637,10
1637,11
1638,0
1638,1
1638,2
1638,3
1638,4
1638,5
1638,6
1638,7
1638,8
1638,9
1639,0
1639,1
1639,2
1639,3
1639,4
1639,5
1639,6
1639,7
1641,0
1641,1
1642,0
1642,1
1643,0
1643,1
1644,0
1644,1
1645,0
1645,1
1646,0
1646,1
1648,0
1648,1
1649,0
1649,1
1650,0
1650,1
1651,0
1651,1
1652,0
1652,1
1653,0
1653,1
1654,0
1654,1
1655,0
1655,1
1657,0
1657,1
1658,0
1658,1
1659,0
1659,1
1660,0
1660,1
1661,0
1661,1
1662,0
1662,1
1663,0
1663,1
1664,0
1664,1
1666,0
1666,1
1667,0
1667,1
1668,0
1668,1
1669,0
1669,1
1671,0
1671,1
1672,0
1672,1
1674,0
1674,1
1678,0
1678,1
1678,2
1678,3
1678,4
1678,5
1678,6
1678,7
1678,8
1678,9
1678,10
1678,11
1678,12
1678,13
1678,14
1678,15
1678,16
1678,17
1681,0
1681,1
1681,2
1681,3
1681,4
1681,5
1681,6
1681,7
1681,8
1681,9
1681,10
1681,11
1681,12
1681,13
1681,14
1681,15
1681,16
1681,17
1685,0
1685,1
1685,2
1685,3
1685,4
1685,5
1685,6
1685,7
1685,8
1685,9
1685,10
1685,11
1685,12
1685,13
1685,14
1685,15
1685,16
1685,17
1687,0
1687,1
1687,2
1687,3
1688,0
1688,1
1688,2
1688,3
1690,0
1690,1
1692,0
1692,1
1695,0
1695,1
1695,2
1695,3
1695,4
1695,5
1695,6
1695,7
1695,8
1695,9
1695,10
1695,11
1695,12
1695,13
1695,14
1695,15
1695,16
1695,17
1697,0
1697,1
1697,2
1697,3
1698,0
1698,1
1698,2
1698,3
1700,0
1700,1
1702,0
1702,1
1706,0
1706,1
1706,2
1706,3
1706,4
1706,5
1706,6
1706,7
1706,8
1706,9
1706,10
1706,11
1706,12
1706,13
1706,14
1706,15
1706,16
1706,17
1706,18
1706,19
1709,0
1709,1
1709,2
1709,3
1709,4
1709,5
1709,6
1709,7
1709,8
1709,9
1709,10
1709,11
1709,12
1709,13
1709,14
1709,15
1709,16
1709,17
1709,18
1709,19
1711,0
1711,1
1712,0
1712,1
1713,0
1713,1
1714,0
1714,1
1716,0
1716,1
1717,0
1717,1
1718,0
1718,1
1719,0
1719,1
1720,0
1720,1
1721,0
1721,1
1722,0
1722,1
1723,0
1723,1
1725,0
1725,1
1726,0
1726,1
1727,0
1727,1
1728,0
1728,1
1730,0
1730,1
1731,0
1731,1
1733,0
1733,1
1737,0
1737,1
1737,2
1737,3
1737,4
1737,5
1737,6
1737,7
1739,0
1739,1
1739,2
1739,3
1740,0
1740,1
1740,2
1740,3
1742,0
1742,1
1743,0
1743,1
1745,0
1745,1
1747,0
1747,1
1753,0
1753,1
1753,2
1753,3
1753,4
1753,5
1753,6
1753,7
1753,8
1753,9
1753,10
1753,11
1753,12
1753,13
1753,14
1753,15
1753,16
1753,17
1753,18
1753,19
1753,20
1753,21
1753,22
1753,23
1753,24
1753,25
1753,26
1753,27
1753,28
1753,29
1753,30
1753,31
1753,32
1753,33
1753,34
1753,35
1753,36
1753,37
1753,38
1753,39
1753,40
1753,41
1753,42
1753,43
1753,44
1753,45
1753,46
1753,47
1753,48
1753,49
1753,50
1753,51
1753,52
1753,53
1753,54
1753,55
1753,56
1753,57
1753,58
1753,59
1753,60
1753,61
1753,62
1756,0
1756,1
1756,2
1756,3
1756,4
1756,5
1756,6
1756,7
1756,8
1756,9
1756,10
1756,11
1756,12
1756,13
1756,14
1756,15
1756,16
1756,17
1756,18
1756,19
1756,20
1756,21
1756,22
1756,23
1756,24
1756,25
1756,26
1756,27
1756,28
1756,29
1756,30
1756,31
1756,32
1756,33
1756,34
1756,35
1756,36
1756,37
1756,38
1756,39
