3,0,5,1
3,0,5,2
3,0,5,3
3,0,5,4
3,0,6,1
3,0,6,2
3,0,6,3
3,0,6,4
5,1,8,1
6,2,8,2
6,1,9,1
5,2,9,2
8,2,11,1
9,2,11,2
8,1,13,1
9,1,13,2
19,1,22,1
19,2,22,2
19,3,22,3
19,4,22,4
19,5,22,5
19,6,22,6
19,7,23,1
19,8,23,2
19,9,23,3
19,10,24,1
19,11,24,2
19,12,24,3
19,13,24,4
19,14,24,5
19,15,24,6
19,16,24,7
18,3,24,8
18,4,24,9
20,1,25,1
20,2,25,2
20,3,26,1
20,4,26,2
20,5,26,3
16,1,27,1
16,2,27,2
16,3,27,3
16,4,27,4
17,1,28,1
17,2,28,2
17,3,29,1
18,1,30,1
18,2,30,2
22,0,32,1
23,0,32,2
24,0,32,3
26,0,32,4
22,0,33,1
24,0,33,2
30,0,33,3
26,0,33,4
22,0,34,1
24,0,34,2
28,0,34,3
26,0,34,4
25,0,35,1
23,0,35,2
24,0,35,3
29,0,35,4
22,0,36,1
24,0,36,2
24,0,36,3
27,0,36,4
22,0,37,1
24,0,37,2
30,0,37,3
27,0,37,4
22,0,38,1
24,0,38,2
28,0,38,3
27,0,38,4
25,0,39,1
23,0,39,2
24,0,39,3
27,0,39,4
32,1,41,1
32,2,41,2
32,3,41,3
32,4,41,4
33,1,42,1
33,2,42,2
33,3,42,3
33,4,42,4
34,1,43,1
34,2,43,2
34,3,43,3
34,4,43,4
35,1,44,1
35,2,44,2
35,3,44,3
35,4,44,4
36,1,45,1
36,2,45,2
36,3,45,3
36,4,45,4
37,1,46,1
37,2,46,2
37,3,46,3
37,4,46,4
38,1,47,1
38,2,47,2
38,3,47,3
38,4,47,4
39,1,48,1
39,2,48,2
39,3,48,3
39,4,48,4
41,1,50,1
42,2,50,2
43,1,51,1
44,2,51,2
45,1,52,1
46,2,52,2
47,1,53,1
48,2,53,2
42,1,54,1
41,2,54,2
44,1,55,1
43,2,55,2
46,1,56,1
45,2,56,2
48,1,57,1
47,2,57,2
50,1,59,1
51,1,59,2
52,1,60,1
53,1,60,2
54,1,61,1
55,1,61,2
56,1,62,1
57,1,62,2
59,1,64,1
60,1,64,2
61,1,65,1
62,1,65,2
64,2,67,1
65,2,67,2
64,1,69,1
65,1,69,2
72,0,75,1
73,0,75,2
72,0,76,1
73,0,76,2
75,2,78,1
76,2,78,2
75,1,80,1
76,1,80,2
83,1,88,1
84,1,88,2
85,1,88,3
86,1,88,4
83,2,89,1
84,2,89,2
85,2,89,3
86,2,89,4
83,3,90,1
84,3,90,2
85,3,90,3
86,3,90,4
83,4,91,1
84,4,91,2
85,4,91,3
86,4,91,4
83,5,92,1
84,5,92,2
85,5,92,3
86,5,92,4
83,6,93,1
84,6,93,2
85,6,93,3
86,6,93,4
88,3,95,1
89,3,95,2
90,3,95,3
91,3,95,4
92,3,95,5
93,3,95,6
95,1,97,1
95,2,97,2
95,3,97,3
95,4,97,4
88,2,99,1
90,2,99,2
91,1,100,1
97,0,100,2
89,1,101,1
97,0,101,2
93,1,102,1
92,2,102,2
90,1,103,1
97,0,103,2
92,1,104,1
91,2,104,2
88,1,105,1
97,0,105,2
89,2,106,1
93,2,106,2
99,1,108,1
100,1,108,2
101,1,109,1
102,1,109,2
103,1,110,1
104,1,110,2
105,1,111,1
106,1,111,2
108,1,113,1
109,1,113,2
110,1,114,1
111,1,114,2
113,1,116,1
114,1,116,2
122,1,131,1
122,2,131,2
122,3,131,3
122,4,131,4
123,1,132,1
123,2,132,2
123,3,132,3
123,4,132,4
124,1,133,1
124,2,133,2
124,3,133,3
124,4,133,4
125,1,134,1
125,2,134,2
125,3,134,3
125,4,134,4
126,1,135,1
126,2,135,2
126,3,135,3
126,4,135,4
127,1,136,1
127,2,136,2
127,3,136,3
127,4,136,4
128,1,137,1
128,2,137,2
128,3,137,3
128,4,137,4
129,1,138,1
129,2,138,2
129,3,138,3
129,4,138,4
131,1,140,1
132,1,140,2
133,1,140,3
134,1,140,4
135,1,140,5
136,1,140,6
137,1,140,7
138,1,140,8
131,2,141,1
132,2,141,2
133,2,141,3
134,2,141,4
135,2,141,5
136,2,141,6
137,2,141,7
138,2,141,8
141,0,143,1
140,0,143,2
141,0,144,1
140,0,144,2
141,0,145,1
140,0,145,2
141,0,146,1
140,0,146,2
141,0,147,1
140,0,147,2
141,0,148,1
140,0,148,2
141,0,149,1
140,0,149,2
141,0,150,1
140,0,150,2
143,1,152,1
144,1,152,2
145,1,152,3
146,1,152,4
147,1,152,5
148,1,152,6
149,1,152,7
150,1,152,8
152,1,154,1
152,2,154,2
152,3,155,1
152,4,155,2
152,5,156,1
152,6,156,2
152,7,157,1
152,8,157,2
154,1,159,1
155,1,159,2
156,1,159,3
157,1,159,4
159,1,161,1
159,2,161,2
159,3,162,1
159,4,162,2
161,1,164,1
162,1,164,2
167,1,181,1
167,2,181,2
167,3,181,3
167,4,181,4
168,1,182,1
168,2,182,2
168,3,182,3
168,4,182,4
169,1,183,1
169,2,183,2
169,3,183,3
169,4,183,4
170,1,184,1
170,2,184,2
170,3,184,3
170,4,184,4
171,1,185,1
171,2,185,2
171,3,185,3
171,4,185,4
172,1,186,1
172,2,186,2
172,3,186,3
172,4,186,4
173,1,187,1
173,2,187,2
173,3,187,3
173,4,187,4
174,1,188,1
174,2,188,2
174,3,188,3
174,4,188,4
175,1,189,1
175,2,189,2
175,3,189,3
175,4,189,4
176,1,190,1
176,2,190,2
176,3,190,3
176,4,190,4
177,1,191,1
177,2,191,2
177,3,191,3
177,4,191,4
178,1,192,1
178,2,192,2
178,3,192,3
178,4,192,4
179,1,194,1
179,2,194,2
179,3,194,3
179,4,194,4
179,5,194,5
179,6,194,6
179,7,194,7
179,8,194,8
181,1,196,1
182,1,196,2
183,1,196,3
184,1,196,4
185,1,196,5
186,1,196,6
187,1,196,7
188,1,196,8
189,1,196,9
190,1,196,10
191,1,196,11
192,1,196,12
194,1,196,13
194,2,196,14
194,3,196,15
194,4,196,16
181,2,197,1
182,2,197,2
183,2,197,3
184,2,197,4
185,2,197,5
186,2,197,6
187,2,197,7
188,2,197,8
189,2,197,9
190,2,197,10
191,2,197,11
192,2,197,12
194,5,197,13
194,6,197,14
194,7,197,15
194,8,197,16
197,0,199,1
196,0,199,2
197,0,200,1
196,0,200,2
197,0,201,1
196,0,201,2
197,0,202,1
196,0,202,2
197,0,203,1
196,0,203,2
197,0,204,1
196,0,204,2
197,0,205,1
196,0,205,2
197,0,206,1
196,0,206,2
197,0,207,1
196,0,207,2
197,0,208,1
196,0,208,2
197,0,209,1
196,0,209,2
197,0,210,1
196,0,210,2
197,0,211,1
196,0,211,2
197,0,212,1
196,0,212,2
197,0,213,1
196,0,213,2
197,0,214,1
196,0,214,2
199,1,216,1
200,1,216,2
201,1,216,3
202,1,216,4
203,1,216,5
204,1,216,6
205,1,216,7
206,1,216,8
207,1,216,9
208,1,216,10
209,1,216,11
210,1,216,12
211,1,216,13
212,1,216,14
213,1,216,15
214,1,216,16
216,1,218,1
216,2,218,2
216,3,219,1
216,4,219,2
216,5,220,1
216,6,220,2
216,7,221,1
216,8,221,2
216,9,222,1
216,10,222,2
216,11,223,1
216,12,223,2
216,13,224,1
216,14,224,2
216,15,225,1
216,16,225,2
218,1,227,1
219,1,227,2
220,1,227,3
221,1,227,4
222,1,227,5
223,1,227,6
224,1,227,7
225,1,227,8
227,1,229,1
227,2,229,2
227,3,230,1
227,4,230,2
227,5,231,1
227,6,231,2
227,7,232,1
227,8,232,2
229,1,234,1
230,1,234,2
231,1,234,3
232,1,234,4
234,1,236,1
234,2,236,2
234,3,237,1
234,4,237,2
236,1,239,1
237,1,239,2
242,0,244,1
242,0,244,2
242,0,245,1
242,0,245,2
244,2,247,1
245,2,247,2
244,1,249,1
245,1,249,2
252,0,254,1
252,0,254,2
252,0,254,3
252,0,255,1
252,0,255,2
252,0,255,3
254,1,257,1
255,2,257,2
255,1,258,1
254,2,258,2
257,2,260,1
258,2,260,2
257,1,262,1
258,1,262,2
265,1,268,1
265,2,268,2
265,3,268,3
265,4,269,1
265,5,269,2
265,6,269,3
265,7,270,1
265,8,270,2
265,9,270,3
265,10,271,1
266,1,271,2
266,2,271,3
268,0,273,1
269,0,273,2
270,0,273,3
271,0,273,4
268,0,274,1
269,0,274,2
270,0,274,3
271,0,274,4
268,0,275,1
269,0,275,2
270,0,275,3
271,0,275,4
273,3,277,1
274,3,277,2
275,3,277,3
277,1,279,1
277,2,279,2
273,1,281,1
279,0,281,2
273,2,282,1
275,2,282,2
274,1,283,1
279,0,283,2
275,1,284,1
274,2,284,2
281,1,286,1
282,1,286,2
283,1,287,1
284,1,287,2
286,2,289,1
287,2,289,2
286,1,291,1
287,1,291,2
294,1,296,1
294,5,296,2
294,9,296,3
294,13,296,4
294,2,297,1
294,6,297,2
294,10,297,3
294,14,297,4
294,3,298,1
294,7,298,2
294,11,298,3
294,15,298,4
294,4,299,1
294,8,299,2
294,12,299,3
294,16,299,4
296,1,301,1
296,2,301,2
297,1,301,3
297,2,301,4
298,1,301,5
298,2,301,6
299,1,301,7
299,2,301,8
301,8,303,1
301,1,303,2
301,7,304,1
301,2,304,2
301,6,305,1
301,3,305,2
301,5,306,1
301,4,306,2
303,1,308,1
304,1,308,2
305,1,308,3
306,1,308,4
308,4,310,1
308,1,310,2
308,3,311,1
308,2,311,2
310,1,313,1
311,1,313,2
313,2,315,1
313,1,315,2
318,0,320,1
318,0,320,2
318,0,320,3
318,0,320,4
318,0,321,1
318,0,321,2
318,0,321,3
318,0,321,4
320,1,323,1
321,2,323,2
321,1,324,1
320,2,324,2
323,2,326,1
324,2,326,2
323,1,328,1
324,1,328,2
331,3,333,1
331,14,333,2
331,4,334,1
331,13,334,2
331,5,335,1
331,12,335,2
331,6,336,1
331,11,336,2
331,7,337,1
331,10,337,2
331,8,338,1
331,9,338,2
331,1,340,1
336,1,340,2
333,1,341,1
338,1,341,2
334,1,342,1
337,1,342,2
331,2,343,1
335,1,343,2
340,1,345,1
343,1,345,2
341,1,346,1
342,1,346,2
345,1,348,1
346,1,348,2
348,1,354,1
348,2,354,2
354,1,356,1
354,8,356,2
354,2,357,1
354,7,357,2
354,3,358,1
354,6,358,2
354,4,359,1
354,5,359,2
356,1,361,1
359,1,361,2
357,1,362,1
358,1,362,2
361,2,364,1
362,2,364,2
361,1,366,1
362,1,366,2
370,0,374,1
371,0,374,2
371,0,374,3
371,0,374,4
372,0,374,5
372,0,374,6
370,0,375,1
370,0,375,2
370,0,375,3
370,0,375,4
370,0,375,5
371,0,376,1
371,0,376,2
371,0,376,3
371,0,376,4
371,0,376,5
371,0,376,6
371,0,376,7
371,0,376,8
372,0,376,9
372,0,376,10
372,0,376,11
372,0,376,12
372,0,376,13
372,0,376,14
372,0,376,15
376,0,378,1
376,0,378,2
376,0,378,3
376,0,378,4
376,0,378,5
376,0,378,6
376,0,378,7
376,0,378,8
376,0,378,9
376,0,378,10
376,0,378,11
374,1,380,1
374,2,380,2
374,3,380,3
374,4,380,4
374,5,380,5
374,6,380,6
383,0,387,1
384,0,387,2
384,0,387,3
384,0,387,4
385,0,387,5
385,0,387,6
383,0,388,1
383,0,388,2
383,0,388,3
383,0,388,4
383,0,388,5
384,0,389,1
384,0,389,2
384,0,389,3
384,0,389,4
384,0,389,5
384,0,389,6
384,0,389,7
384,0,389,8
385,0,389,9
385,0,389,10
385,0,389,11
385,0,389,12
385,0,389,13
385,0,389,14
385,0,389,15
389,0,391,1
389,0,391,2
389,0,391,3
389,0,391,4
389,0,391,5
389,0,391,6
389,0,391,7
389,0,391,8
389,0,391,9
387,1,393,1
387,2,393,2
387,3,393,3
387,4,393,4
387,5,393,5
387,6,393,6
397,7,399,1
397,9,399,2
397,8,400,1
397,10,400,2
397,1,402,1
399,1,402,2
397,2,403,1
400,1,403,2
397,3,404,1
397,6,404,2
397,4,405,1
397,5,405,2
402,1,407,1
405,1,407,2
403,1,408,1
404,1,408,2
407,1,410,1
408,1,410,2
417,1,419,1
417,16,419,2
417,2,420,1
417,15,420,2
417,3,421,1
417,14,421,2
417,4,422,1
417,13,422,2
417,5,423,1
417,12,423,2
417,6,424,1
417,11,424,2
417,7,425,1
417,10,425,2
417,8,426,1
417,9,426,2
419,1,428,1
426,1,428,2
420,1,429,1
425,1,429,2
421,1,430,1
424,1,430,2
422,1,431,1
423,1,431,2
428,1,433,1
431,1,433,2
429,1,434,1
430,1,434,2
433,1,436,1
434,1,436,2
439,1,441,1
439,2,441,2
439,3,441,3
439,4,441,4
439,5,441,5
439,6,441,6
445,5,447,1
445,12,447,2
445,6,448,1
445,11,448,2
445,7,449,1
445,10,449,2
445,8,450,1
445,9,450,2
445,1,452,1
450,1,452,2
445,2,453,1
449,1,453,2
445,3,454,1
448,1,454,2
445,4,455,1
447,1,455,2
452,1,457,1
455,1,457,2
453,1,458,1
454,1,458,2
457,1,460,1
458,1,460,2
470,1,472,1
470,2,472,2
470,3,472,3
470,4,472,4
470,5,472,5
470,6,472,6
470,7,472,7
470,8,472,8
470,9,472,9
470,10,472,10
470,11,472,11
470,12,472,12
470,13,472,13
470,14,472,14
470,15,472,15
470,16,472,16
470,17,472,17
470,18,472,18
470,19,472,19
470,20,472,20
470,21,472,21
470,22,472,22
470,23,472,23
470,24,472,24
472,1,474,1
472,2,474,2
472,3,475,1
472,4,475,2
472,5,476,1
472,6,476,2
472,7,477,1
472,8,477,2
472,9,478,1
472,10,478,2
472,11,479,1
472,12,479,2
472,13,480,1
472,14,480,2
472,15,481,1
472,16,481,2
474,2,483,1
474,1,483,2
475,2,484,1
475,1,484,2
476,2,485,1
476,1,485,2
477,2,486,1
477,1,486,2
478,2,487,1
478,1,487,2
479,2,488,1
479,1,488,2
480,2,489,1
480,1,489,2
481,2,490,1
481,1,490,2
472,17,492,25
472,18,492,26
472,19,492,27
472,20,492,28
472,21,492,29
472,22,492,30
472,23,492,31
472,24,492,32
483,1,492,33
484,1,492,34
485,1,492,35
486,1,492,36
487,1,492,37
488,1,492,38
489,1,492,39
490,1,492,40
492,1,494,1
492,2,494,2
492,3,495,1
492,4,495,2
492,5,496,1
492,6,496,2
492,7,497,1
492,8,497,2
492,9,498,1
492,10,498,2
492,11,499,1
492,12,499,2
492,13,500,1
492,14,500,2
492,15,501,1
492,16,501,2
492,17,502,1
492,18,502,2
492,19,503,1
492,20,503,2
492,21,504,1
492,22,504,2
492,23,505,1
492,24,505,2
492,25,506,1
492,26,506,2
492,27,507,1
492,28,507,2
492,29,508,1
492,30,508,2
492,31,509,1
492,32,509,2
492,33,510,1
492,34,510,2
492,35,511,1
492,36,511,2
492,37,512,1
492,38,512,2
492,39,513,1
492,40,513,2
494,2,515,1
494,1,515,2
495,2,516,1
495,1,516,2
496,2,517,1
496,1,517,2
497,2,518,1
497,1,518,2
498,2,519,1
498,1,519,2
499,2,520,1
499,1,520,2
500,2,521,1
500,1,521,2
501,2,522,1
501,1,522,2
502,2,523,1
502,1,523,2
503,2,524,1
503,1,524,2
504,2,525,1
504,1,525,2
505,2,526,1
505,1,526,2
506,2,527,1
506,1,527,2
507,2,528,1
507,1,528,2
508,2,529,1
508,1,529,2
509,2,530,1
509,1,530,2
510,2,531,1
510,1,531,2
511,2,532,1
511,1,532,2
512,2,533,1
512,1,533,2
513,2,534,1
513,1,534,2
515,1,536,45
516,1,536,46
517,1,536,47
518,1,536,48
519,1,536,49
520,1,536,50
521,1,536,51
522,1,536,52
523,1,536,53
524,1,536,54
525,1,536,55
526,1,536,56
527,1,536,57
528,1,536,58
529,1,536,59
530,1,536,60
531,1,536,61
532,1,536,62
533,1,536,63
534,1,536,64
536,1,538,1
536,2,538,2
536,3,539,1
536,4,539,2
536,5,540,1
536,6,540,2
536,7,541,1
536,8,541,2
536,9,542,1
536,10,542,2
536,11,543,1
536,12,543,2
536,13,544,1
536,14,544,2
536,15,545,1
536,16,545,2
536,17,546,1
536,18,546,2
536,19,547,1
536,20,547,2
536,21,548,1
536,22,548,2
536,23,549,1
536,24,549,2
536,25,550,1
536,26,550,2
536,27,551,1
536,28,551,2
536,29,552,1
536,30,552,2
536,31,553,1
536,32,553,2
536,33,554,1
536,34,554,2
536,35,555,1
536,36,555,2
536,37,556,1
536,38,556,2
536,39,557,1
536,40,557,2
536,41,558,1
536,42,558,2
536,43,559,1
536,44,559,2
536,45,560,1
536,46,560,2
536,47,561,1
536,48,561,2
536,49,562,1
536,50,562,2
536,51,563,1
536,52,563,2
536,53,564,1
536,54,564,2
536,55,565,1
536,56,565,2
536,57,566,1
536,58,566,2
536,59,567,1
536,60,567,2
536,61,568,1
536,62,568,2
536,63,569,1
536,64,569,2
538,2,571,1
538,1,571,2
539,2,572,1
539,1,572,2
540,2,573,1
540,1,573,2
541,2,574,1
541,1,574,2
542,2,575,1
542,1,575,2
543,2,576,1
543,1,576,2
544,2,577,1
544,1,577,2
545,2,578,1
545,1,578,2
546,2,579,1
546,1,579,2
547,2,580,1
547,1,580,2
548,2,581,1
548,1,581,2
549,2,582,1
549,1,582,2
550,2,583,1
550,1,583,2
551,2,584,1
551,1,584,2
552,2,585,1
552,1,585,2
553,2,586,1
553,1,586,2
554,2,587,1
554,1,587,2
555,2,588,1
555,1,588,2
556,2,589,1
556,1,589,2
557,2,590,1
557,1,590,2
558,2,591,1
558,1,591,2
559,2,592,1
559,1,592,2
560,2,593,1
560,1,593,2
561,2,594,1
561,1,594,2
562,2,595,1
562,1,595,2
563,2,596,1
563,1,596,2
564,2,597,1
564,1,597,2
565,2,598,1
565,1,598,2
566,2,599,1
566,1,599,2
567,2,600,1
567,1,600,2
568,2,601,1
568,1,601,2
569,2,602,1
569,1,602,2
571,1,604,1
572,1,604,2
573,1,604,3
574,1,604,4
575,1,604,5
576,1,604,6
577,1,604,7
578,1,604,8
579,1,604,9
580,1,604,10
581,1,604,11
582,1,604,12
583,1,604,13
584,1,604,14
585,1,604,15
586,1,604,16
587,1,604,17
588,1,604,18
589,1,604,19
590,1,604,20
591,1,604,21
592,1,604,22
593,1,604,23
594,1,604,24
595,1,604,25
596,1,604,26
597,1,604,27
598,1,604,28
599,1,604,29
600,1,604,30
601,1,604,31
602,1,604,32
604,1,606,1
604,2,606,2
604,3,607,1
604,4,607,2
604,5,608,1
604,6,608,2
604,7,609,1
604,8,609,2
604,9,610,1
604,10,610,2
604,11,611,1
604,12,611,2
604,13,612,1
604,14,612,2
604,15,613,1
604,16,613,2
604,17,614,1
604,18,614,2
604,19,615,1
604,20,615,2
604,21,616,1
604,22,616,2
604,23,617,1
604,24,617,2
604,25,618,1
604,26,618,2
604,27,619,1
604,28,619,2
604,29,620,1
604,30,620,2
604,31,621,1
604,32,621,2
606,2,623,1
606,1,623,2
607,2,624,1
607,1,624,2
608,2,625,1
608,1,625,2
609,2,626,1
609,1,626,2
610,2,627,1
610,1,627,2
611,2,628,1
611,1,628,2
612,2,629,1
612,1,629,2
613,2,630,1
613,1,630,2
614,2,631,1
614,1,631,2
615,2,632,1
615,1,632,2
616,2,633,1
616,1,633,2
617,2,634,1
617,1,634,2
618,2,635,1
618,1,635,2
619,2,636,1
619,1,636,2
620,2,637,1
620,1,637,2
621,2,638,1
621,1,638,2
623,1,640,1
624,1,640,2
625,1,640,3
626,1,640,4
627,1,640,5
628,1,640,6
629,1,640,7
630,1,640,8
631,1,640,9
632,1,640,10
633,1,640,11
634,1,640,12
635,1,640,13
636,1,640,14
637,1,640,15
638,1,640,16
640,1,642,1
640,2,642,2
640,3,643,1
640,4,643,2
640,5,644,1
640,6,644,2
640,7,645,1
640,8,645,2
640,9,646,1
640,10,646,2
640,11,647,1
640,12,647,2
640,13,648,1
640,14,648,2
640,15,649,1
640,16,649,2
642,2,651,1
642,1,651,2
643,2,652,1
643,1,652,2
644,2,653,1
644,1,653,2
645,2,654,1
645,1,654,2
646,2,655,1
646,1,655,2
647,2,656,1
647,1,656,2
648,2,657,1
648,1,657,2
649,2,658,1
649,1,658,2
651,1,660,1
652,1,660,2
653,1,660,3
654,1,660,4
655,1,660,5
656,1,660,6
657,1,660,7
658,1,660,8
660,1,662,1
660,2,662,2
660,3,663,1
660,4,663,2
660,5,664,1
660,6,664,2
660,7,665,1
660,8,665,2
662,2,667,1
662,1,667,2
663,2,668,1
663,1,668,2
664,2,669,1
664,1,669,2
665,2,670,1
665,1,670,2
667,1,672,1
668,1,672,2
669,1,672,3
670,1,672,4
672,1,674,1
672,2,674,2
672,3,675,1
672,4,675,2
674,1,677,1
675,1,677,2
680,1,683,1
680,2,683,2
680,3,683,3
680,4,683,4
680,5,683,5
680,6,683,6
680,7,683,7
680,8,683,8
680,9,683,9
680,10,683,10
680,11,683,11
680,12,683,12
680,13,683,13
680,14,683,14
680,15,683,15
680,16,683,16
680,17,683,17
680,18,683,18
680,19,683,19
680,20,683,20
680,21,683,21
680,22,683,22
680,23,683,23
680,24,683,24
680,25,683,25
680,26,683,26
680,27,683,27
680,28,683,28
680,29,683,29
680,30,683,30
680,31,683,31
680,32,683,32
680,33,683,33
680,34,683,34
680,35,683,35
680,36,683,36
680,37,683,37
680,38,683,38
680,39,683,39
680,40,683,40
680,41,683,41
680,42,683,42
680,43,683,43
680,44,683,44
680,45,683,45
680,46,683,46
680,47,683,47
680,48,683,48
680,49,683,49
680,50,683,50
680,51,683,51
680,52,683,52
680,53,683,53
680,54,683,54
680,55,683,55
680,56,683,56
680,57,683,57
680,58,683,58
680,59,683,59
680,60,683,60
680,61,683,61
680,62,683,62
680,63,683,63
680,64,683,64
680,65,683,65
680,66,683,66
680,67,683,67
680,68,683,68
680,69,683,69
680,70,683,70
680,71,683,71
680,72,683,72
683,1,685,1
683,2,685,2
683,3,686,1
683,4,686,2
683,5,687,1
683,6,687,2
683,7,688,1
683,8,688,2
683,9,689,1
683,10,689,2
683,11,690,1
683,12,690,2
683,13,691,1
683,14,691,2
683,15,692,1
683,16,692,2
683,17,693,1
683,18,693,2
683,19,694,1
683,20,694,2
683,21,695,1
683,22,695,2
683,23,696,1
683,24,696,2
683,25,697,1
683,26,697,2
683,27,698,1
683,28,698,2
683,29,699,1
683,30,699,2
683,31,700,1
683,32,700,2
683,33,701,1
683,34,701,2
683,35,702,1
683,36,702,2
683,37,703,1
683,38,703,2
683,39,704,1
683,40,704,2
683,41,705,1
683,42,705,2
683,43,706,1
683,44,706,2
683,45,707,1
683,46,707,2
683,47,708,1
683,48,708,2
683,49,709,1
683,50,709,2
683,51,710,1
683,52,710,2
683,53,711,1
683,54,711,2
683,55,712,1
683,56,712,2
683,57,713,1
683,58,713,2
683,59,714,1
683,60,714,2
683,61,715,1
683,62,715,2
683,63,716,1
683,64,716,2
683,65,717,1
683,66,717,2
683,67,718,1
683,68,718,2
683,69,719,1
683,70,719,2
683,71,720,1
683,72,720,2
681,9,722,1
681,10,722,2
681,11,722,3
681,12,722,4
681,13,722,5
681,14,722,6
681,15,722,7
681,16,722,8
681,17,722,9
681,18,722,10
681,19,722,11
681,20,722,12
685,1,722,13
686,1,722,14
687,1,722,15
688,1,722,16
689,1,722,17
690,1,722,18
691,1,722,19
692,1,722,20
693,1,722,21
694,1,722,22
695,1,722,23
696,1,722,24
697,1,722,25
698,1,722,26
699,1,722,27
700,1,722,28
701,1,722,29
702,1,722,30
703,1,722,31
704,1,722,32
705,1,722,33
706,1,722,34
707,1,722,35
708,1,722,36
709,1,722,37
710,1,722,38
711,1,722,39
712,1,722,40
713,1,722,41
714,1,722,42
715,1,722,43
716,1,722,44
717,1,722,45
718,1,722,46
719,1,722,47
720,1,722,48
722,1,724,1
722,2,724,2
722,3,725,1
722,4,725,2
722,5,726,1
722,6,726,2
722,7,727,1
722,8,727,2
722,9,728,1
722,10,728,2
722,11,729,1
722,12,729,2
722,13,730,1
722,14,730,2
722,15,731,1
722,16,731,2
722,17,732,1
722,18,732,2
722,19,733,1
722,20,733,2
722,21,734,1
722,22,734,2
722,23,735,1
722,24,735,2
722,25,736,1
722,26,736,2
722,27,737,1
722,28,737,2
722,29,738,1
722,30,738,2
722,31,739,1
722,32,739,2
722,33,740,1
722,34,740,2
722,35,741,1
722,36,741,2
722,37,742,1
722,38,742,2
722,39,743,1
722,40,743,2
722,41,744,1
722,42,744,2
722,43,745,1
722,44,745,2
722,45,746,1
722,46,746,2
722,47,747,1
722,48,747,2
681,1,749,1
681,2,749,2
681,3,749,3
681,4,749,4
681,5,749,5
681,6,749,6
681,7,749,7
681,8,749,8
724,1,749,9
725,1,749,10
726,1,749,11
727,1,749,12
728,1,749,13
729,1,749,14
730,1,749,15
731,1,749,16
732,1,749,17
733,1,749,18
734,1,749,19
735,1,749,20
736,1,749,21
737,1,749,22
738,1,749,23
739,1,749,24
740,1,749,25
741,1,749,26
742,1,749,27
743,1,749,28
744,1,749,29
745,1,749,30
746,1,749,31
747,1,749,32
749,1,751,1
749,2,751,2
749,3,752,1
749,4,752,2
749,5,753,1
749,6,753,2
749,7,754,1
749,8,754,2
749,9,755,1
749,10,755,2
749,11,756,1
749,12,756,2
749,13,757,1
749,14,757,2
749,15,758,1
749,16,758,2
749,17,759,1
749,18,759,2
749,19,760,1
749,20,760,2
749,21,761,1
749,22,761,2
749,23,762,1
749,24,762,2
749,25,763,1
749,26,763,2
749,27,764,1
749,28,764,2
749,29,765,1
749,30,765,2
749,31,766,1
749,32,766,2
751,1,768,1
752,1,768,2
753,1,768,3
754,1,768,4
755,1,768,5
756,1,768,6
757,1,768,7
758,1,768,8
759,1,768,9
760,1,768,10
761,1,768,11
762,1,768,12
763,1,768,13
764,1,768,14
765,1,768,15
766,1,768,16
768,1,770,1
768,2,770,2
768,3,771,1
768,4,771,2
768,5,772,1
768,6,772,2
768,7,773,1
768,8,773,2
768,9,774,1
768,10,774,2
768,11,775,1
768,12,775,2
768,13,776,1
768,14,776,2
768,15,777,1
768,16,777,2
770,1,779,1
771,1,779,2
772,1,779,3
773,1,779,4
774,1,779,5
775,1,779,6
776,1,779,7
777,1,779,8
779,1,781,1
779,2,781,2
779,3,782,1
779,4,782,2
779,5,783,1
779,6,783,2
779,7,784,1
779,8,784,2
781,1,786,1
782,1,786,2
783,1,786,3
784,1,786,4
786,1,788,1
786,2,788,2
786,3,789,1
786,4,789,2
788,1,791,1
789,1,791,2
794,1,796,1
794,2,796,2
794,3,796,3
794,4,796,4
794,5,796,5
794,6,796,6
794,7,796,7
794,8,796,8
794,9,796,9
794,10,796,10
794,11,796,11
794,12,796,12
794,13,796,13
794,14,796,14
794,15,796,15
794,16,796,16
794,17,796,17
794,18,796,18
794,19,796,19
794,20,796,20
794,21,796,21
794,22,796,22
794,23,796,23
794,24,796,24
794,25,796,25
794,26,796,26
794,27,796,27
794,28,796,28
794,29,796,29
794,30,796,30
794,31,796,31
794,32,796,32
794,33,796,33
794,34,796,34
794,35,796,35
794,36,796,36
794,37,796,37
794,38,796,38
794,39,796,39
794,40,796,40
794,41,796,41
794,42,796,42
794,43,796,43
794,44,796,44
794,45,796,45
794,46,796,46
794,47,796,47
794,48,796,48
796,1,798,1
796,2,798,2
796,3,798,3
796,4,798,4
796,5,798,5
796,6,798,6
796,7,798,7
796,8,798,8
796,25,799,1
796,26,799,2
796,27,799,3
796,28,799,4
796,29,799,5
796,30,799,6
796,31,799,7
796,32,799,8
796,9,802,1
796,10,802,2
796,11,803,1
796,12,803,2
796,13,804,1
796,14,804,2
796,15,805,1
796,16,805,2
796,17,807,1
796,18,807,2
796,19,808,1
796,20,808,2
796,21,809,1
796,22,809,2
796,23,810,1
796,24,810,2
796,33,812,1
796,34,812,2
796,35,813,1
796,36,813,2
796,37,814,1
796,38,814,2
796,39,815,1
796,40,815,2
796,41,817,1
796,42,817,2
796,43,818,1
796,44,818,2
796,45,819,1
796,46,819,2
796,47,820,1
796,48,820,2
798,1,822,1
798,2,822,2
798,3,822,3
798,4,822,4
798,5,822,5
798,6,822,6
798,7,822,7
798,8,822,8
802,1,822,9
803,1,822,10
804,1,822,11
805,1,822,12
807,1,822,13
808,1,822,14
809,1,822,15
810,1,822,16
799,1,823,1
799,2,823,2
799,3,823,3
799,4,823,4
799,5,823,5
799,6,823,6
799,7,823,7
799,8,823,8
812,1,823,9
813,1,823,10
814,1,823,11
815,1,823,12
817,1,823,13
818,1,823,14
819,1,823,15
820,1,823,16
822,1,826,1
822,2,826,2
822,3,827,1
822,4,827,2
822,5,828,1
822,6,828,2
822,7,829,1
822,8,829,2
822,9,830,1
822,10,830,2
822,11,831,1
822,12,831,2
822,13,832,1
822,14,832,2
822,15,833,1
822,16,833,2
823,1,835,1
823,2,835,2
823,3,836,1
823,4,836,2
823,5,837,1
823,6,837,2
823,7,838,1
823,8,838,2
823,9,839,1
823,10,839,2
823,11,840,1
823,12,840,2
823,13,841,1
823,14,841,2
823,15,842,1
823,16,842,2
826,1,844,1
827,1,844,2
828,1,844,3
829,1,844,4
830,1,844,5
831,1,844,6
832,1,844,7
833,1,844,8
835,1,845,1
836,1,845,2
837,1,845,3
838,1,845,4
839,1,845,5
840,1,845,6
841,1,845,7
842,1,845,8
844,1,848,1
844,2,848,2
844,3,849,1
844,4,849,2
844,5,850,1
844,6,850,2
844,7,851,1
844,8,851,2
845,1,853,1
845,2,853,2
845,3,854,1
845,4,854,2
845,5,855,1
845,6,855,2
845,7,856,1
845,8,856,2
848,1,858,1
849,1,858,2
850,1,858,3
851,1,858,4
853,1,859,1
854,1,859,2
855,1,859,3
856,1,859,4
858,1,862,1
858,2,862,2
858,3,863,1
858,4,863,2
859,1,865,1
859,2,865,2
859,3,866,1
859,4,866,2
862,1,868,1
863,1,868,2
865,1,869,1
866,1,869,2
868,1,871,1
869,1,871,2
877,6,888,1
877,3,888,2
877,5,889,1
877,4,889,2
889,1,891,1
888,1,891,2
880,6,896,1
880,3,896,2
880,5,897,1
880,4,897,2
897,1,899,1
896,1,899,2
883,7,904,1
883,4,904,2
883,6,905,1
883,5,905,2
905,1,907,1
904,1,907,2
915,1,917,1
915,2,917,2
915,3,917,3
915,4,917,4
915,5,917,5
915,6,917,6
915,7,917,7
915,8,917,8
915,9,917,9
915,10,917,10
915,11,917,11
915,12,917,12
915,13,917,13
915,14,917,14
915,15,917,15
915,16,917,16
915,17,917,17
915,18,917,18
915,19,917,19
915,20,917,20
917,1,919,1
917,2,919,2
917,3,920,1
917,4,920,2
917,5,921,1
917,6,921,2
917,7,922,1
917,8,922,2
917,9,923,1
917,10,923,2
917,11,924,1
917,12,924,2
917,13,925,1
917,14,925,2
917,15,926,1
917,16,926,2
914,1,928,1
914,2,928,2
914,3,928,3
914,4,928,4
914,5,928,5
914,6,928,6
914,7,928,7
914,8,928,8
914,9,928,9
914,10,928,10
914,11,928,11
914,12,928,12
914,13,928,13
914,14,928,14
914,15,928,15
914,16,928,16
914,17,928,17
914,18,928,18
914,19,928,19
914,20,928,20
917,17,928,21
917,18,928,22
917,19,928,23
917,20,928,24
919,1,928,25
920,1,928,26
921,1,928,27
922,1,928,28
923,1,928,29
924,1,928,30
925,1,928,31
926,1,928,32
928,1,930,1
928,2,930,2
928,3,931,1
928,4,931,2
928,5,932,1
928,6,932,2
928,7,933,1
928,8,933,2
928,9,934,1
928,10,934,2
928,11,935,1
928,12,935,2
928,13,936,1
928,14,936,2
928,15,937,1
928,16,937,2
928,17,938,1
928,18,938,2
928,19,939,1
928,20,939,2
928,21,940,1
928,22,940,2
928,23,941,1
928,24,941,2
928,25,942,1
928,26,942,2
928,27,943,1
928,28,943,2
928,29,944,1
928,30,944,2
928,31,945,1
928,32,945,2
930,1,947,1
931,1,947,2
932,1,947,3
933,1,947,4
934,1,947,5
935,1,947,6
936,1,947,7
937,1,947,8
938,1,947,9
939,1,947,10
940,1,947,11
941,1,947,12
942,1,947,13
943,1,947,14
944,1,947,15
945,1,947,16
947,1,949,1
947,2,949,2
947,3,950,1
947,4,950,2
947,5,951,1
947,6,951,2
947,7,952,1
947,8,952,2
947,9,953,1
947,10,953,2
947,11,954,1
947,12,954,2
947,13,955,1
947,14,955,2
947,15,956,1
947,16,956,2
949,1,958,1
950,1,958,2
951,1,958,3
952,1,958,4
953,1,958,5
954,1,958,6
955,1,958,7
956,1,958,8
958,1,960,1
958,2,960,2
958,3,961,1
958,4,961,2
958,5,962,1
958,6,962,2
958,7,963,1
958,8,963,2
960,1,965,1
961,1,965,2
962,1,965,3
963,1,965,4
965,1,967,1
965,2,967,2
965,3,968,1
965,4,968,2
967,1,970,1
968,1,970,2
974,1,976,1
974,2,976,2
974,3,976,3
974,4,976,4
974,5,976,5
974,6,976,6
974,7,976,7
974,8,976,8
974,9,976,9
974,10,976,10
974,11,976,11
974,12,976,12
974,13,976,13
974,14,976,14
974,15,976,15
974,16,976,16
974,17,976,17
974,18,976,18
974,19,976,19
974,20,976,20
976,1,978,1
976,2,978,2
976,3,979,1
976,4,979,2
976,5,980,1
976,6,980,2
976,7,981,1
976,8,981,2
976,9,982,1
976,10,982,2
976,11,983,1
976,12,983,2
976,13,984,1
976,14,984,2
976,15,985,1
976,16,985,2
973,1,987,1
973,2,987,2
973,3,987,3
973,4,987,4
973,5,987,5
973,6,987,6
973,7,987,7
973,8,987,8
973,9,987,9
973,10,987,10
973,11,987,11
973,12,987,12
973,13,987,13
973,14,987,14
973,15,987,15
973,16,987,16
973,17,987,17
973,18,987,18
973,19,987,19
973,20,987,20
976,17,987,21
976,18,987,22
976,19,987,23
976,20,987,24
978,1,987,25
979,1,987,26
980,1,987,27
981,1,987,28
982,1,987,29
983,1,987,30
984,1,987,31
985,1,987,32
987,1,989,1
987,2,989,2
987,3,990,1
987,4,990,2
987,5,991,1
987,6,991,2
987,7,992,1
987,8,992,2
987,9,993,1
987,10,993,2
987,11,994,1
987,12,994,2
987,13,995,1
987,14,995,2
987,15,996,1
987,16,996,2
987,17,997,1
987,18,997,2
987,19,998,1
987,20,998,2
987,21,999,1
987,22,999,2
987,23,1000,1
987,24,1000,2
987,25,1001,1
987,26,1001,2
987,27,1002,1
987,28,1002,2
987,29,1003,1
987,30,1003,2
987,31,1004,1
987,32,1004,2
989,1,1006,1
990,1,1006,2
991,1,1006,3
992,1,1006,4
993,1,1006,5
994,1,1006,6
995,1,1006,7
996,1,1006,8
997,1,1006,9
998,1,1006,10
999,1,1006,11
1000,1,1006,12
1001,1,1006,13
1002,1,1006,14
1003,1,1006,15
1004,1,1006,16
1006,1,1008,1
1006,2,1008,2
1006,3,1009,1
1006,4,1009,2
1006,5,1010,1
1006,6,1010,2
1006,7,1011,1
1006,8,1011,2
1006,9,1012,1
1006,10,1012,2
1006,11,1013,1
1006,12,1013,2
1006,13,1014,1
1006,14,1014,2
1006,15,1015,1
1006,16,1015,2
1008,1,1017,1
1009,1,1017,2
1010,1,1017,3
1011,1,1017,4
1012,1,1017,5
1013,1,1017,6
1014,1,1017,7
1015,1,1017,8
1017,1,1019,1
1017,2,1019,2
1017,3,1020,1
1017,4,1020,2
1017,5,1021,1
1017,6,1021,2
1017,7,1022,1
1017,8,1022,2
1019,1,1024,1
1020,1,1024,2
1021,1,1024,3
1022,1,1024,4
1024,1,1026,1
1024,2,1026,2
1024,3,1027,1
1024,4,1027,2
1026,1,1029,1
1027,1,1029,2
1040,1,1042,1
1040,2,1042,2
1040,3,1042,3
1040,4,1042,4
1040,5,1042,5
1040,6,1042,6
1040,7,1042,7
1040,8,1042,8
1040,9,1042,9
1040,10,1042,10
1040,11,1042,11
1040,12,1042,12
1040,13,1042,13
1040,14,1042,14
1040,15,1042,15
1040,16,1042,16
1040,17,1042,17
1040,18,1042,18
1042,1,1044,1
1042,2,1044,2
1042,3,1045,1
1042,4,1045,2
1042,5,1046,1
1042,6,1046,2
1042,7,1047,1
1042,8,1047,2
1039,1,1049,1
1039,2,1049,2
1039,3,1049,3
1039,4,1049,4
1039,5,1049,5
1039,6,1049,6
1039,7,1049,7
1039,8,1049,8
1039,9,1049,9
1039,10,1049,10
1039,11,1049,11
1039,12,1049,12
1039,13,1049,13
1039,14,1049,14
1039,15,1049,15
1039,16,1049,16
1039,17,1049,17
1039,18,1049,18
1042,9,1049,19
1042,10,1049,20
1042,11,1049,21
1042,12,1049,22
1042,13,1049,23
1042,14,1049,24
1042,15,1049,25
1042,16,1049,26
1042,17,1049,27
1042,18,1049,28
1044,1,1049,29
1045,1,1049,30
1046,1,1049,31
1047,1,1049,32
1049,1,1051,1
1049,2,1051,2
1049,3,1052,1
1049,4,1052,2
1049,5,1053,1
1049,6,1053,2
1049,7,1054,1
1049,8,1054,2
1049,9,1055,1
1049,10,1055,2
1049,11,1056,1
1049,12,1056,2
1049,13,1057,1
1049,14,1057,2
1049,15,1058,1
1049,16,1058,2
1049,17,1059,1
1049,18,1059,2
1049,19,1060,1
1049,20,1060,2
1049,21,1061,1
1049,22,1061,2
1049,23,1062,1
1049,24,1062,2
1049,25,1063,1
1049,26,1063,2
1049,27,1064,1
1049,28,1064,2
1049,29,1065,1
1049,30,1065,2
1049,31,1066,1
1049,32,1066,2
1051,1,1068,1
1052,1,1068,2
1053,1,1068,3
1054,1,1068,4
1055,1,1068,5
1056,1,1068,6
1057,1,1068,7
1058,1,1068,8
1059,1,1068,9
1060,1,1068,10
1061,1,1068,11
1062,1,1068,12
1063,1,1068,13
1064,1,1068,14
1065,1,1068,15
1066,1,1068,16
1068,1,1070,1
1068,2,1070,2
1068,3,1071,1
1068,4,1071,2
1068,5,1072,1
1068,6,1072,2
1068,7,1073,1
1068,8,1073,2
1068,9,1074,1
1068,10,1074,2
1068,11,1075,1
1068,12,1075,2
1068,13,1076,1
1068,14,1076,2
1068,15,1077,1
1068,16,1077,2
1070,1,1079,1
1071,1,1079,2
1072,1,1079,3
1073,1,1079,4
1074,1,1079,5
1075,1,1079,6
1076,1,1079,7
1077,1,1079,8
1079,1,1081,1
1079,2,1081,2
1079,3,1082,1
1079,4,1082,2
1079,5,1083,1
1079,6,1083,2
1079,7,1084,1
1079,8,1084,2
1081,1,1086,1
1082,1,1086,2
1083,1,1086,3
1084,1,1086,4
1086,1,1088,1
1086,2,1088,2
1086,3,1089,1
1086,4,1089,2
1088,1,1091,1
1089,1,1091,2
1094,16,1102,1
1097,3,1102,2
1109,6,1111,1
1109,11,1111,2
1109,7,1112,1
1109,10,1112,2
1109,8,1113,1
1109,9,1113,2
1109,5,1114,1
1109,12,1114,2
1111,2,1116,1
1111,1,1116,2
1112,2,1117,1
1112,1,1117,2
1113,2,1118,1
1113,1,1118,2
1114,2,1119,1
1114,1,1119,2
1109,1,1121,1
1116,1,1121,2
1109,2,1122,1
1117,1,1122,2
1109,3,1123,1
1118,1,1123,2
1109,4,1124,1
1119,1,1124,2
1121,2,1126,1
1121,1,1126,2
1122,2,1127,1
1122,1,1127,2
1123,2,1128,1
1123,1,1128,2
1124,2,1129,1
1124,1,1129,2
1126,1,1131,1
1129,1,1131,2
1127,1,1132,1
1128,1,1132,2
1131,1,1134,1
1132,1,1134,2
1145,1,1147,1
1145,2,1147,2
1145,3,1147,3
1145,4,1147,4
1145,5,1147,5
1145,6,1147,6
1145,7,1147,7
1145,8,1147,8
1145,9,1147,9
1145,10,1147,10
1145,11,1147,11
1145,12,1147,12
1145,13,1147,13
1145,14,1147,14
1145,15,1147,15
1145,16,1147,16
1145,17,1147,17
1145,18,1147,18
1145,19,1147,19
1145,20,1147,20
1145,21,1147,21
1145,22,1147,22
1147,19,1149,1
1147,20,1149,2
1147,21,1150,1
1147,22,1150,2
1144,9,1152,1
1147,1,1152,2
1147,16,1153,1
1150,1,1153,2
1144,13,1154,1
1147,5,1154,2
1144,20,1155,1
1147,12,1155,2
1144,12,1156,1
1147,4,1156,2
1147,13,1157,1
1147,18,1157,2
1144,16,1158,1
1147,8,1158,2
1144,17,1159,1
1147,9,1159,2
1144,10,1160,1
1147,2,1160,2
1147,15,1161,1
1149,1,1161,2
1144,14,1162,1
1147,6,1162,2
1144,19,1163,1
1147,11,1163,2
1144,11,1164,1
1147,3,1164,2
1147,14,1165,1
1147,17,1165,2
1144,15,1166,1
1147,7,1166,2
1144,18,1167,1
1147,10,1167,2
1152,1,1169,1
1153,1,1169,2
1154,1,1170,1
1155,1,1170,2
1156,1,1171,1
1157,1,1171,2
1158,1,1172,1
1159,1,1172,2
1160,1,1173,1
1161,1,1173,2
1162,1,1174,1
1163,1,1174,2
1164,1,1175,1
1165,1,1175,2
1166,1,1176,1
1167,1,1176,2
1144,1,1178,1
1176,1,1178,2
1144,8,1179,1
1169,1,1179,2
1144,4,1180,1
1173,1,1180,2
1144,5,1181,1
1172,1,1181,2
1144,2,1182,1
1175,1,1182,2
1144,7,1183,1
1170,1,1183,2
1144,3,1184,1
1174,1,1184,2
1144,6,1185,1
1171,1,1185,2
1178,1,1187,1
1179,1,1187,2
1180,1,1188,1
1181,1,1188,2
1182,1,1189,1
1183,1,1189,2
1184,1,1190,1
1185,1,1190,2
1187,1,1192,1
1188,1,1192,2
1189,1,1193,1
1190,1,1193,2
1192,1,1195,1
1193,1,1195,2
1205,15,1207,1
1205,18,1207,2
1205,16,1208,1
1205,17,1208,2
1205,1,1210,1
1207,1,1210,2
1205,2,1211,1
1208,1,1211,2
1205,3,1212,1
1205,14,1212,2
1205,4,1213,1
1205,13,1213,2
1205,5,1214,1
1205,12,1214,2
1205,6,1215,1
1205,11,1215,2
1205,7,1216,1
1205,10,1216,2
1205,8,1217,1
1205,9,1217,2
1210,1,1219,1
1217,1,1219,2
1211,1,1220,1
1216,1,1220,2
1212,1,1221,1
1215,1,1221,2
1213,1,1222,1
1214,1,1222,2
1219,1,1224,1
1222,1,1224,2
1220,1,1225,1
1221,1,1225,2
1224,1,1227,1
1225,1,1227,2
1234,1,1236,1
1234,16,1236,2
1234,2,1237,1
1234,15,1237,2
1234,3,1238,1
1234,14,1238,2
1234,4,1239,1
1234,13,1239,2
1234,5,1240,1
1234,12,1240,2
1234,6,1241,1
1234,11,1241,2
1234,7,1242,1
1234,10,1242,2
1234,8,1243,1
1234,9,1243,2
1236,1,1245,1
1243,1,1245,2
1237,1,1246,1
1242,1,1246,2
1238,1,1247,1
1241,1,1247,2
1239,1,1248,1
1240,1,1248,2
1245,1,1250,1
1248,1,1250,2
1246,1,1251,1
1247,1,1251,2
1250,1,1253,1
1251,1,1253,2
1260,1,1262,1
1260,16,1262,2
1260,2,1263,1
1260,15,1263,2
1260,3,1264,1
1260,14,1264,2
1260,4,1265,1
1260,13,1265,2
1260,5,1266,1
1260,12,1266,2
1260,6,1267,1
1260,11,1267,2
1260,7,1268,1
1260,10,1268,2
1260,8,1269,1
1260,9,1269,2
1262,1,1271,1
1269,1,1271,2
1263,1,1272,1
1268,1,1272,2
1264,1,1273,1
1267,1,1273,2
1265,1,1274,1
1266,1,1274,2
1271,1,1276,1
1274,1,1276,2
1272,1,1277,1
1273,1,1277,2
1276,1,1279,1
1277,1,1279,2
1282,1,1284,1
1282,2,1284,2
1282,3,1284,3
1282,4,1284,4
1282,5,1284,5
1282,6,1284,6
1282,7,1284,7
1282,8,1284,8
1282,9,1285,1
1282,10,1285,2
1282,11,1285,3
1282,12,1285,4
1282,13,1285,5
1282,14,1285,6
1282,15,1285,7
1282,16,1285,8
1289,1,1291,1
1289,16,1291,2
1289,2,1292,1
1289,15,1292,2
1289,3,1293,1
1289,14,1293,2
1289,4,1294,1
1289,13,1294,2
1289,5,1295,1
1289,12,1295,2
1289,6,1296,1
1289,11,1296,2
1289,7,1297,1
1289,10,1297,2
1289,8,1298,1
1289,9,1298,2
1291,1,1300,1
1298,1,1300,2
1292,1,1301,1
1297,1,1301,2
1293,1,1302,1
1296,1,1302,2
1294,1,1303,1
1295,1,1303,2
1300,1,1305,1
1303,1,1305,2
1301,1,1306,1
1302,1,1306,2
1305,1,1308,1
1306,1,1308,2
1315,1,1317,1
1315,16,1317,2
1315,2,1318,1
1315,15,1318,2
1315,3,1319,1
1315,14,1319,2
1315,4,1320,1
1315,13,1320,2
1315,5,1321,1
1315,12,1321,2
1315,6,1322,1
1315,11,1322,2
1315,7,1323,1
1315,10,1323,2
1315,8,1324,1
1315,9,1324,2
1317,1,1326,1
1324,1,1326,2
1318,1,1327,1
1323,1,1327,2
1319,1,1328,1
1322,1,1328,2
1320,1,1329,1
1321,1,1329,2
1326,1,1331,1
1329,1,1331,2
1327,1,1332,1
1328,1,1332,2
1331,1,1334,1
1332,1,1334,2
1341,5,1343,1
1341,12,1343,2
1341,6,1344,1
1341,11,1344,2
1341,7,1345,1
1341,10,1345,2
1341,8,1346,1
1341,9,1346,2
1343,2,1348,1
1343,1,1348,2
1344,2,1349,1
1344,1,1349,2
1345,2,1350,1
1345,1,1350,2
1346,2,1351,1
1346,1,1351,2
1341,1,1353,1
1348,1,1353,2
1341,2,1354,1
1349,1,1354,2
1341,3,1355,1
1350,1,1355,2
1341,4,1356,1
1351,1,1356,2
1353,2,1358,1
1353,1,1358,2
1354,2,1359,1
1354,1,1359,2
1355,2,1360,1
1355,1,1360,2
1356,2,1361,1
1356,1,1361,2
1358,1,1363,1
1361,1,1363,2
1359,1,1364,1
1360,1,1364,2
1363,1,1366,1
1364,1,1366,2
1369,1,1371,1
1369,2,1371,2
1369,3,1371,3
1369,4,1371,4
1369,5,1371,5
1369,6,1371,6
1369,7,1372,1
1369,8,1372,2
1369,9,1372,3
1369,10,1372,4
1369,11,1372,5
1369,12,1372,6
1380,1,1382,1
1380,2,1382,2
1380,3,1382,3
1380,4,1382,4
1380,5,1382,5
1380,6,1382,6
1380,7,1382,7
1380,8,1382,8
1380,9,1382,9
1380,10,1382,10
1380,11,1382,11
1380,12,1382,12
1380,13,1382,13
1380,14,1382,14
1380,15,1382,15
1380,16,1382,16
1380,17,1382,17
1380,18,1382,18
1380,19,1382,19
1380,20,1382,20
1380,21,1382,21
1380,22,1382,22
1382,3,1384,1
1382,4,1384,2
1382,5,1385,1
1382,6,1385,2
1382,7,1386,1
1382,8,1386,2
1382,9,1387,1
1382,10,1387,2
1382,11,1388,1
1382,12,1388,2
1382,13,1389,1
1382,14,1389,2
1382,15,1390,1
1382,16,1390,2
1382,17,1391,1
1382,18,1391,2
1382,19,1392,1
1382,20,1392,2
1382,21,1393,1
1382,22,1393,2
1379,1,1395,1
1382,1,1395,2
1379,8,1396,1
1388,1,1396,2
1379,9,1397,1
1387,1,1397,2
1379,16,1398,1
1379,17,1398,2
1379,4,1399,1
1392,1,1399,2
1379,5,1400,1
1391,1,1400,2
1379,12,1401,1
1384,1,1401,2
1379,13,1402,1
1379,20,1402,2
1379,2,1403,1
1382,2,1403,2
1379,7,1404,1
1389,1,1404,2
1379,10,1405,1
1386,1,1405,2
1379,15,1406,1
1379,18,1406,2
1379,3,1407,1
1393,1,1407,2
1379,6,1408,1
1390,1,1408,2
1379,11,1409,1
1385,1,1409,2
1379,14,1410,1
1379,19,1410,2
1395,1,1412,1
1396,1,1412,2
1397,1,1413,1
1398,1,1413,2
1399,1,1414,1
1400,1,1414,2
1401,1,1415,1
1402,1,1415,2
1403,1,1416,1
1404,1,1416,2
1405,1,1417,1
1406,1,1417,2
1407,1,1418,1
1408,1,1418,2
1409,1,1419,1
1410,1,1419,2
1412,1,1421,1
1413,1,1421,2
1414,1,1422,1
1415,1,1422,2
1416,1,1423,1
1417,1,1423,2
1418,1,1424,1
1419,1,1424,2
1421,1,1426,1
1422,1,1426,2
1423,1,1427,1
1424,1,1427,2
1426,1,1429,1
1427,1,1429,2
1435,6,1440,1
1435,3,1440,2
1435,5,1441,1
1435,4,1441,2
1441,1,1443,1
1440,1,1443,2
1447,1,1449,1
1447,16,1449,2
1447,2,1450,1
1447,15,1450,2
1447,3,1451,1
1447,14,1451,2
1447,4,1452,1
1447,13,1452,2
1447,5,1453,1
1447,12,1453,2
1447,6,1454,1
1447,11,1454,2
1447,7,1455,1
1447,10,1455,2
1447,8,1456,1
1447,9,1456,2
1449,1,1458,1
1456,1,1458,2
1450,1,1459,1
1455,1,1459,2
1451,1,1460,1
1454,1,1460,2
1452,1,1461,1
1453,1,1461,2
1458,1,1463,1
1461,1,1463,2
1459,1,1464,1
1460,1,1464,2
1463,1,1466,1
1464,1,1466,2
1473,7,1475,1
1473,10,1475,2
1473,8,1476,1
1473,9,1476,2
1473,1,1478,1
1475,1,1478,2
1473,2,1479,1
1476,1,1479,2
1473,3,1480,1
1473,6,1480,2
1473,4,1481,1
1473,5,1481,2
1478,1,1483,1
1481,1,1483,2
1479,1,1484,1
1480,1,1484,2
1483,1,1486,1
1484,1,1486,2
1497,0,1499,1
1497,0,1499,2
1497,0,1499,3
1497,0,1499,4
1497,0,1500,1
1497,0,1500,2
1497,0,1500,3
1497,0,1500,4
1499,1,1502,1
1500,2,1502,2
1500,1,1503,1
1499,2,1503,2
1502,1,1505,1
1503,2,1505,2
1509,13,1511,1
1509,16,1511,2
1509,14,1512,1
1509,15,1512,2
1509,7,1514,1
1511,1,1514,2
1509,9,1515,1
1509,12,1515,2
1509,8,1516,1
1512,1,1516,2
1509,10,1517,1
1509,11,1517,2
1514,1,1519,1
1515,1,1519,2
1516,1,1520,1
1517,1,1520,2
1509,1,1522,1
1519,1,1522,2
1509,3,1523,1
1509,6,1523,2
1509,2,1524,1
1520,1,1524,2
1509,5,1525,1
1509,4,1525,2
1522,1,1527,1
1523,1,1527,2
1524,1,1528,1
1525,1,1528,2
1527,1,1530,1
1528,1,1530,2
1533,3,1536,1
1533,6,1536,2
1533,4,1537,1
1533,5,1537,2
1534,3,1538,1
1534,6,1538,2
1534,4,1539,1
1534,5,1539,2
1536,1,1541,1
1533,2,1541,2
1537,1,1542,1
1533,1,1542,2
1538,1,1543,1
1534,2,1543,2
1539,1,1544,1
1534,1,1544,2
1541,1,1546,1
1542,1,1546,2
1543,1,1547,1
1544,1,1547,2
1546,2,1549,1
1546,1,1549,2
1547,2,1550,1
1547,1,1550,2
1549,1,1552,1
1550,1,1552,2
1552,1,1554,1
1552,2,1554,2
1558,8,1560,1
1558,1,1560,2
1558,7,1561,1
1558,2,1561,2
1558,6,1562,1
1558,3,1562,2
1558,5,1563,1
1558,4,1563,2
1560,1,1565,1
1561,1,1565,2
1562,1,1565,3
1563,1,1565,4
1565,4,1567,1
1565,1,1567,2
1565,3,1568,1
1565,2,1568,2
1567,1,1570,1
1568,1,1570,2
1570,2,1572,1
1570,1,1572,2
1575,8,1577,1
1575,1,1577,2
1575,7,1578,1
1575,2,1578,2
1575,6,1579,1
1575,3,1579,2
1575,5,1580,1
1575,4,1580,2
1577,1,1582,1
1578,1,1582,2
1579,1,1582,3
1580,1,1582,4
1582,4,1584,1
1582,1,1584,2
1582,3,1585,1
1582,2,1585,2
1584,1,1587,1
1585,1,1587,2
1587,2,1589,1
1587,1,1589,2
1596,0,1598,1
1596,0,1598,2
1596,0,1598,3
1596,0,1598,4
1596,0,1599,1
1596,0,1599,2
1596,0,1599,3
1596,0,1599,4
1598,1,1601,1
1599,2,1601,2
1599,1,1602,1
1598,2,1602,2
1601,1,1604,1
1602,2,1604,2
1608,3,1610,1
1608,6,1610,2
1608,4,1611,1
1608,5,1611,2
1610,1,1613,1
1611,1,1613,2
1608,1,1615,1
1613,2,1615,2
1608,2,1616,1
1613,1,1616,2
1615,1,1618,1
1616,1,1618,2
1618,1,1620,1
1618,2,1620,2
1624,1,1626,1
1624,2,1626,2
1624,3,1626,3
1624,4,1626,4
1624,5,1626,5
1624,6,1626,6
1624,7,1627,1
1624,8,1627,2
1624,9,1627,3
1624,10,1627,4
1624,11,1627,5
1624,12,1627,6
1636,1,1641,1
1639,1,1641,2
1652,1,1654,1
1652,3,1654,2
1652,5,1654,3
1652,7,1654,4
1652,2,1655,1
1652,4,1655,2
1652,6,1655,3
1652,8,1655,4
1654,1,1657,1
1655,1,1657,2
1657,2,1659,1
1657,1,1659,2
1662,1,1664,1
1662,3,1664,2
1662,5,1664,3
1662,7,1664,4
1662,2,1665,1
1662,4,1665,2
1662,6,1665,3
1662,8,1665,4
1664,1,1667,1
1665,1,1667,2
1667,2,1669,1
1667,1,1669,2
1676,13,1678,1
1676,20,1678,2
1676,14,1679,1
1676,19,1679,2
1676,15,1680,1
1676,18,1680,2
1676,16,1681,1
1676,17,1681,2
1676,1,1683,1
1678,1,1683,2
1676,2,1684,1
1679,1,1684,2
1676,3,1685,1
1680,1,1685,2
1676,4,1686,1
1681,1,1686,2
1676,5,1687,1
1676,12,1687,2
1676,6,1688,1
1676,11,1688,2
1676,7,1689,1
1676,10,1689,2
1676,8,1690,1
1676,9,1690,2
1683,1,1692,1
1690,1,1692,2
1684,1,1693,1
1689,1,1693,2
1685,1,1694,1
1688,1,1694,2
1686,1,1695,1
1687,1,1695,2
1692,1,1697,1
1695,1,1697,2
1693,1,1698,1
1694,1,1698,2
1697,1,1700,1
1698,1,1700,2
