1
14
70
81
117
120
165
240
250
263
292
316
329
349
352
368
381
395
411
415
437
443
461
465
468
678
792
872
875
878
881
884
892
900
909
912
971
1030
1033
1037
1092
1095
1098
1103
1107
1135
1139
1142
1196
1199
1203
1228
1232
1254
1258
1280
1287
1309
1313
1335
1339
1367
1374
1377
1430
1433
1436
1445
1467
1471
1487
1491
1495
1507
1531
1556
1573
1591
1594
1606
1622
1630
1634
1637
1643
1646
1650
1660
1671
1674
1705
1708
