3,0,5,1
3,0,5,2
3,0,5,3
3,0,5,4
3,0,6,1
3,0,6,2
3,0,6,3
3,0,6,4
5,1,8,1
6,2,8,2
6,1,9,1
5,2,9,2
8,2,11,1
9,2,11,2
8,1,13,1
9,1,13,2
19,1,22,1
19,2,22,2
19,3,22,3
19,4,22,4
19,5,22,5
19,6,22,6
19,7,23,1
19,8,23,2
19,9,23,3
19,10,24,1
19,11,24,2
19,12,24,3
19,13,24,4
19,14,24,5
19,15,24,6
19,16,24,7
19,17,24,8
19,18,24,9
20,1,25,1
20,2,25,2
20,3,26,1
20,4,26,2
20,5,26,3
16,1,27,1
16,2,27,2
16,3,27,3
16,4,27,4
17,1,28,1
17,2,28,2
17,3,29,1
18,1,30,1
18,2,30,2
22,0,32,1
23,0,32,2
24,0,32,3
26,0,32,4
22,0,33,1
24,0,33,2
30,0,33,3
26,0,33,4
22,0,34,1
24,0,34,2
28,0,34,3
26,0,34,4
25,0,35,1
23,0,35,2
24,0,35,3
29,0,35,4
22,0,36,1
24,0,36,2
24,0,36,3
27,0,36,4
22,0,37,1
24,0,37,2
30,0,37,3
27,0,37,4
22,0,38,1
24,0,38,2
28,0,38,3
27,0,38,4
25,0,39,1
23,0,39,2
24,0,39,3
27,0,39,4
32,1,41,1
32,2,41,2
32,3,41,3
32,4,41,4
33,1,42,1
33,2,42,2
33,3,42,3
33,4,42,4
34,1,43,1
34,2,43,2
34,3,43,3
34,4,43,4
35,1,44,1
35,2,44,2
35,3,44,3
35,4,44,4
36,1,45,1
36,2,45,2
36,3,45,3
36,4,45,4
37,1,46,1
37,2,46,2
37,3,46,3
37,4,46,4
38,1,47,1
38,2,47,2
38,3,47,3
38,4,47,4
39,1,48,1
39,2,48,2
39,3,48,3
39,4,48,4
41,1,50,1
42,2,50,2
43,1,51,1
44,2,51,2
45,1,52,1
46,2,52,2
47,1,53,1
48,2,53,2
42,1,54,1
41,2,54,2
44,1,55,1
43,2,55,2
46,1,56,1
45,2,56,2
48,1,57,1
47,2,57,2
50,1,59,1
51,1,59,2
52,1,60,1
53,1,60,2
54,1,61,1
55,1,61,2
56,1,62,1
57,1,62,2
59,1,64,1
60,1,64,2
61,1,65,1
62,1,65,2
64,2,67,1
65,2,67,2
64,1,69,1
65,1,69,2
72,0,77,1
73,0,77,2
74,0,77,3
75,0,77,4
72,0,78,1
73,0,78,2
74,0,78,3
75,0,78,4
72,0,79,1
73,0,79,2
74,0,79,3
75,0,79,4
72,0,80,1
73,0,80,2
74,0,80,3
75,0,80,4
77,1,82,1
78,2,82,2
79,1,83,1
80,2,83,2
78,1,84,1
77,2,84,2
80,1,85,1
79,2,85,2
82,1,87,1
83,1,87,2
84,1,88,1
85,1,88,2
87,1,90,1
88,1,90,2
93,1,102,1
93,2,102,2
93,3,102,3
93,4,102,4
94,1,103,1
94,2,103,2
94,3,103,3
94,4,103,4
95,1,104,1
95,2,104,2
95,3,104,3
95,4,104,4
96,1,105,1
96,2,105,2
96,3,105,3
96,4,105,4
97,1,106,1
97,2,106,2
97,3,106,3
97,4,106,4
98,1,107,1
98,2,107,2
98,3,107,3
98,4,107,4
99,1,108,1
99,2,108,2
99,3,108,3
99,4,108,4
100,1,109,1
100,2,109,2
100,3,109,3
100,4,109,4
102,1,111,1
103,1,111,2
104,1,111,3
105,1,111,4
106,1,111,5
107,1,111,6
108,1,111,7
109,1,111,8
102,2,112,1
103,2,112,2
104,2,112,3
105,2,112,4
106,2,112,5
107,2,112,6
108,2,112,7
109,2,112,8
112,0,114,1
111,0,114,2
112,0,115,1
111,0,115,2
112,0,116,1
111,0,116,2
112,0,117,1
111,0,117,2
112,0,118,1
111,0,118,2
112,0,119,1
111,0,119,2
112,0,120,1
111,0,120,2
112,0,121,1
111,0,121,2
114,1,123,1
115,1,123,2
116,1,123,3
117,1,123,4
118,1,123,5
119,1,123,6
120,1,123,7
121,1,123,8
123,1,125,1
123,2,125,2
123,3,126,1
123,4,126,2
123,5,127,1
123,6,127,2
123,7,128,1
123,8,128,2
125,1,130,1
126,1,130,2
127,1,130,3
128,1,130,4
130,1,132,1
130,2,132,2
130,3,133,1
130,4,133,2
132,1,135,1
133,1,135,2
140,1,142,1
140,2,142,2
140,3,142,3
140,4,142,4
140,5,142,5
140,6,142,6
140,7,142,7
140,8,142,8
140,9,142,9
140,10,142,10
140,11,142,11
140,12,142,12
140,13,142,13
140,14,142,14
140,15,142,15
140,16,142,16
140,17,142,17
140,18,142,18
140,19,142,19
140,20,142,20
140,21,142,21
140,22,142,22
140,23,142,23
140,24,142,24
140,25,142,25
140,26,142,26
140,27,142,27
140,28,142,28
140,29,142,29
140,30,142,30
140,31,142,31
140,32,142,32
140,33,142,33
140,34,142,34
140,35,142,35
140,36,142,36
140,37,142,37
140,38,142,38
140,39,142,39
140,40,142,40
140,41,142,41
140,42,142,42
140,43,142,43
140,44,142,44
142,1,144,1
142,2,144,2
142,3,144,3
142,4,144,4
142,5,144,5
142,6,144,6
142,7,144,7
142,8,144,8
142,9,144,9
142,10,144,10
142,11,144,11
142,12,144,12
142,13,144,13
142,14,144,14
142,15,144,15
142,16,144,16
142,17,144,17
142,18,144,18
142,19,144,19
142,20,144,20
142,21,144,21
142,22,144,22
142,23,145,1
142,24,145,2
142,25,145,3
142,26,145,4
142,27,145,5
142,28,145,6
142,29,145,7
142,30,145,8
142,31,145,9
142,32,145,10
142,33,145,11
142,34,145,12
142,35,145,13
142,36,145,14
142,37,145,15
142,38,145,16
142,39,145,17
142,40,145,18
142,41,145,19
142,42,145,20
142,43,145,21
142,44,145,22
144,0,147,1
145,0,147,2
144,0,148,1
145,0,148,2
144,0,149,1
145,0,149,2
144,0,150,1
145,0,150,2
144,0,151,1
145,0,151,2
144,0,152,1
145,0,152,2
144,0,153,1
145,0,153,2
144,0,154,1
145,0,154,2
144,0,155,1
145,0,155,2
144,0,156,1
145,0,156,2
144,0,157,1
145,0,157,2
144,0,158,1
145,0,158,2
144,0,159,1
145,0,159,2
144,0,160,1
145,0,160,2
144,0,161,1
145,0,161,2
144,0,162,1
145,0,162,2
144,0,163,1
145,0,163,2
144,0,164,1
145,0,164,2
144,0,165,1
145,0,165,2
144,0,166,1
145,0,166,2
144,0,167,1
145,0,167,2
144,0,168,1
145,0,168,2
138,1,170,1
139,1,171,1
139,2,171,2
139,3,171,3
139,4,171,4
139,5,171,5
139,6,171,6
139,7,171,7
139,8,171,8
139,9,171,9
139,10,171,10
139,11,171,11
139,12,171,12
139,13,171,13
139,14,171,14
139,15,171,15
147,1,171,16
148,1,171,17
149,1,171,18
150,1,171,19
151,1,171,20
152,1,171,21
153,1,171,22
154,1,171,23
155,1,171,24
156,1,171,25
157,1,171,26
158,1,171,27
159,1,171,28
160,1,171,29
161,1,171,30
162,1,171,31
163,1,171,32
164,1,171,33
165,1,171,34
166,1,171,35
167,1,171,36
168,1,171,37
170,1,173,1
171,1,173,2
171,2,173,3
171,3,173,4
171,4,173,5
171,5,173,6
171,6,173,7
171,7,173,8
171,8,173,9
171,9,173,10
171,10,173,11
171,11,173,12
171,12,174,1
171,13,174,2
171,14,174,3
171,15,174,4
171,16,174,5
171,17,174,6
171,18,174,7
171,19,174,8
171,20,174,9
171,21,174,10
171,22,174,11
171,23,174,12
171,24,175,1
171,25,175,2
171,26,175,3
171,27,175,4
171,28,175,5
171,29,175,6
171,30,175,7
171,31,175,8
171,32,175,9
171,33,175,10
171,34,175,11
171,35,175,12
171,36,176,1
171,37,176,2
171,38,176,3
171,39,176,4
171,40,176,5
171,41,176,6
171,42,176,7
171,43,176,8
171,44,176,9
171,45,176,10
171,46,176,11
171,47,176,12
173,0,178,1
174,0,178,2
175,0,178,3
176,0,178,4
173,0,179,1
174,0,179,2
175,0,179,3
176,0,179,4
173,0,180,1
174,0,180,2
175,0,180,3
176,0,180,4
173,0,181,1
174,0,181,2
175,0,181,3
176,0,181,4
173,0,182,1
174,0,182,2
175,0,182,3
176,0,182,4
173,0,183,1
174,0,183,2
175,0,183,3
176,0,183,4
173,0,184,1
174,0,184,2
175,0,184,3
176,0,184,4
173,0,185,1
174,0,185,2
175,0,185,3
176,0,185,4
173,0,186,1
174,0,186,2
175,0,186,3
176,0,186,4
173,0,187,1
174,0,187,2
175,0,187,3
176,0,187,4
173,0,188,1
174,0,188,2
175,0,188,3
176,0,188,4
173,0,189,1
174,0,189,2
175,0,189,3
176,0,189,4
102,3,191,1
103,3,191,2
104,3,191,3
105,3,191,4
106,3,191,5
107,3,191,6
108,3,191,7
109,3,191,8
178,1,193,1
179,1,193,2
180,1,193,3
181,1,193,4
182,1,193,5
183,1,193,6
184,1,193,7
185,1,193,8
186,1,193,9
187,1,193,10
188,1,193,11
189,1,193,12
191,1,193,13
191,2,193,14
191,3,193,15
191,4,193,16
178,2,194,1
179,2,194,2
180,2,194,3
181,2,194,4
182,2,194,5
183,2,194,6
184,2,194,7
185,2,194,8
186,2,194,9
187,2,194,10
188,2,194,11
189,2,194,12
191,5,194,13
191,6,194,14
191,7,194,15
191,8,194,16
194,0,196,1
193,0,196,2
194,0,197,1
193,0,197,2
194,0,198,1
193,0,198,2
194,0,199,1
193,0,199,2
194,0,200,1
193,0,200,2
194,0,201,1
193,0,201,2
194,0,202,1
193,0,202,2
194,0,203,1
193,0,203,2
194,0,204,1
193,0,204,2
194,0,205,1
193,0,205,2
194,0,206,1
193,0,206,2
194,0,207,1
193,0,207,2
194,0,208,1
193,0,208,2
194,0,209,1
193,0,209,2
194,0,210,1
193,0,210,2
194,0,211,1
193,0,211,2
196,1,213,1
197,1,213,2
198,1,213,3
199,1,213,4
200,1,213,5
201,1,213,6
202,1,213,7
203,1,213,8
204,1,213,9
205,1,213,10
206,1,213,11
207,1,213,12
208,1,213,13
209,1,213,14
210,1,213,15
211,1,213,16
213,1,215,1
213,2,215,2
213,3,216,1
213,4,216,2
213,5,217,1
213,6,217,2
213,7,218,1
213,8,218,2
213,9,219,1
213,10,219,2
213,11,220,1
213,12,220,2
213,13,221,1
213,14,221,2
213,15,222,1
213,16,222,2
215,1,224,1
216,1,224,2
217,1,224,3
218,1,224,4
219,1,224,5
220,1,224,6
221,1,224,7
222,1,224,8
224,1,226,1
224,2,226,2
224,3,227,1
224,4,227,2
224,5,228,1
224,6,228,2
224,7,229,1
224,8,229,2
226,1,231,1
227,1,231,2
228,1,231,3
229,1,231,4
231,1,233,1
231,2,233,2
231,3,234,1
231,4,234,2
233,1,236,1
234,1,236,2
239,1,242,1
239,2,242,2
239,3,242,3
239,4,243,1
239,5,243,2
239,6,243,3
239,7,244,1
239,8,244,2
239,9,244,3
239,10,245,1
240,1,245,2
240,2,245,3
242,0,247,1
243,0,247,2
244,0,247,3
245,0,247,4
242,0,248,1
243,0,248,2
244,0,248,3
245,0,248,4
242,0,249,1
243,0,249,2
244,0,249,3
245,0,249,4
247,3,251,1
248,3,251,2
249,3,251,3
251,1,253,1
251,2,253,2
247,1,255,1
253,0,255,2
247,2,256,1
249,2,256,2
248,1,257,1
253,0,257,2
249,1,258,1
248,2,258,2
255,1,260,1
256,1,260,2
257,1,261,1
258,1,261,2
260,2,263,1
261,2,263,2
260,1,265,1
261,1,265,2
271,1,273,1
271,5,273,2
271,9,273,3
271,13,273,4
271,2,274,1
271,6,274,2
271,10,274,3
271,14,274,4
271,3,275,1
271,7,275,2
271,11,275,3
271,15,275,4
271,4,276,1
271,8,276,2
271,12,276,3
271,16,276,4
273,1,278,1
273,2,278,2
274,1,278,3
274,2,278,4
275,1,278,5
275,2,278,6
276,1,278,7
276,2,278,8
278,8,280,1
278,1,280,2
278,7,281,1
278,2,281,2
278,6,282,1
278,3,282,2
278,5,283,1
278,4,283,2
280,1,285,1
281,1,285,2
282,1,285,3
283,1,285,4
285,4,287,1
285,1,287,2
285,3,288,1
285,2,288,2
287,1,290,1
288,1,290,2
290,2,292,1
290,1,292,2
296,0,300,1
297,0,300,2
297,0,300,3
297,0,300,4
298,0,300,5
298,0,300,6
296,0,301,1
296,0,301,2
296,0,301,3
296,0,301,4
296,0,301,5
297,0,302,1
297,0,302,2
297,0,302,3
297,0,302,4
297,0,302,5
297,0,302,6
297,0,302,7
297,0,302,8
298,0,302,9
298,0,302,10
298,0,302,11
298,0,302,12
298,0,302,13
298,0,302,14
298,0,302,15
302,0,304,1
302,0,304,2
302,0,304,3
302,0,304,4
302,0,304,5
302,0,304,6
302,0,304,7
302,0,304,8
302,0,304,9
302,0,304,10
302,0,304,11
300,1,306,1
300,2,306,2
300,3,306,3
300,4,306,4
300,5,306,5
300,6,306,6
309,0,313,1
310,0,313,2
310,0,313,3
310,0,313,4
311,0,313,5
311,0,313,6
309,0,314,1
309,0,314,2
309,0,314,3
309,0,314,4
309,0,314,5
310,0,315,1
310,0,315,2
310,0,315,3
310,0,315,4
310,0,315,5
310,0,315,6
310,0,315,7
310,0,315,8
311,0,315,9
311,0,315,10
311,0,315,11
311,0,315,12
311,0,315,13
311,0,315,14
311,0,315,15
315,0,317,1
315,0,317,2
315,0,317,3
315,0,317,4
315,0,317,5
315,0,317,6
315,0,317,7
315,0,317,8
315,0,317,9
313,1,319,1
313,2,319,2
313,3,319,3
313,4,319,4
313,5,319,5
313,6,319,6
323,7,325,1
323,9,325,2
323,8,326,1
323,10,326,2
323,1,328,1
325,1,328,2
323,2,329,1
326,1,329,2
323,3,330,1
323,6,330,2
323,4,331,1
323,5,331,2
328,1,333,1
331,1,333,2
329,1,334,1
330,1,334,2
333,1,336,1
334,1,336,2
343,1,345,1
343,16,345,2
343,2,346,1
343,15,346,2
343,3,347,1
343,14,347,2
343,4,348,1
343,13,348,2
343,5,349,1
343,12,349,2
343,6,350,1
343,11,350,2
343,7,351,1
343,10,351,2
343,8,352,1
343,9,352,2
345,1,354,1
352,1,354,2
346,1,355,1
351,1,355,2
347,1,356,1
350,1,356,2
348,1,357,1
349,1,357,2
354,1,359,1
357,1,359,2
355,1,360,1
356,1,360,2
359,1,362,1
360,1,362,2
365,1,367,1
365,2,367,2
365,3,367,3
365,4,367,4
365,5,367,5
365,6,367,6
371,5,373,1
371,12,373,2
371,6,374,1
371,11,374,2
371,7,375,1
371,10,375,2
371,8,376,1
371,9,376,2
371,1,378,1
376,1,378,2
371,2,379,1
375,1,379,2
371,3,380,1
374,1,380,2
371,4,381,1
373,1,381,2
378,1,383,1
381,1,383,2
379,1,384,1
380,1,384,2
383,1,386,1
384,1,386,2
396,1,398,1
396,2,398,2
396,3,398,3
396,4,398,4
396,5,398,5
396,6,398,6
396,7,398,7
396,8,398,8
396,9,398,9
396,10,398,10
396,11,398,11
396,12,398,12
396,13,398,13
396,14,398,14
396,15,398,15
396,16,398,16
396,17,398,17
396,18,398,18
396,19,398,19
396,20,398,20
396,21,398,21
396,22,398,22
396,23,398,23
396,24,398,24
398,1,400,1
398,2,400,2
398,3,401,1
398,4,401,2
398,5,402,1
398,6,402,2
398,7,403,1
398,8,403,2
398,9,404,1
398,10,404,2
398,11,405,1
398,12,405,2
398,13,406,1
398,14,406,2
398,15,407,1
398,16,407,2
400,2,409,1
400,1,409,2
401,2,410,1
401,1,410,2
402,2,411,1
402,1,411,2
403,2,412,1
403,1,412,2
404,2,413,1
404,1,413,2
405,2,414,1
405,1,414,2
406,2,415,1
406,1,415,2
407,2,416,1
407,1,416,2
398,17,418,25
398,18,418,26
398,19,418,27
398,20,418,28
398,21,418,29
398,22,418,30
398,23,418,31
398,24,418,32
409,1,418,33
410,1,418,34
411,1,418,35
412,1,418,36
413,1,418,37
414,1,418,38
415,1,418,39
416,1,418,40
418,1,420,1
418,2,420,2
418,3,421,1
418,4,421,2
418,5,422,1
418,6,422,2
418,7,423,1
418,8,423,2
418,9,424,1
418,10,424,2
418,11,425,1
418,12,425,2
418,13,426,1
418,14,426,2
418,15,427,1
418,16,427,2
418,17,428,1
418,18,428,2
418,19,429,1
418,20,429,2
418,21,430,1
418,22,430,2
418,23,431,1
418,24,431,2
418,25,432,1
418,26,432,2
418,27,433,1
418,28,433,2
418,29,434,1
418,30,434,2
418,31,435,1
418,32,435,2
418,33,436,1
418,34,436,2
418,35,437,1
418,36,437,2
418,37,438,1
418,38,438,2
418,39,439,1
418,40,439,2
420,2,441,1
420,1,441,2
421,2,442,1
421,1,442,2
422,2,443,1
422,1,443,2
423,2,444,1
423,1,444,2
424,2,445,1
424,1,445,2
425,2,446,1
425,1,446,2
426,2,447,1
426,1,447,2
427,2,448,1
427,1,448,2
428,2,449,1
428,1,449,2
429,2,450,1
429,1,450,2
430,2,451,1
430,1,451,2
431,2,452,1
431,1,452,2
432,2,453,1
432,1,453,2
433,2,454,1
433,1,454,2
434,2,455,1
434,1,455,2
435,2,456,1
435,1,456,2
436,2,457,1
436,1,457,2
437,2,458,1
437,1,458,2
438,2,459,1
438,1,459,2
439,2,460,1
439,1,460,2
441,1,462,45
442,1,462,46
443,1,462,47
444,1,462,48
445,1,462,49
446,1,462,50
447,1,462,51
448,1,462,52
449,1,462,53
450,1,462,54
451,1,462,55
452,1,462,56
453,1,462,57
454,1,462,58
455,1,462,59
456,1,462,60
457,1,462,61
458,1,462,62
459,1,462,63
460,1,462,64
462,1,464,1
462,2,464,2
462,3,465,1
462,4,465,2
462,5,466,1
462,6,466,2
462,7,467,1
462,8,467,2
462,9,468,1
462,10,468,2
462,11,469,1
462,12,469,2
462,13,470,1
462,14,470,2
462,15,471,1
462,16,471,2
462,17,472,1
462,18,472,2
462,19,473,1
462,20,473,2
462,21,474,1
462,22,474,2
462,23,475,1
462,24,475,2
462,25,476,1
462,26,476,2
462,27,477,1
462,28,477,2
462,29,478,1
462,30,478,2
462,31,479,1
462,32,479,2
462,33,480,1
462,34,480,2
462,35,481,1
462,36,481,2
462,37,482,1
462,38,482,2
462,39,483,1
462,40,483,2
462,41,484,1
462,42,484,2
462,43,485,1
462,44,485,2
462,45,486,1
462,46,486,2
462,47,487,1
462,48,487,2
462,49,488,1
462,50,488,2
462,51,489,1
462,52,489,2
462,53,490,1
462,54,490,2
462,55,491,1
462,56,491,2
462,57,492,1
462,58,492,2
462,59,493,1
462,60,493,2
462,61,494,1
462,62,494,2
462,63,495,1
462,64,495,2
464,2,497,1
464,1,497,2
465,2,498,1
465,1,498,2
466,2,499,1
466,1,499,2
467,2,500,1
467,1,500,2
468,2,501,1
468,1,501,2
469,2,502,1
469,1,502,2
470,2,503,1
470,1,503,2
471,2,504,1
471,1,504,2
472,2,505,1
472,1,505,2
473,2,506,1
473,1,506,2
474,2,507,1
474,1,507,2
475,2,508,1
475,1,508,2
476,2,509,1
476,1,509,2
477,2,510,1
477,1,510,2
478,2,511,1
478,1,511,2
479,2,512,1
479,1,512,2
480,2,513,1
480,1,513,2
481,2,514,1
481,1,514,2
482,2,515,1
482,1,515,2
483,2,516,1
483,1,516,2
484,2,517,1
484,1,517,2
485,2,518,1
485,1,518,2
486,2,519,1
486,1,519,2
487,2,520,1
487,1,520,2
488,2,521,1
488,1,521,2
489,2,522,1
489,1,522,2
490,2,523,1
490,1,523,2
491,2,524,1
491,1,524,2
492,2,525,1
492,1,525,2
493,2,526,1
493,1,526,2
494,2,527,1
494,1,527,2
495,2,528,1
495,1,528,2
497,1,530,1
498,1,530,2
499,1,530,3
500,1,530,4
501,1,530,5
502,1,530,6
503,1,530,7
504,1,530,8
505,1,530,9
506,1,530,10
507,1,530,11
508,1,530,12
509,1,530,13
510,1,530,14
511,1,530,15
512,1,530,16
513,1,530,17
514,1,530,18
515,1,530,19
516,1,530,20
517,1,530,21
518,1,530,22
519,1,530,23
520,1,530,24
521,1,530,25
522,1,530,26
523,1,530,27
524,1,530,28
525,1,530,29
526,1,530,30
527,1,530,31
528,1,530,32
530,1,532,1
530,2,532,2
530,3,533,1
530,4,533,2
530,5,534,1
530,6,534,2
530,7,535,1
530,8,535,2
530,9,536,1
530,10,536,2
530,11,537,1
530,12,537,2
530,13,538,1
530,14,538,2
530,15,539,1
530,16,539,2
530,17,540,1
530,18,540,2
530,19,541,1
530,20,541,2
530,21,542,1
530,22,542,2
530,23,543,1
530,24,543,2
530,25,544,1
530,26,544,2
530,27,545,1
530,28,545,2
530,29,546,1
530,30,546,2
530,31,547,1
530,32,547,2
532,2,549,1
532,1,549,2
533,2,550,1
533,1,550,2
534,2,551,1
534,1,551,2
535,2,552,1
535,1,552,2
536,2,553,1
536,1,553,2
537,2,554,1
537,1,554,2
538,2,555,1
538,1,555,2
539,2,556,1
539,1,556,2
540,2,557,1
540,1,557,2
541,2,558,1
541,1,558,2
542,2,559,1
542,1,559,2
543,2,560,1
543,1,560,2
544,2,561,1
544,1,561,2
545,2,562,1
545,1,562,2
546,2,563,1
546,1,563,2
547,2,564,1
547,1,564,2
549,1,566,1
550,1,566,2
551,1,566,3
552,1,566,4
553,1,566,5
554,1,566,6
555,1,566,7
556,1,566,8
557,1,566,9
558,1,566,10
559,1,566,11
560,1,566,12
561,1,566,13
562,1,566,14
563,1,566,15
564,1,566,16
566,1,568,1
566,2,568,2
566,3,569,1
566,4,569,2
566,5,570,1
566,6,570,2
566,7,571,1
566,8,571,2
566,9,572,1
566,10,572,2
566,11,573,1
566,12,573,2
566,13,574,1
566,14,574,2
566,15,575,1
566,16,575,2
568,2,577,1
568,1,577,2
569,2,578,1
569,1,578,2
570,2,579,1
570,1,579,2
571,2,580,1
571,1,580,2
572,2,581,1
572,1,581,2
573,2,582,1
573,1,582,2
574,2,583,1
574,1,583,2
575,2,584,1
575,1,584,2
577,1,586,1
578,1,586,2
579,1,586,3
580,1,586,4
581,1,586,5
582,1,586,6
583,1,586,7
584,1,586,8
586,1,588,1
586,2,588,2
586,3,589,1
586,4,589,2
586,5,590,1
586,6,590,2
586,7,591,1
586,8,591,2
588,2,593,1
588,1,593,2
589,2,594,1
589,1,594,2
590,2,595,1
590,1,595,2
591,2,596,1
591,1,596,2
593,1,598,1
594,1,598,2
595,1,598,3
596,1,598,4
598,1,600,1
598,2,600,2
598,3,601,1
598,4,601,2
600,1,603,1
601,1,603,2
606,1,609,1
606,2,609,2
606,3,609,3
606,4,609,4
606,5,609,5
606,6,609,6
606,7,609,7
606,8,609,8
606,9,609,9
606,10,609,10
606,11,609,11
606,12,609,12
606,13,609,13
606,14,609,14
606,15,609,15
606,16,609,16
606,17,609,17
606,18,609,18
606,19,609,19
606,20,609,20
606,21,609,21
606,22,609,22
606,23,609,23
606,24,609,24
606,25,609,25
606,26,609,26
606,27,609,27
606,28,609,28
606,29,609,29
606,30,609,30
606,31,609,31
606,32,609,32
606,33,609,33
606,34,609,34
606,35,609,35
606,36,609,36
606,37,609,37
606,38,609,38
606,39,609,39
606,40,609,40
606,41,609,41
606,42,609,42
606,43,609,43
606,44,609,44
606,45,609,45
606,46,609,46
606,47,609,47
606,48,609,48
606,49,609,49
606,50,609,50
606,51,609,51
606,52,609,52
606,53,609,53
606,54,609,54
606,55,609,55
606,56,609,56
606,57,609,57
606,58,609,58
606,59,609,59
606,60,609,60
606,61,609,61
606,62,609,62
606,63,609,63
606,64,609,64
606,65,609,65
606,66,609,66
606,67,609,67
606,68,609,68
606,69,609,69
606,70,609,70
606,71,609,71
606,72,609,72
609,1,611,1
609,2,611,2
609,3,612,1
609,4,612,2
609,5,613,1
609,6,613,2
609,7,614,1
609,8,614,2
609,9,615,1
609,10,615,2
609,11,616,1
609,12,616,2
609,13,617,1
609,14,617,2
609,15,618,1
609,16,618,2
609,17,619,1
609,18,619,2
609,19,620,1
609,20,620,2
609,21,621,1
609,22,621,2
609,23,622,1
609,24,622,2
609,25,623,1
609,26,623,2
609,27,624,1
609,28,624,2
609,29,625,1
609,30,625,2
609,31,626,1
609,32,626,2
609,33,627,1
609,34,627,2
609,35,628,1
609,36,628,2
609,37,629,1
609,38,629,2
609,39,630,1
609,40,630,2
609,41,631,1
609,42,631,2
609,43,632,1
609,44,632,2
609,45,633,1
609,46,633,2
609,47,634,1
609,48,634,2
609,49,635,1
609,50,635,2
609,51,636,1
609,52,636,2
609,53,637,1
609,54,637,2
609,55,638,1
609,56,638,2
609,57,639,1
609,58,639,2
609,59,640,1
609,60,640,2
609,61,641,1
609,62,641,2
609,63,642,1
609,64,642,2
609,65,643,1
609,66,643,2
609,67,644,1
609,68,644,2
609,69,645,1
609,70,645,2
609,71,646,1
609,72,646,2
607,9,648,1
607,10,648,2
607,11,648,3
607,12,648,4
607,13,648,5
607,14,648,6
607,15,648,7
607,16,648,8
607,17,648,9
607,18,648,10
607,19,648,11
607,20,648,12
611,1,648,13
612,1,648,14
613,1,648,15
614,1,648,16
615,1,648,17
616,1,648,18
617,1,648,19
618,1,648,20
619,1,648,21
620,1,648,22
621,1,648,23
622,1,648,24
623,1,648,25
624,1,648,26
625,1,648,27
626,1,648,28
627,1,648,29
628,1,648,30
629,1,648,31
630,1,648,32
631,1,648,33
632,1,648,34
633,1,648,35
634,1,648,36
635,1,648,37
636,1,648,38
637,1,648,39
638,1,648,40
639,1,648,41
640,1,648,42
641,1,648,43
642,1,648,44
643,1,648,45
644,1,648,46
645,1,648,47
646,1,648,48
648,1,650,1
648,2,650,2
648,3,651,1
648,4,651,2
648,5,652,1
648,6,652,2
648,7,653,1
648,8,653,2
648,9,654,1
648,10,654,2
648,11,655,1
648,12,655,2
648,13,656,1
648,14,656,2
648,15,657,1
648,16,657,2
648,17,658,1
648,18,658,2
648,19,659,1
648,20,659,2
648,21,660,1
648,22,660,2
648,23,661,1
648,24,661,2
648,25,662,1
648,26,662,2
648,27,663,1
648,28,663,2
648,29,664,1
648,30,664,2
648,31,665,1
648,32,665,2
648,33,666,1
648,34,666,2
648,35,667,1
648,36,667,2
648,37,668,1
648,38,668,2
648,39,669,1
648,40,669,2
648,41,670,1
648,42,670,2
648,43,671,1
648,44,671,2
648,45,672,1
648,46,672,2
648,47,673,1
648,48,673,2
607,1,675,1
607,2,675,2
607,3,675,3
607,4,675,4
607,5,675,5
607,6,675,6
607,7,675,7
607,8,675,8
650,1,675,9
651,1,675,10
652,1,675,11
653,1,675,12
654,1,675,13
655,1,675,14
656,1,675,15
657,1,675,16
658,1,675,17
659,1,675,18
660,1,675,19
661,1,675,20
662,1,675,21
663,1,675,22
664,1,675,23
665,1,675,24
666,1,675,25
667,1,675,26
668,1,675,27
669,1,675,28
670,1,675,29
671,1,675,30
672,1,675,31
673,1,675,32
675,1,677,1
675,2,677,2
675,3,678,1
675,4,678,2
675,5,679,1
675,6,679,2
675,7,680,1
675,8,680,2
675,9,681,1
675,10,681,2
675,11,682,1
675,12,682,2
675,13,683,1
675,14,683,2
675,15,684,1
675,16,684,2
675,17,685,1
675,18,685,2
675,19,686,1
675,20,686,2
675,21,687,1
675,22,687,2
675,23,688,1
675,24,688,2
675,25,689,1
675,26,689,2
675,27,690,1
675,28,690,2
675,29,691,1
675,30,691,2
675,31,692,1
675,32,692,2
677,1,694,1
678,1,694,2
679,1,694,3
680,1,694,4
681,1,694,5
682,1,694,6
683,1,694,7
684,1,694,8
685,1,694,9
686,1,694,10
687,1,694,11
688,1,694,12
689,1,694,13
690,1,694,14
691,1,694,15
692,1,694,16
694,1,696,1
694,2,696,2
694,3,697,1
694,4,697,2
694,5,698,1
694,6,698,2
694,7,699,1
694,8,699,2
694,9,700,1
694,10,700,2
694,11,701,1
694,12,701,2
694,13,702,1
694,14,702,2
694,15,703,1
694,16,703,2
696,1,705,1
697,1,705,2
698,1,705,3
699,1,705,4
700,1,705,5
701,1,705,6
702,1,705,7
703,1,705,8
705,1,707,1
705,2,707,2
705,3,708,1
705,4,708,2
705,5,709,1
705,6,709,2
705,7,710,1
705,8,710,2
707,1,712,1
708,1,712,2
709,1,712,3
710,1,712,4
712,1,714,1
712,2,714,2
712,3,715,1
712,4,715,2
714,1,717,1
715,1,717,2
720,1,722,1
720,2,722,2
720,3,722,3
720,4,722,4
720,5,722,5
720,6,722,6
720,7,722,7
720,8,722,8
720,9,722,9
720,10,722,10
720,11,722,11
720,12,722,12
720,13,722,13
720,14,722,14
720,15,722,15
720,16,722,16
720,17,722,17
720,18,722,18
720,19,722,19
720,20,722,20
720,21,722,21
720,22,722,22
720,23,722,23
720,24,722,24
720,25,722,25
720,26,722,26
720,27,722,27
720,28,722,28
720,29,722,29
720,30,722,30
720,31,722,31
720,32,722,32
720,33,722,33
720,34,722,34
720,35,722,35
720,36,722,36
720,37,722,37
720,38,722,38
720,39,722,39
720,40,722,40
720,41,722,41
720,42,722,42
720,43,722,43
720,44,722,44
720,45,722,45
720,46,722,46
720,47,722,47
720,48,722,48
722,1,724,1
722,2,724,2
722,3,724,3
722,4,724,4
722,5,724,5
722,6,724,6
722,7,724,7
722,8,724,8
722,25,725,1
722,26,725,2
722,27,725,3
722,28,725,4
722,29,725,5
722,30,725,6
722,31,725,7
722,32,725,8
722,9,728,1
722,10,728,2
722,11,729,1
722,12,729,2
722,13,730,1
722,14,730,2
722,15,731,1
722,16,731,2
722,17,733,1
722,18,733,2
722,19,734,1
722,20,734,2
722,21,735,1
722,22,735,2
722,23,736,1
722,24,736,2
722,33,738,1
722,34,738,2
722,35,739,1
722,36,739,2
722,37,740,1
722,38,740,2
722,39,741,1
722,40,741,2
722,41,743,1
722,42,743,2
722,43,744,1
722,44,744,2
722,45,745,1
722,46,745,2
722,47,746,1
722,48,746,2
724,1,748,1
724,2,748,2
724,3,748,3
724,4,748,4
724,5,748,5
724,6,748,6
724,7,748,7
724,8,748,8
728,1,748,9
729,1,748,10
730,1,748,11
731,1,748,12
733,1,748,13
734,1,748,14
735,1,748,15
736,1,748,16
725,1,749,1
725,2,749,2
725,3,749,3
725,4,749,4
725,5,749,5
725,6,749,6
725,7,749,7
725,8,749,8
738,1,749,9
739,1,749,10
740,1,749,11
741,1,749,12
743,1,749,13
744,1,749,14
745,1,749,15
746,1,749,16
748,1,752,1
748,2,752,2
748,3,753,1
748,4,753,2
748,5,754,1
748,6,754,2
748,7,755,1
748,8,755,2
748,9,756,1
748,10,756,2
748,11,757,1
748,12,757,2
748,13,758,1
748,14,758,2
748,15,759,1
748,16,759,2
749,1,761,1
749,2,761,2
749,3,762,1
749,4,762,2
749,5,763,1
749,6,763,2
749,7,764,1
749,8,764,2
749,9,765,1
749,10,765,2
749,11,766,1
749,12,766,2
749,13,767,1
749,14,767,2
749,15,768,1
749,16,768,2
752,1,770,1
753,1,770,2
754,1,770,3
755,1,770,4
756,1,770,5
757,1,770,6
758,1,770,7
759,1,770,8
761,1,771,1
762,1,771,2
763,1,771,3
764,1,771,4
765,1,771,5
766,1,771,6
767,1,771,7
768,1,771,8
770,1,774,1
770,2,774,2
770,3,775,1
770,4,775,2
770,5,776,1
770,6,776,2
770,7,777,1
770,8,777,2
771,1,779,1
771,2,779,2
771,3,780,1
771,4,780,2
771,5,781,1
771,6,781,2
771,7,782,1
771,8,782,2
774,1,784,1
775,1,784,2
776,1,784,3
777,1,784,4
779,1,785,1
780,1,785,2
781,1,785,3
782,1,785,4
784,1,788,1
784,2,788,2
784,3,789,1
784,4,789,2
785,1,791,1
785,2,791,2
785,3,792,1
785,4,792,2
788,1,794,1
789,1,794,2
791,1,795,1
792,1,795,2
794,1,797,1
795,1,797,2
803,6,814,1
803,3,814,2
803,5,815,1
803,4,815,2
815,1,817,1
814,1,817,2
806,6,822,1
806,3,822,2
806,5,823,1
806,4,823,2
823,1,825,1
822,1,825,2
809,7,830,1
809,4,830,2
809,6,831,1
809,5,831,2
831,1,833,1
830,1,833,2
841,1,843,1
841,2,843,2
841,3,843,3
841,4,843,4
841,5,843,5
841,6,843,6
841,7,843,7
841,8,843,8
841,9,843,9
841,10,843,10
841,11,843,11
841,12,843,12
841,13,843,13
841,14,843,14
841,15,843,15
841,16,843,16
841,17,843,17
841,18,843,18
841,19,843,19
841,20,843,20
843,1,845,1
843,2,845,2
843,3,846,1
843,4,846,2
843,5,847,1
843,6,847,2
843,7,848,1
843,8,848,2
843,9,849,1
843,10,849,2
843,11,850,1
843,12,850,2
843,13,851,1
843,14,851,2
843,15,852,1
843,16,852,2
840,1,854,1
840,2,854,2
840,3,854,3
840,4,854,4
840,5,854,5
840,6,854,6
840,7,854,7
840,8,854,8
840,9,854,9
840,10,854,10
840,11,854,11
840,12,854,12
840,13,854,13
840,14,854,14
840,15,854,15
840,16,854,16
840,17,854,17
840,18,854,18
840,19,854,19
840,20,854,20
843,17,854,21
843,18,854,22
843,19,854,23
843,20,854,24
845,1,854,25
846,1,854,26
847,1,854,27
848,1,854,28
849,1,854,29
850,1,854,30
851,1,854,31
852,1,854,32
854,1,856,1
854,2,856,2
854,3,857,1
854,4,857,2
854,5,858,1
854,6,858,2
854,7,859,1
854,8,859,2
854,9,860,1
854,10,860,2
854,11,861,1
854,12,861,2
854,13,862,1
854,14,862,2
854,15,863,1
854,16,863,2
854,17,864,1
854,18,864,2
854,19,865,1
854,20,865,2
854,21,866,1
854,22,866,2
854,23,867,1
854,24,867,2
854,25,868,1
854,26,868,2
854,27,869,1
854,28,869,2
854,29,870,1
854,30,870,2
854,31,871,1
854,32,871,2
856,1,873,1
857,1,873,2
858,1,873,3
859,1,873,4
860,1,873,5
861,1,873,6
862,1,873,7
863,1,873,8
864,1,873,9
865,1,873,10
866,1,873,11
867,1,873,12
868,1,873,13
869,1,873,14
870,1,873,15
871,1,873,16
873,1,875,1
873,2,875,2
873,3,876,1
873,4,876,2
873,5,877,1
873,6,877,2
873,7,878,1
873,8,878,2
873,9,879,1
873,10,879,2
873,11,880,1
873,12,880,2
873,13,881,1
873,14,881,2
873,15,882,1
873,16,882,2
875,1,884,1
876,1,884,2
877,1,884,3
878,1,884,4
879,1,884,5
880,1,884,6
881,1,884,7
882,1,884,8
884,1,886,1
884,2,886,2
884,3,887,1
884,4,887,2
884,5,888,1
884,6,888,2
884,7,889,1
884,8,889,2
886,1,891,1
887,1,891,2
888,1,891,3
889,1,891,4
891,1,893,1
891,2,893,2
891,3,894,1
891,4,894,2
893,1,896,1
894,1,896,2
900,1,902,1
900,2,902,2
900,3,902,3
900,4,902,4
900,5,902,5
900,6,902,6
900,7,902,7
900,8,902,8
900,9,902,9
900,10,902,10
900,11,902,11
900,12,902,12
900,13,902,13
900,14,902,14
900,15,902,15
900,16,902,16
900,17,902,17
900,18,902,18
900,19,902,19
900,20,902,20
902,1,904,1
902,2,904,2
902,3,905,1
902,4,905,2
902,5,906,1
902,6,906,2
902,7,907,1
902,8,907,2
902,9,908,1
902,10,908,2
902,11,909,1
902,12,909,2
902,13,910,1
902,14,910,2
902,15,911,1
902,16,911,2
899,1,913,1
899,2,913,2
899,3,913,3
899,4,913,4
899,5,913,5
899,6,913,6
899,7,913,7
899,8,913,8
899,9,913,9
899,10,913,10
899,11,913,11
899,12,913,12
899,13,913,13
899,14,913,14
899,15,913,15
899,16,913,16
899,17,913,17
899,18,913,18
899,19,913,19
899,20,913,20
902,17,913,21
902,18,913,22
902,19,913,23
902,20,913,24
904,1,913,25
905,1,913,26
906,1,913,27
907,1,913,28
908,1,913,29
909,1,913,30
910,1,913,31
911,1,913,32
913,1,915,1
913,2,915,2
913,3,916,1
913,4,916,2
913,5,917,1
913,6,917,2
913,7,918,1
913,8,918,2
913,9,919,1
913,10,919,2
913,11,920,1
913,12,920,2
913,13,921,1
913,14,921,2
913,15,922,1
913,16,922,2
913,17,923,1
913,18,923,2
913,19,924,1
913,20,924,2
913,21,925,1
913,22,925,2
913,23,926,1
913,24,926,2
913,25,927,1
913,26,927,2
913,27,928,1
913,28,928,2
913,29,929,1
913,30,929,2
913,31,930,1
913,32,930,2
915,1,932,1
916,1,932,2
917,1,932,3
918,1,932,4
919,1,932,5
920,1,932,6
921,1,932,7
922,1,932,8
923,1,932,9
924,1,932,10
925,1,932,11
926,1,932,12
927,1,932,13
928,1,932,14
929,1,932,15
930,1,932,16
932,1,934,1
932,2,934,2
932,3,935,1
932,4,935,2
932,5,936,1
932,6,936,2
932,7,937,1
932,8,937,2
932,9,938,1
932,10,938,2
932,11,939,1
932,12,939,2
932,13,940,1
932,14,940,2
932,15,941,1
932,16,941,2
934,1,943,1
935,1,943,2
936,1,943,3
937,1,943,4
938,1,943,5
939,1,943,6
940,1,943,7
941,1,943,8
943,1,945,1
943,2,945,2
943,3,946,1
943,4,946,2
943,5,947,1
943,6,947,2
943,7,948,1
943,8,948,2
945,1,950,1
946,1,950,2
947,1,950,3
948,1,950,4
950,1,952,1
950,2,952,2
950,3,953,1
950,4,953,2
952,1,955,1
953,1,955,2
966,1,968,1
966,2,968,2
966,3,968,3
966,4,968,4
966,5,968,5
966,6,968,6
966,7,968,7
966,8,968,8
966,9,968,9
966,10,968,10
966,11,968,11
966,12,968,12
966,13,968,13
966,14,968,14
966,15,968,15
966,16,968,16
966,17,968,17
966,18,968,18
968,1,970,1
968,2,970,2
968,3,971,1
968,4,971,2
968,5,972,1
968,6,972,2
968,7,973,1
968,8,973,2
965,1,975,1
965,2,975,2
965,3,975,3
965,4,975,4
965,5,975,5
965,6,975,6
965,7,975,7
965,8,975,8
965,9,975,9
965,10,975,10
965,11,975,11
965,12,975,12
965,13,975,13
965,14,975,14
965,15,975,15
965,16,975,16
965,17,975,17
965,18,975,18
968,9,975,19
968,10,975,20
968,11,975,21
968,12,975,22
968,13,975,23
968,14,975,24
968,15,975,25
968,16,975,26
968,17,975,27
968,18,975,28
970,1,975,29
971,1,975,30
972,1,975,31
973,1,975,32
975,1,977,1
975,2,977,2
975,3,978,1
975,4,978,2
975,5,979,1
975,6,979,2
975,7,980,1
975,8,980,2
975,9,981,1
975,10,981,2
975,11,982,1
975,12,982,2
975,13,983,1
975,14,983,2
975,15,984,1
975,16,984,2
975,17,985,1
975,18,985,2
975,19,986,1
975,20,986,2
975,21,987,1
975,22,987,2
975,23,988,1
975,24,988,2
975,25,989,1
975,26,989,2
975,27,990,1
975,28,990,2
975,29,991,1
975,30,991,2
975,31,992,1
975,32,992,2
977,1,994,1
978,1,994,2
979,1,994,3
980,1,994,4
981,1,994,5
982,1,994,6
983,1,994,7
984,1,994,8
985,1,994,9
986,1,994,10
987,1,994,11
988,1,994,12
989,1,994,13
990,1,994,14
991,1,994,15
992,1,994,16
994,1,996,1
994,2,996,2
994,3,997,1
994,4,997,2
994,5,998,1
994,6,998,2
994,7,999,1
994,8,999,2
994,9,1000,1
994,10,1000,2
994,11,1001,1
994,12,1001,2
994,13,1002,1
994,14,1002,2
994,15,1003,1
994,16,1003,2
996,1,1005,1
997,1,1005,2
998,1,1005,3
999,1,1005,4
1000,1,1005,5
1001,1,1005,6
1002,1,1005,7
1003,1,1005,8
1005,1,1007,1
1005,2,1007,2
1005,3,1008,1
1005,4,1008,2
1005,5,1009,1
1005,6,1009,2
1005,7,1010,1
1005,8,1010,2
1007,1,1012,1
1008,1,1012,2
1009,1,1012,3
1010,1,1012,4
1012,1,1014,1
1012,2,1014,2
1012,3,1015,1
1012,4,1015,2
1014,1,1017,1
1015,1,1017,2
1020,16,1028,1
1023,3,1028,2
1032,6,1034,1
1032,11,1034,2
1032,7,1035,1
1032,10,1035,2
1032,8,1036,1
1032,9,1036,2
1032,5,1037,1
1032,12,1037,2
1034,2,1039,1
1034,1,1039,2
1035,2,1040,1
1035,1,1040,2
1036,2,1041,1
1036,1,1041,2
1037,2,1042,1
1037,1,1042,2
1032,1,1044,1
1039,1,1044,2
1032,2,1045,1
1040,1,1045,2
1032,3,1046,1
1041,1,1046,2
1032,4,1047,1
1042,1,1047,2
1044,2,1049,1
1044,1,1049,2
1045,2,1050,1
1045,1,1050,2
1046,2,1051,1
1046,1,1051,2
1047,2,1052,1
1047,1,1052,2
1049,1,1054,1
1052,1,1054,2
1050,1,1055,1
1051,1,1055,2
1054,1,1057,1
1055,1,1057,2
1068,1,1070,1
1068,2,1070,2
1068,3,1070,3
1068,4,1070,4
1068,5,1070,5
1068,6,1070,6
1068,7,1070,7
1068,8,1070,8
1068,9,1070,9
1068,10,1070,10
1068,11,1070,11
1068,12,1070,12
1068,13,1070,13
1068,14,1070,14
1068,15,1070,15
1068,16,1070,16
1068,17,1070,17
1068,18,1070,18
1068,19,1070,19
1068,20,1070,20
1068,21,1070,21
1068,22,1070,22
1070,19,1072,1
1070,20,1072,2
1070,21,1073,1
1070,22,1073,2
1067,9,1075,1
1070,1,1075,2
1070,16,1076,1
1073,1,1076,2
1067,13,1077,1
1070,5,1077,2
1067,20,1078,1
1070,12,1078,2
1067,12,1079,1
1070,4,1079,2
1070,13,1080,1
1070,18,1080,2
1067,16,1081,1
1070,8,1081,2
1067,17,1082,1
1070,9,1082,2
1067,10,1083,1
1070,2,1083,2
1070,15,1084,1
1072,1,1084,2
1067,14,1085,1
1070,6,1085,2
1067,19,1086,1
1070,11,1086,2
1067,11,1087,1
1070,3,1087,2
1070,14,1088,1
1070,17,1088,2
1067,15,1089,1
1070,7,1089,2
1067,18,1090,1
1070,10,1090,2
1075,1,1092,1
1076,1,1092,2
1077,1,1093,1
1078,1,1093,2
1079,1,1094,1
1080,1,1094,2
1081,1,1095,1
1082,1,1095,2
1083,1,1096,1
1084,1,1096,2
1085,1,1097,1
1086,1,1097,2
1087,1,1098,1
1088,1,1098,2
1089,1,1099,1
1090,1,1099,2
1067,1,1101,1
1099,1,1101,2
1067,8,1102,1
1092,1,1102,2
1067,4,1103,1
1096,1,1103,2
1067,5,1104,1
1095,1,1104,2
1067,2,1105,1
1098,1,1105,2
1067,7,1106,1
1093,1,1106,2
1067,3,1107,1
1097,1,1107,2
1067,6,1108,1
1094,1,1108,2
1101,1,1110,1
1102,1,1110,2
1103,1,1111,1
1104,1,1111,2
1105,1,1112,1
1106,1,1112,2
1107,1,1113,1
1108,1,1113,2
1110,1,1115,1
1111,1,1115,2
1112,1,1116,1
1113,1,1116,2
1115,1,1118,1
1116,1,1118,2
1128,15,1130,1
1128,18,1130,2
1128,16,1131,1
1128,17,1131,2
1128,1,1133,1
1130,1,1133,2
1128,2,1134,1
1131,1,1134,2
1128,3,1135,1
1128,14,1135,2
1128,4,1136,1
1128,13,1136,2
1128,5,1137,1
1128,12,1137,2
1128,6,1138,1
1128,11,1138,2
1128,7,1139,1
1128,10,1139,2
1128,8,1140,1
1128,9,1140,2
1133,1,1142,1
1140,1,1142,2
1134,1,1143,1
1139,1,1143,2
1135,1,1144,1
1138,1,1144,2
1136,1,1145,1
1137,1,1145,2
1142,1,1147,1
1145,1,1147,2
1143,1,1148,1
1144,1,1148,2
1147,1,1150,1
1148,1,1150,2
1157,1,1159,1
1157,16,1159,2
1157,2,1160,1
1157,15,1160,2
1157,3,1161,1
1157,14,1161,2
1157,4,1162,1
1157,13,1162,2
1157,5,1163,1
1157,12,1163,2
1157,6,1164,1
1157,11,1164,2
1157,7,1165,1
1157,10,1165,2
1157,8,1166,1
1157,9,1166,2
1159,1,1168,1
1166,1,1168,2
1160,1,1169,1
1165,1,1169,2
1161,1,1170,1
1164,1,1170,2
1162,1,1171,1
1163,1,1171,2
1168,1,1173,1
1171,1,1173,2
1169,1,1174,1
1170,1,1174,2
1173,1,1176,1
1174,1,1176,2
1183,1,1185,1
1183,16,1185,2
1183,2,1186,1
1183,15,1186,2
1183,3,1187,1
1183,14,1187,2
1183,4,1188,1
1183,13,1188,2
1183,5,1189,1
1183,12,1189,2
1183,6,1190,1
1183,11,1190,2
1183,7,1191,1
1183,10,1191,2
1183,8,1192,1
1183,9,1192,2
1185,1,1194,1
1192,1,1194,2
1186,1,1195,1
1191,1,1195,2
1187,1,1196,1
1190,1,1196,2
1188,1,1197,1
1189,1,1197,2
1194,1,1199,1
1197,1,1199,2
1195,1,1200,1
1196,1,1200,2
1199,1,1202,1
1200,1,1202,2
1205,1,1207,1
1205,2,1207,2
1205,3,1207,3
1205,4,1207,4
1205,5,1207,5
1205,6,1207,6
1205,7,1207,7
1205,8,1207,8
1205,9,1208,1
1205,10,1208,2
1205,11,1208,3
1205,12,1208,4
1205,13,1208,5
1205,14,1208,6
1205,15,1208,7
1205,16,1208,8
1212,1,1214,1
1212,16,1214,2
1212,2,1215,1
1212,15,1215,2
1212,3,1216,1
1212,14,1216,2
1212,4,1217,1
1212,13,1217,2
1212,5,1218,1
1212,12,1218,2
1212,6,1219,1
1212,11,1219,2
1212,7,1220,1
1212,10,1220,2
1212,8,1221,1
1212,9,1221,2
1214,1,1223,1
1221,1,1223,2
1215,1,1224,1
1220,1,1224,2
1216,1,1225,1
1219,1,1225,2
1217,1,1226,1
1218,1,1226,2
1223,1,1228,1
1226,1,1228,2
1224,1,1229,1
1225,1,1229,2
1228,1,1231,1
1229,1,1231,2
1238,1,1240,1
1238,16,1240,2
1238,2,1241,1
1238,15,1241,2
1238,3,1242,1
1238,14,1242,2
1238,4,1243,1
1238,13,1243,2
1238,5,1244,1
1238,12,1244,2
1238,6,1245,1
1238,11,1245,2
1238,7,1246,1
1238,10,1246,2
1238,8,1247,1
1238,9,1247,2
1240,1,1249,1
1247,1,1249,2
1241,1,1250,1
1246,1,1250,2
1242,1,1251,1
1245,1,1251,2
1243,1,1252,1
1244,1,1252,2
1249,1,1254,1
1252,1,1254,2
1250,1,1255,1
1251,1,1255,2
1254,1,1257,1
1255,1,1257,2
1264,5,1266,1
1264,12,1266,2
1264,6,1267,1
1264,11,1267,2
1264,7,1268,1
1264,10,1268,2
1264,8,1269,1
1264,9,1269,2
1266,2,1271,1
1266,1,1271,2
1267,2,1272,1
1267,1,1272,2
1268,2,1273,1
1268,1,1273,2
1269,2,1274,1
1269,1,1274,2
1264,1,1276,1
1271,1,1276,2
1264,2,1277,1
1272,1,1277,2
1264,3,1278,1
1273,1,1278,2
1264,4,1279,1
1274,1,1279,2
1276,2,1281,1
1276,1,1281,2
1277,2,1282,1
1277,1,1282,2
1278,2,1283,1
1278,1,1283,2
1279,2,1284,1
1279,1,1284,2
1281,1,1286,1
1284,1,1286,2
1282,1,1287,1
1283,1,1287,2
1286,1,1289,1
1287,1,1289,2
1292,1,1294,1
1292,2,1294,2
1292,3,1294,3
1292,4,1294,4
1292,5,1294,5
1292,6,1294,6
1292,7,1295,1
1292,8,1295,2
1292,9,1295,3
1292,10,1295,4
1292,11,1295,5
1292,12,1295,6
1303,1,1305,1
1303,2,1305,2
1303,3,1305,3
1303,4,1305,4
1303,5,1305,5
1303,6,1305,6
1303,7,1305,7
1303,8,1305,8
1303,9,1305,9
1303,10,1305,10
1303,11,1305,11
1303,12,1305,12
1303,13,1305,13
1303,14,1305,14
1303,15,1305,15
1303,16,1305,16
1303,17,1305,17
1303,18,1305,18
1303,19,1305,19
1303,20,1305,20
1303,21,1305,21
1303,22,1305,22
1305,3,1307,1
1305,4,1307,2
1305,5,1308,1
1305,6,1308,2
1305,7,1309,1
1305,8,1309,2
1305,9,1310,1
1305,10,1310,2
1305,11,1311,1
1305,12,1311,2
1305,13,1312,1
1305,14,1312,2
1305,15,1313,1
1305,16,1313,2
1305,17,1314,1
1305,18,1314,2
1305,19,1315,1
1305,20,1315,2
1305,21,1316,1
1305,22,1316,2
1302,1,1318,1
1305,1,1318,2
1302,8,1319,1
1311,1,1319,2
1302,9,1320,1
1310,1,1320,2
1302,16,1321,1
1302,17,1321,2
1302,4,1322,1
1315,1,1322,2
1302,5,1323,1
1314,1,1323,2
1302,12,1324,1
1307,1,1324,2
1302,13,1325,1
1302,20,1325,2
1302,2,1326,1
1305,2,1326,2
1302,7,1327,1
1312,1,1327,2
1302,10,1328,1
1309,1,1328,2
1302,15,1329,1
1302,18,1329,2
1302,3,1330,1
1316,1,1330,2
1302,6,1331,1
1313,1,1331,2
1302,11,1332,1
1308,1,1332,2
1302,14,1333,1
1302,19,1333,2
1318,1,1335,1
1319,1,1335,2
1320,1,1336,1
1321,1,1336,2
1322,1,1337,1
1323,1,1337,2
1324,1,1338,1
1325,1,1338,2
1326,1,1339,1
1327,1,1339,2
1328,1,1340,1
1329,1,1340,2
1330,1,1341,1
1331,1,1341,2
1332,1,1342,1
1333,1,1342,2
1335,1,1344,1
1336,1,1344,2
1337,1,1345,1
1338,1,1345,2
1339,1,1346,1
1340,1,1346,2
1341,1,1347,1
1342,1,1347,2
1344,1,1349,1
1345,1,1349,2
1346,1,1350,1
1347,1,1350,2
1349,1,1352,1
1350,1,1352,2
1358,6,1363,1
1358,3,1363,2
1358,5,1364,1
1358,4,1364,2
1364,1,1366,1
1363,1,1366,2
1370,1,1372,1
1370,16,1372,2
1370,2,1373,1
1370,15,1373,2
1370,3,1374,1
1370,14,1374,2
1370,4,1375,1
1370,13,1375,2
1370,5,1376,1
1370,12,1376,2
1370,6,1377,1
1370,11,1377,2
1370,7,1378,1
1370,10,1378,2
1370,8,1379,1
1370,9,1379,2
1372,1,1381,1
1379,1,1381,2
1373,1,1382,1
1378,1,1382,2
1374,1,1383,1
1377,1,1383,2
1375,1,1384,1
1376,1,1384,2
1381,1,1386,1
1384,1,1386,2
1382,1,1387,1
1383,1,1387,2
1386,1,1389,1
1387,1,1389,2
1396,7,1398,1
1396,10,1398,2
1396,8,1399,1
1396,9,1399,2
1396,1,1401,1
1398,1,1401,2
1396,2,1402,1
1399,1,1402,2
1396,3,1403,1
1396,6,1403,2
1396,4,1404,1
1396,5,1404,2
1401,1,1406,1
1404,1,1406,2
1402,1,1407,1
1403,1,1407,2
1406,1,1409,1
1407,1,1409,2
1420,0,1422,1
1426,13,1428,1
1426,16,1428,2
1426,14,1429,1
1426,15,1429,2
1426,7,1431,1
1428,1,1431,2
1426,9,1432,1
1426,12,1432,2
1426,8,1433,1
1429,1,1433,2
1426,10,1434,1
1426,11,1434,2
1431,1,1436,1
1432,1,1436,2
1433,1,1437,1
1434,1,1437,2
1426,1,1439,1
1436,1,1439,2
1426,3,1440,1
1426,6,1440,2
1426,2,1441,1
1437,1,1441,2
1426,5,1442,1
1426,4,1442,2
1439,1,1444,1
1440,1,1444,2
1441,1,1445,1
1442,1,1445,2
1444,1,1447,1
1445,1,1447,2
1450,4,1453,1
1450,5,1453,2
1451,4,1454,1
1451,5,1454,2
1453,1,1457,1
1450,1,1457,2
1450,3,1458,1
1450,2,1458,2
1454,1,1460,1
1451,1,1460,2
1451,3,1461,1
1451,2,1461,2
1457,1,1463,1
1458,1,1463,2
1460,1,1464,1
1461,1,1464,2
1463,2,1466,1
1463,1,1466,2
1464,2,1467,1
1464,1,1467,2
1466,1,1469,1
1467,1,1469,2
1469,1,1471,1
1469,2,1471,2
1475,8,1477,1
1475,1,1477,2
1475,7,1478,1
1475,2,1478,2
1475,6,1479,1
1475,3,1479,2
1475,5,1480,1
1475,4,1480,2
1477,1,1482,1
1478,1,1482,2
1479,1,1482,3
1480,1,1482,4
1482,4,1484,1
1482,1,1484,2
1482,3,1485,1
1482,2,1485,2
1484,1,1487,1
1485,1,1487,2
1487,2,1489,1
1487,1,1489,2
1492,8,1494,1
1492,1,1494,2
1492,7,1495,1
1492,2,1495,2
1492,6,1496,1
1492,3,1496,2
1492,5,1497,1
1492,4,1497,2
1494,1,1499,1
1495,1,1499,2
1496,1,1499,3
1497,1,1499,4
1499,4,1501,1
1499,1,1501,2
1499,3,1502,1
1499,2,1502,2
1501,1,1504,1
1502,1,1504,2
1504,2,1506,1
1504,1,1506,2
1513,0,1515,1
1519,3,1521,1
1519,6,1521,2
1519,4,1522,1
1519,5,1522,2
1521,1,1524,1
1522,1,1524,2
1519,1,1526,1
1524,2,1526,2
1519,2,1527,1
1524,1,1527,2
1526,1,1529,1
1527,1,1529,2
1529,1,1531,1
1529,2,1531,2
1535,1,1537,1
1535,2,1537,2
1535,3,1537,3
1535,4,1537,4
1535,5,1537,5
1535,6,1537,6
1535,7,1538,1
1535,8,1538,2
1535,9,1538,3
1535,10,1538,4
1535,11,1538,5
1535,12,1538,6
1547,1,1552,1
1550,1,1552,2
1556,8,1558,1
1556,1,1558,2
1556,7,1559,1
1556,2,1559,2
1556,6,1560,1
1556,3,1560,2
1556,5,1561,1
1556,4,1561,2
1558,1,1563,1
1559,1,1563,2
1560,1,1563,3
1561,1,1563,4
1563,4,1565,1
1563,1,1565,2
1563,3,1566,1
1563,2,1566,2
1565,1,1568,1
1566,1,1568,2
1568,2,1570,1
1568,1,1570,2
1573,8,1575,1
1573,1,1575,2
1573,7,1576,1
1573,2,1576,2
1573,6,1577,1
1573,3,1577,2
1573,5,1578,1
1573,4,1578,2
1575,1,1580,1
1576,1,1580,2
1577,1,1580,3
1578,1,1580,4
1580,4,1582,1
1580,1,1582,2
1580,3,1583,1
1580,2,1583,2
1582,1,1585,1
1583,1,1585,2
1585,2,1587,1
1585,1,1587,2
1591,1,1593,1
1591,3,1593,2
1591,5,1593,3
1591,7,1593,4
1591,2,1594,1
1591,4,1594,2
1591,6,1594,3
1591,8,1594,4
1593,1,1596,1
1594,1,1596,2
1596,2,1598,1
1596,1,1598,2
1601,1,1603,1
1601,3,1603,2
1601,5,1603,3
1601,7,1603,4
1601,2,1604,1
1601,4,1604,2
1601,6,1604,3
1601,8,1604,4
1603,1,1606,1
1604,1,1606,2
1606,2,1608,1
1606,1,1608,2
1616,0,1618,1
