3,0
3,1
3,2
3,3
3,4
3,5
3,6
3,7
5,0
5,1
5,2
5,3
6,0
6,1
6,2
6,3
8,0
8,1
9,0
9,1
11,0
11,1
13,0
13,1
16,0
16,1
16,2
16,3
17,0
17,1
17,2
18,0
18,1
18,2
18,3
19,0
19,1
19,2
19,3
19,4
19,5
19,6
19,7
19,8
19,9
19,10
19,11
19,12
19,13
19,14
19,15
20,0
20,1
20,2
20,3
20,4
22,0
22,1
22,2
22,3
22,4
22,5
23,0
23,1
23,2
24,0
24,1
24,2
24,3
24,4
24,5
24,6
24,7
24,8
25,0
25,1
26,0
26,1
26,2
27,0
27,1
27,2
27,3
28,0
28,1
29,0
30,0
30,1
32,0
32,1
32,2
32,3
33,0
33,1
33,2
33,3
34,0
34,1
34,2
34,3
35,0
35,1
35,2
35,3
36,0
36,1
36,2
36,3
37,0
37,1
37,2
37,3
38,0
38,1
38,2
38,3
39,0
39,1
39,2
39,3
41,0
41,1
41,2
41,3
42,0
42,1
42,2
42,3
43,0
43,1
43,2
43,3
44,0
44,1
44,2
44,3
45,0
45,1
45,2
45,3
46,0
46,1
46,2
46,3
47,0
47,1
47,2
47,3
48,0
48,1
48,2
48,3
50,0
50,1
51,0
51,1
52,0
52,1
53,0
53,1
54,0
54,1
55,0
55,1
56,0
56,1
57,0
57,1
59,0
59,1
60,0
60,1
61,0
61,1
62,0
62,1
64,0
64,1
65,0
65,1
67,0
67,1
69,0
69,1
72,0
72,1
73,0
73,1
75,0
75,1
76,0
76,1
78,0
78,1
80,0
80,1
83,0
83,1
83,2
83,3
83,4
83,5
84,0
84,1
84,2
84,3
84,4
84,5
85,0
85,1
85,2
85,3
85,4
85,5
86,0
86,1
86,2
86,3
86,4
86,5
88,0
88,1
88,2
88,3
89,0
89,1
89,2
89,3
90,0
90,1
90,2
90,3
91,0
91,1
91,2
91,3
92,0
92,1
92,2
92,3
93,0
93,1
93,2
93,3
95,0
95,1
95,2
95,3
95,4
95,5
97,0
97,1
97,2
97,3
99,0
99,1
100,0
100,1
101,0
101,1
102,0
102,1
103,0
103,1
104,0
104,1
105,0
105,1
106,0
106,1
108,0
108,1
109,0
109,1
110,0
110,1
111,0
111,1
113,0
113,1
114,0
114,1
116,0
116,1
119,0
119,1
122,0
122,1
122,2
122,3
123,0
123,1
123,2
123,3
124,0
124,1
124,2
124,3
125,0
125,1
125,2
125,3
126,0
126,1
126,2
126,3
127,0
127,1
127,2
127,3
128,0
128,1
128,2
128,3
129,0
129,1
129,2
129,3
131,0
131,1
131,2
131,3
132,0
132,1
132,2
132,3
133,0
133,1
133,2
133,3
134,0
134,1
134,2
134,3
135,0
135,1
135,2
135,3
136,0
136,1
136,2
136,3
137,0
137,1
137,2
137,3
138,0
138,1
138,2
138,3
140,0
140,1
140,2
140,3
140,4
140,5
140,6
140,7
141,0
141,1
141,2
141,3
141,4
141,5
141,6
141,7
143,0
143,1
144,0
144,1
145,0
145,1
146,0
146,1
147,0
147,1
148,0
148,1
149,0
149,1
150,0
150,1
152,0
152,1
152,2
152,3
152,4
152,5
152,6
152,7
154,0
154,1
155,0
155,1
156,0
156,1
157,0
157,1
159,0
159,1
159,2
159,3
161,0
161,1
162,0
162,1
164,0
164,1
167,0
167,1
167,2
167,3
168,0
168,1
168,2
168,3
169,0
169,1
169,2
169,3
170,0
170,1
170,2
170,3
171,0
171,1
171,2
171,3
172,0
172,1
172,2
172,3
173,0
173,1
173,2
173,3
174,0
174,1
174,2
174,3
175,0
175,1
175,2
175,3
176,0
176,1
176,2
176,3
177,0
177,1
177,2
177,3
178,0
178,1
178,2
178,3
179,0
179,1
179,2
179,3
179,4
179,5
179,6
179,7
181,0
181,1
181,2
181,3
182,0
182,1
182,2
182,3
183,0
183,1
183,2
183,3
184,0
184,1
184,2
184,3
185,0
185,1
185,2
185,3
186,0
186,1
186,2
186,3
187,0
187,1
187,2
187,3
188,0
188,1
188,2
188,3
189,0
189,1
189,2
189,3
190,0
190,1
190,2
190,3
191,0
191,1
191,2
191,3
192,0
192,1
192,2
192,3
194,0
194,1
194,2
194,3
194,4
194,5
194,6
194,7
196,0
196,1
196,2
196,3
196,4
196,5
196,6
196,7
196,8
196,9
196,10
196,11
196,12
196,13
196,14
196,15
197,0
197,1
197,2
197,3
197,4
197,5
197,6
197,7
197,8
197,9
197,10
197,11
197,12
197,13
197,14
197,15
199,0
199,1
200,0
200,1
201,0
201,1
202,0
202,1
203,0
203,1
204,0
204,1
205,0
205,1
206,0
206,1
207,0
207,1
208,0
208,1
209,0
209,1
210,0
210,1
211,0
211,1
212,0
212,1
213,0
213,1
214,0
214,1
216,0
216,1
216,2
216,3
216,4
216,5
216,6
216,7
216,8
216,9
216,10
216,11
216,12
216,13
216,14
216,15
218,0
218,1
219,0
219,1
220,0
220,1
221,0
221,1
222,0
222,1
223,0
223,1
224,0
224,1
225,0
225,1
227,0
227,1
227,2
227,3
227,4
227,5
227,6
227,7
229,0
229,1
230,0
230,1
231,0
231,1
232,0
232,1
234,0
234,1
234,2
234,3
236,0
236,1
237,0
237,1
239,0
239,1
242,0
242,1
242,2
242,3
244,0
244,1
245,0
245,1
247,0
247,1
249,0
249,1
252,0
252,1
252,2
252,3
252,4
252,5
254,0
254,1
254,2
255,0
255,1
255,2
257,0
257,1
258,0
258,1
260,0
260,1
262,0
262,1
265,0
265,1
265,2
265,3
265,4
265,5
265,6
265,7
265,8
265,9
266,0
266,1
268,0
268,1
268,2
269,0
269,1
269,2
270,0
270,1
270,2
271,0
271,1
271,2
273,0
273,1
273,2
273,3
274,0
274,1
274,2
274,3
275,0
275,1
275,2
275,3
277,0
277,1
277,2
279,0
279,1
281,0
281,1
282,0
282,1
283,0
283,1
284,0
284,1
286,0
286,1
287,0
287,1
289,0
289,1
291,0
291,1
294,0
294,1
294,2
294,3
294,4
294,5
294,6
294,7
294,8
294,9
294,10
294,11
294,12
294,13
294,14
294,15
296,0
296,1
296,2
296,3
297,0
297,1
297,2
297,3
298,0
298,1
298,2
298,3
299,0
299,1
299,2
299,3
301,0
301,1
301,2
301,3
301,4
301,5
301,6
301,7
303,0
303,1
304,0
304,1
305,0
305,1
306,0
306,1
308,0
308,1
308,2
308,3
310,0
310,1
311,0
311,1
313,0
313,1
315,0
315,1
318,0
318,1
318,2
318,3
318,4
318,5
318,6
318,7
320,0
320,1
320,2
320,3
321,0
321,1
321,2
321,3
323,0
323,1
324,0
324,1
326,0
326,1
328,0
328,1
331,0
331,1
331,2
331,3
331,4
331,5
331,6
331,7
331,8
331,9
331,10
331,11
331,12
331,13
333,0
333,1
334,0
334,1
335,0
335,1
336,0
336,1
337,0
337,1
338,0
338,1
340,0
340,1
341,0
341,1
342,0
342,1
343,0
343,1
345,0
345,1
346,0
346,1
348,0
348,1
351,0
351,1
351,2
351,3
351,4
351,5
351,6
351,7
351,8
351,9
351,10
351,11
351,12
351,13
354,0
354,1
354,2
354,3
354,4
354,5
354,6
354,7
356,0
356,1
357,0
357,1
358,0
358,1
359,0
359,1
361,0
361,1
362,0
362,1
364,0
364,1
366,0
366,1
369,0
369,1
369,2
369,3
369,4
369,5
369,6
369,7
369,8
369,9
369,10
369,11
371,0
371,1
371,2
371,3
371,4
371,5
372,0
372,1
372,2
372,3
372,4
372,5
374,0
374,1
375,0
375,1
377,0
377,1
381,0
381,1
381,2
381,3
381,4
381,5
382,0
382,1
382,2
382,3
382,4
382,5
382,6
382,7
382,8
382,9
382,10
383,0
383,1
383,2
383,3
383,4
383,5
383,6
383,7
383,8
383,9
383,10
383,11
383,12
383,13
385,0
385,1
385,2
385,3
385,4
385,5
386,0
386,1
386,2
386,3
386,4
387,0
387,1
387,2
387,3
387,4
387,5
387,6
387,7
387,8
387,9
387,10
387,11
387,12
387,13
387,14
389,0
389,1
389,2
389,3
389,4
389,5
389,6
389,7
389,8
389,9
389,10
391,0
391,1
391,2
391,3
391,4
391,5
394,0
394,1
394,2
394,3
394,4
394,5
395,0
395,1
395,2
395,3
395,4
395,5
395,6
395,7
395,8
395,9
395,10
396,0
396,1
396,2
396,3
396,4
396,5
396,6
396,7
396,8
396,9
396,10
396,11
396,12
396,13
398,0
398,1
398,2
398,3
398,4
398,5
399,0
399,1
399,2
399,3
399,4
400,0
400,1
400,2
400,3
400,4
400,5
400,6
400,7
400,8
400,9
400,10
400,11
400,12
400,13
400,14
402,0
402,1
402,2
402,3
402,4
402,5
402,6
402,7
402,8
404,0
404,1
404,2
404,3
404,4
404,5
409,0
409,1
409,2
409,3
409,4
409,5
409,6
409,7
411,0
411,1
411,2
411,3
412,0
412,1
412,2
412,3
414,0
414,1
415,0
415,1
417,0
417,1
421,0
421,1
421,2
421,3
421,4
421,5
424,0
424,1
424,2
424,3
424,4
424,5
424,6
424,7
426,0
426,1
426,2
426,3
427,0
427,1
427,2
427,3
429,0
429,1
430,0
430,1
432,0
432,1
436,0
436,1
436,2
436,3
436,4
436,5
436,6
436,7
436,8
436,9
443,0
443,1
443,2
443,3
443,4
443,5
443,6
443,7
443,8
443,9
443,10
443,11
443,12
443,13
443,14
443,15
443,16
443,17
443,18
443,19
443,20
443,21
443,22
443,23
443,24
443,25
443,26
443,27
443,28
443,29
443,30
443,31
443,32
443,33
443,34
443,35
443,36
443,37
443,38
443,39
443,40
443,41
443,42
443,43
443,44
443,45
443,46
443,47
443,48
443,49
443,50
443,51
443,52
443,53
443,54
443,55
443,56
443,57
443,58
443,59
446,0
446,1
446,2
446,3
446,4
446,5
446,6
446,7
446,8
446,9
446,10
446,11
446,12
446,13
446,14
446,15
446,16
446,17
446,18
446,19
446,20
446,21
446,22
446,23
446,24
446,25
446,26
446,27
446,28
446,29
446,30
446,31
446,32
446,33
446,34
446,35
446,36
446,37
446,38
446,39
