3,0
3,1
3,2
3,3
3,4
3,5
3,6
3,7
5,0
5,1
5,2
5,3
6,0
6,1
6,2
6,3
8,0
8,1
9,0
9,1
11,0
11,1
13,0
13,1
16,0
16,1
16,2
16,3
17,0
17,1
17,2
18,0
18,1
18,2
18,3
19,0
19,1
19,2
19,3
19,4
19,5
19,6
19,7
19,8
19,9
19,10
19,11
19,12
19,13
19,14
19,15
20,0
20,1
20,2
20,3
20,4
22,0
22,1
22,2
22,3
22,4
22,5
23,0
23,1
23,2
24,0
24,1
24,2
24,3
24,4
24,5
24,6
24,7
24,8
25,0
25,1
26,0
26,1
26,2
27,0
27,1
27,2
27,3
28,0
28,1
29,0
30,0
30,1
32,0
32,1
32,2
32,3
33,0
33,1
33,2
33,3
34,0
34,1
34,2
34,3
35,0
35,1
35,2
35,3
36,0
36,1
36,2
36,3
37,0
37,1
37,2
37,3
38,0
38,1
38,2
38,3
39,0
39,1
39,2
39,3
41,0
41,1
41,2
41,3
42,0
42,1
42,2
42,3
43,0
43,1
43,2
43,3
44,0
44,1
44,2
44,3
45,0
45,1
45,2
45,3
46,0
46,1
46,2
46,3
47,0
47,1
47,2
47,3
48,0
48,1
48,2
48,3
50,0
50,1
51,0
51,1
52,0
52,1
53,0
53,1
54,0
54,1
55,0
55,1
56,0
56,1
57,0
57,1
59,0
59,1
60,0
60,1
61,0
61,1
62,0
62,1
64,0
64,1
65,0
65,1
67,0
67,1
69,0
69,1
72,0
72,1
73,0
73,1
75,0
75,1
76,0
76,1
78,0
78,1
80,0
80,1
83,0
83,1
83,2
83,3
83,4
83,5
84,0
84,1
84,2
84,3
84,4
84,5
85,0
85,1
85,2
85,3
85,4
85,5
86,0
86,1
86,2
86,3
86,4
86,5
88,0
88,1
88,2
88,3
89,0
89,1
89,2
89,3
90,0
90,1
90,2
90,3
91,0
91,1
91,2
91,3
92,0
92,1
92,2
92,3
93,0
93,1
93,2
93,3
95,0
95,1
95,2
95,3
95,4
95,5
97,0
97,1
97,2
97,3
99,0
99,1
100,0
100,1
101,0
101,1
102,0
102,1
103,0
103,1
104,0
104,1
105,0
105,1
106,0
106,1
108,0
108,1
109,0
109,1
110,0
110,1
111,0
111,1
113,0
113,1
114,0
114,1
116,0
116,1
119,0
119,1
122,0
122,1
122,2
122,3
123,0
123,1
123,2
123,3
124,0
124,1
124,2
124,3
125,0
125,1
125,2
125,3
126,0
126,1
126,2
126,3
127,0
127,1
127,2
127,3
128,0
128,1
128,2
128,3
129,0
129,1
129,2
129,3
131,0
131,1
131,2
131,3
132,0
132,1
132,2
132,3
133,0
133,1
133,2
133,3
134,0
134,1
134,2
134,3
135,0
135,1
135,2
135,3
136,0
136,1
136,2
136,3
137,0
137,1
137,2
137,3
138,0
138,1
138,2
138,3
140,0
140,1
140,2
140,3
140,4
140,5
140,6
140,7
141,0
141,1
141,2
141,3
141,4
141,5
141,6
141,7
143,0
143,1
144,0
144,1
145,0
145,1
146,0
146,1
147,0
147,1
148,0
148,1
149,0
149,1
150,0
150,1
152,0
152,1
152,2
152,3
152,4
152,5
152,6
152,7
154,0
154,1
155,0
155,1
156,0
156,1
157,0
157,1
159,0
159,1
159,2
159,3
161,0
161,1
162,0
162,1
164,0
164,1
167,0
167,1
167,2
167,3
168,0
168,1
168,2
168,3
169,0
169,1
169,2
169,3
170,0
170,1
170,2
170,3
171,0
171,1
171,2
171,3
172,0
172,1
172,2
172,3
173,0
173,1
173,2
173,3
174,0
174,1
174,2
174,3
175,0
175,1
175,2
175,3
176,0
176,1
176,2
176,3
177,0
177,1
177,2
177,3
178,0
178,1
178,2
178,3
179,0
179,1
179,2
179,3
179,4
179,5
179,6
179,7
181,0
181,1
181,2
181,3
182,0
182,1
182,2
182,3
183,0
183,1
183,2
183,3
184,0
184,1
184,2
184,3
185,0
185,1
185,2
185,3
186,0
186,1
186,2
186,3
187,0
187,1
187,2
187,3
188,0
188,1
188,2
188,3
189,0
189,1
189,2
189,3
190,0
190,1
190,2
190,3
191,0
191,1
191,2
191,3
192,0
192,1
192,2
192,3
194,0
194,1
194,2
194,3
194,4
194,5
194,6
194,7
196,0
196,1
196,2
196,3
196,4
196,5
196,6
196,7
196,8
196,9
196,10
196,11
196,12
196,13
196,14
196,15
197,0
197,1
197,2
197,3
197,4
197,5
197,6
197,7
197,8
197,9
197,10
197,11
197,12
197,13
197,14
197,15
199,0
199,1
200,0
200,1
201,0
201,1
202,0
202,1
203,0
203,1
204,0
204,1
205,0
205,1
206,0
206,1
207,0
207,1
208,0
208,1
209,0
209,1
210,0
210,1
211,0
211,1
212,0
212,1
213,0
213,1
214,0
214,1
216,0
216,1
216,2
216,3
216,4
216,5
216,6
216,7
216,8
216,9
216,10
216,11
216,12
216,13
216,14
216,15
218,0
218,1
219,0
219,1
220,0
220,1
221,0
221,1
222,0
222,1
223,0
223,1
224,0
224,1
225,0
225,1
227,0
227,1
227,2
227,3
227,4
227,5
227,6
227,7
229,0
229,1
230,0
230,1
231,0
231,1
232,0
232,1
234,0
234,1
234,2
234,3
236,0
236,1
237,0
237,1
239,0
239,1
242,0
242,1
242,2
242,3
244,0
244,1
245,0
245,1
247,0
247,1
249,0
249,1
252,0
252,1
252,2
252,3
252,4
252,5
254,0
254,1
254,2
255,0
255,1
255,2
257,0
257,1
258,0
258,1
260,0
260,1
262,0
262,1
265,0
265,1
265,2
265,3
265,4
265,5
265,6
265,7
265,8
265,9
266,0
266,1
268,0
268,1
268,2
269,0
269,1
269,2
270,0
270,1
270,2
271,0
271,1
271,2
273,0
273,1
273,2
273,3
274,0
274,1
274,2
274,3
275,0
275,1
275,2
275,3
277,0
277,1
277,2
279,0
279,1
281,0
281,1
282,0
282,1
283,0
283,1
284,0
284,1
286,0
286,1
287,0
287,1
289,0
289,1
291,0
291,1
294,0
294,1
294,2
294,3
294,4
294,5
294,6
294,7
294,8
294,9
294,10
294,11
294,12
294,13
294,14
294,15
296,0
296,1
296,2
296,3
297,0
297,1
297,2
297,3
298,0
298,1
298,2
298,3
299,0
299,1
299,2
299,3
301,0
301,1
301,2
301,3
301,4
301,5
301,6
301,7
303,0
303,1
304,0
304,1
305,0
305,1
306,0
306,1
308,0
308,1
308,2
308,3
310,0
310,1
311,0
311,1
313,0
313,1
315,0
315,1
318,0
318,1
318,2
318,3
318,4
318,5
318,6
318,7
320,0
320,1
320,2
320,3
321,0
321,1
321,2
321,3
323,0
323,1
324,0
324,1
326,0
326,1
328,0
328,1
331,0
331,1
331,2
331,3
331,4
331,5
331,6
331,7
331,8
331,9
331,10
331,11
331,12
331,13
333,0
333,1
334,0
334,1
335,0
335,1
336,0
336,1
337,0
337,1
338,0
338,1
340,0
340,1
341,0
341,1
342,0
342,1
343,0
343,1
345,0
345,1
346,0
346,1
348,0
348,1
351,0
351,1
351,2
351,3
351,4
351,5
351,6
351,7
351,8
351,9
351,10
351,11
351,12
351,13
354,0
354,1
354,2
354,3
354,4
354,5
354,6
354,7
356,0
356,1
357,0
357,1
358,0
358,1
359,0
359,1
361,0
361,1
362,0
362,1
364,0
364,1
366,0
366,1
370,0
370,1
370,2
370,3
370,4
370,5
371,0
371,1
371,2
371,3
371,4
371,5
371,6
371,7
371,8
371,9
371,10
372,0
372,1
372,2
372,3
372,4
372,5
372,6
372,7
372,8
372,9
372,10
372,11
372,12
372,13
374,0
374,1
374,2
374,3
374,4
374,5
375,0
375,1
375,2
375,3
375,4
376,0
376,1
376,2
376,3
376,4
376,5
376,6
376,7
376,8
376,9
376,10
376,11
376,12
376,13
376,14
378,0
378,1
378,2
378,3
378,4
378,5
378,6
378,7
378,8
378,9
378,10
380,0
380,1
380,2
380,3
380,4
380,5
383,0
383,1
383,2
383,3
383,4
383,5
384,0
384,1
384,2
384,3
384,4
384,5
384,6
384,7
384,8
384,9
384,10
385,0
385,1
385,2
385,3
385,4
385,5
385,6
385,7
385,8
385,9
385,10
385,11
385,12
385,13
387,0
387,1
387,2
387,3
387,4
387,5
388,0
388,1
388,2
388,3
388,4
389,0
389,1
389,2
389,3
389,4
389,5
389,6
389,7
389,8
389,9
389,10
389,11
389,12
389,13
389,14
391,0
391,1
391,2
391,3
391,4
391,5
391,6
391,7
391,8
393,0
393,1
393,2
393,3
393,4
393,5
397,0
397,1
397,2
397,3
397,4
397,5
397,6
397,7
397,8
397,9
399,0
399,1
400,0
400,1
402,0
402,1
403,0
403,1
404,0
404,1
405,0
405,1
407,0
407,1
408,0
408,1
410,0
410,1
413,0
413,1
413,2
413,3
413,4
413,5
413,6
413,7
413,8
413,9
417,0
417,1
417,2
417,3
417,4
417,5
417,6
417,7
417,8
417,9
417,10
417,11
417,12
417,13
417,14
417,15
419,0
419,1
420,0
420,1
421,0
421,1
422,0
422,1
423,0
423,1
424,0
424,1
425,0
425,1
426,0
426,1
428,0
428,1
429,0
429,1
430,0
430,1
431,0
431,1
433,0
433,1
434,0
434,1
436,0
436,1
439,0
439,1
439,2
439,3
439,4
439,5
439,6
439,7
439,8
439,9
439,10
439,11
439,12
439,13
439,14
439,15
441,0
441,1
441,2
441,3
441,4
441,5
445,0
445,1
445,2
445,3
445,4
445,5
445,6
445,7
445,8
445,9
445,10
445,11
447,0
447,1
448,0
448,1
449,0
449,1
450,0
450,1
452,0
452,1
453,0
453,1
454,0
454,1
455,0
455,1
457,0
457,1
458,0
458,1
460,0
460,1
463,0
463,1
463,2
463,3
463,4
463,5
463,6
463,7
463,8
463,9
463,10
463,11
467,0
467,1
470,0
470,1
470,2
470,3
470,4
470,5
470,6
470,7
470,8
470,9
470,10
470,11
470,12
470,13
470,14
470,15
470,16
470,17
470,18
470,19
470,20
470,21
470,22
470,23
472,0
472,1
472,2
472,3
472,4
472,5
472,6
472,7
472,8
472,9
472,10
472,11
472,12
472,13
472,14
472,15
472,16
472,17
472,18
472,19
472,20
472,21
472,22
472,23
474,0
474,1
475,0
475,1
476,0
476,1
477,0
477,1
478,0
478,1
479,0
479,1
480,0
480,1
481,0
481,1
483,0
483,1
484,0
484,1
485,0
485,1
486,0
486,1
487,0
487,1
488,0
488,1
489,0
489,1
490,0
490,1
492,0
492,1
492,2
492,3
492,4
492,5
492,6
492,7
492,8
492,9
492,10
492,11
492,12
492,13
492,14
492,15
492,16
492,17
492,18
492,19
492,20
492,21
492,22
492,23
492,24
492,25
492,26
492,27
492,28
492,29
492,30
492,31
492,32
492,33
492,34
492,35
492,36
492,37
492,38
492,39
494,0
494,1
495,0
495,1
496,0
496,1
497,0
497,1
498,0
498,1
499,0
499,1
500,0
500,1
501,0
501,1
502,0
502,1
503,0
503,1
504,0
504,1
505,0
505,1
506,0
506,1
507,0
507,1
508,0
508,1
509,0
509,1
510,0
510,1
511,0
511,1
512,0
512,1
513,0
513,1
515,0
515,1
516,0
516,1
517,0
517,1
518,0
518,1
519,0
519,1
520,0
520,1
521,0
521,1
522,0
522,1
523,0
523,1
524,0
524,1
525,0
525,1
526,0
526,1
527,0
527,1
528,0
528,1
529,0
529,1
530,0
530,1
531,0
531,1
532,0
532,1
533,0
533,1
534,0
534,1
536,0
536,1
536,2
536,3
536,4
536,5
536,6
536,7
536,8
536,9
536,10
536,11
536,12
536,13
536,14
536,15
536,16
536,17
536,18
536,19
536,20
536,21
536,22
536,23
536,24
536,25
536,26
536,27
536,28
536,29
536,30
536,31
536,32
536,33
536,34
536,35
536,36
536,37
536,38
536,39
536,40
536,41
536,42
536,43
536,44
536,45
536,46
536,47
536,48
536,49
536,50
536,51
536,52
536,53
536,54
536,55
536,56
536,57
536,58
536,59
536,60
536,61
536,62
536,63
538,0
538,1
539,0
539,1
540,0
540,1
541,0
541,1
542,0
542,1
543,0
543,1
544,0
544,1
545,0
545,1
546,0
546,1
547,0
547,1
548,0
548,1
549,0
549,1
550,0
550,1
551,0
551,1
552,0
552,1
553,0
553,1
554,0
554,1
555,0
555,1
556,0
556,1
557,0
557,1
558,0
558,1
559,0
559,1
560,0
560,1
561,0
561,1
562,0
562,1
563,0
563,1
564,0
564,1
565,0
565,1
566,0
566,1
567,0
567,1
568,0
568,1
569,0
569,1
571,0
571,1
572,0
572,1
573,0
573,1
574,0
574,1
575,0
575,1
576,0
576,1
577,0
577,1
578,0
578,1
579,0
579,1
580,0
580,1
581,0
581,1
582,0
582,1
583,0
583,1
584,0
584,1
585,0
585,1
586,0
586,1
587,0
587,1
588,0
588,1
589,0
589,1
590,0
590,1
591,0
591,1
592,0
592,1
593,0
593,1
594,0
594,1
595,0
595,1
596,0
596,1
597,0
597,1
598,0
598,1
599,0
599,1
600,0
600,1
601,0
601,1
602,0
602,1
604,0
604,1
604,2
604,3
604,4
604,5
604,6
604,7
604,8
604,9
604,10
604,11
604,12
604,13
604,14
604,15
604,16
604,17
604,18
604,19
604,20
604,21
604,22
604,23
604,24
604,25
604,26
604,27
604,28
604,29
604,30
604,31
606,0
606,1
607,0
607,1
608,0
608,1
609,0
609,1
610,0
610,1
611,0
611,1
612,0
612,1
613,0
613,1
614,0
614,1
615,0
615,1
616,0
616,1
617,0
617,1
618,0
618,1
619,0
619,1
620,0
620,1
621,0
621,1
623,0
623,1
624,0
624,1
625,0
625,1
626,0
626,1
627,0
627,1
628,0
628,1
629,0
629,1
630,0
630,1
631,0
631,1
632,0
632,1
633,0
633,1
634,0
634,1
635,0
635,1
636,0
636,1
637,0
637,1
638,0
638,1
640,0
640,1
640,2
640,3
640,4
640,5
640,6
640,7
640,8
640,9
640,10
640,11
640,12
640,13
640,14
640,15
642,0
642,1
643,0
643,1
644,0
644,1
645,0
645,1
646,0
646,1
647,0
647,1
648,0
648,1
649,0
649,1
651,0
651,1
652,0
652,1
653,0
653,1
654,0
654,1
655,0
655,1
656,0
656,1
657,0
657,1
658,0
658,1
660,0
660,1
660,2
660,3
660,4
660,5
660,6
660,7
662,0
662,1
663,0
663,1
664,0
664,1
665,0
665,1
667,0
667,1
668,0
668,1
669,0
669,1
670,0
670,1
672,0
672,1
672,2
672,3
674,0
674,1
675,0
675,1
677,0
677,1
680,0
680,1
680,2
680,3
680,4
680,5
680,6
680,7
680,8
680,9
680,10
680,11
680,12
680,13
680,14
680,15
680,16
680,17
680,18
680,19
680,20
680,21
680,22
680,23
680,24
680,25
680,26
680,27
680,28
680,29
680,30
680,31
680,32
680,33
680,34
680,35
680,36
680,37
680,38
680,39
680,40
680,41
680,42
680,43
680,44
680,45
680,46
680,47
680,48
680,49
680,50
680,51
680,52
680,53
680,54
680,55
680,56
680,57
680,58
680,59
680,60
680,61
680,62
680,63
680,64
680,65
680,66
680,67
680,68
680,69
680,70
680,71
681,0
681,1
681,2
681,3
681,4
681,5
681,6
681,7
681,8
681,9
681,10
681,11
681,12
681,13
681,14
681,15
681,16
681,17
681,18
681,19
683,0
683,1
683,2
683,3
683,4
683,5
683,6
683,7
683,8
683,9
683,10
683,11
683,12
683,13
683,14
683,15
683,16
683,17
683,18
683,19
683,20
683,21
683,22
683,23
683,24
683,25
683,26
683,27
683,28
683,29
683,30
683,31
683,32
683,33
683,34
683,35
683,36
683,37
683,38
683,39
683,40
683,41
683,42
683,43
683,44
683,45
683,46
683,47
683,48
683,49
683,50
683,51
683,52
683,53
683,54
683,55
683,56
683,57
683,58
683,59
683,60
683,61
683,62
683,63
683,64
683,65
683,66
683,67
683,68
683,69
683,70
683,71
685,0
685,1
686,0
686,1
687,0
687,1
688,0
688,1
689,0
689,1
690,0
690,1
691,0
691,1
692,0
692,1
693,0
693,1
694,0
694,1
695,0
695,1
696,0
696,1
697,0
697,1
698,0
698,1
699,0
699,1
700,0
700,1
701,0
701,1
702,0
702,1
703,0
703,1
704,0
704,1
705,0
705,1
706,0
706,1
707,0
707,1
708,0
708,1
709,0
709,1
710,0
710,1
711,0
711,1
712,0
712,1
713,0
713,1
714,0
714,1
715,0
715,1
716,0
716,1
717,0
717,1
718,0
718,1
719,0
719,1
720,0
720,1
722,0
722,1
722,2
722,3
722,4
722,5
722,6
722,7
722,8
722,9
722,10
722,11
722,12
722,13
722,14
722,15
722,16
722,17
722,18
722,19
722,20
722,21
722,22
722,23
722,24
722,25
722,26
722,27
722,28
722,29
722,30
722,31
722,32
722,33
722,34
722,35
722,36
722,37
722,38
722,39
722,40
722,41
722,42
722,43
722,44
722,45
722,46
722,47
724,0
724,1
725,0
725,1
726,0
726,1
727,0
727,1
728,0
728,1
729,0
729,1
730,0
730,1
731,0
731,1
732,0
732,1
733,0
733,1
734,0
734,1
735,0
735,1
736,0
736,1
737,0
737,1
738,0
738,1
739,0
739,1
740,0
740,1
741,0
741,1
742,0
742,1
743,0
743,1
744,0
744,1
745,0
745,1
746,0
746,1
747,0
747,1
749,0
749,1
749,2
749,3
749,4
749,5
749,6
749,7
749,8
749,9
749,10
749,11
749,12
749,13
749,14
749,15
749,16
749,17
749,18
749,19
749,20
749,21
749,22
749,23
749,24
749,25
749,26
749,27
749,28
749,29
749,30
749,31
751,0
751,1
752,0
752,1
753,0
753,1
754,0
754,1
755,0
755,1
756,0
756,1
757,0
757,1
758,0
758,1
759,0
759,1
760,0
760,1
761,0
761,1
762,0
762,1
763,0
763,1
764,0
764,1
765,0
765,1
766,0
766,1
768,0
768,1
768,2
768,3
768,4
768,5
768,6
768,7
768,8
768,9
768,10
768,11
768,12
768,13
768,14
768,15
770,0
770,1
771,0
771,1
772,0
772,1
773,0
773,1
774,0
774,1
775,0
775,1
776,0
776,1
777,0
777,1
779,0
779,1
779,2
779,3
779,4
779,5
779,6
779,7
781,0
781,1
782,0
782,1
783,0
783,1
784,0
784,1
786,0
786,1
786,2
786,3
788,0
788,1
789,0
789,1
791,0
791,1
794,0
794,1
794,2
794,3
794,4
794,5
794,6
794,7
794,8
794,9
794,10
794,11
794,12
794,13
794,14
794,15
794,16
794,17
794,18
794,19
794,20
794,21
794,22
794,23
794,24
794,25
794,26
794,27
794,28
794,29
794,30
794,31
794,32
794,33
794,34
794,35
794,36
794,37
794,38
794,39
794,40
794,41
794,42
794,43
794,44
794,45
794,46
794,47
796,0
796,1
796,2
796,3
796,4
796,5
796,6
796,7
796,8
796,9
796,10
796,11
796,12
796,13
796,14
796,15
796,16
796,17
796,18
796,19
796,20
796,21
796,22
796,23
796,24
796,25
796,26
796,27
796,28
796,29
796,30
796,31
796,32
796,33
796,34
796,35
796,36
796,37
796,38
796,39
796,40
796,41
796,42
796,43
796,44
796,45
796,46
796,47
798,0
798,1
798,2
798,3
798,4
798,5
798,6
798,7
799,0
799,1
799,2
799,3
799,4
799,5
799,6
799,7
802,0
802,1
803,0
803,1
804,0
804,1
805,0
805,1
807,0
807,1
808,0
808,1
809,0
809,1
810,0
810,1
812,0
812,1
813,0
813,1
814,0
814,1
815,0
815,1
817,0
817,1
818,0
818,1
819,0
819,1
820,0
820,1
822,0
822,1
822,2
822,3
822,4
822,5
822,6
822,7
822,8
822,9
822,10
822,11
822,12
822,13
822,14
822,15
823,0
823,1
823,2
823,3
823,4
823,5
823,6
823,7
823,8
823,9
823,10
823,11
823,12
823,13
823,14
823,15
826,0
826,1
827,0
827,1
828,0
828,1
829,0
829,1
830,0
830,1
831,0
831,1
832,0
832,1
833,0
833,1
835,0
835,1
836,0
836,1
837,0
837,1
838,0
838,1
839,0
839,1
840,0
840,1
841,0
841,1
842,0
842,1
844,0
844,1
844,2
844,3
844,4
844,5
844,6
844,7
845,0
845,1
845,2
845,3
845,4
845,5
845,6
845,7
848,0
848,1
849,0
849,1
850,0
850,1
851,0
851,1
853,0
853,1
854,0
854,1
855,0
855,1
856,0
856,1
858,0
858,1
858,2
858,3
859,0
859,1
859,2
859,3
862,0
862,1
863,0
863,1
865,0
865,1
866,0
866,1
868,0
868,1
869,0
869,1
871,0
871,1
874,0
874,1
874,2
874,3
874,4
874,5
874,6
874,7
874,8
874,9
874,10
874,11
874,12
874,13
874,14
874,15
874,16
874,17
874,18
874,19
877,0
877,1
877,2
877,3
877,4
877,5
877,6
877,7
877,8
877,9
877,10
877,11
877,12
877,13
877,14
877,15
877,16
877,17
877,18
877,19
877,20
877,21
877,22
877,23
880,0
880,1
880,2
880,3
880,4
880,5
880,6
880,7
880,8
880,9
880,10
880,11
880,12
880,13
880,14
880,15
880,16
880,17
880,18
880,19
880,20
880,21
880,22
880,23
883,0
883,1
883,2
883,3
883,4
883,5
883,6
883,7
883,8
883,9
883,10
883,11
883,12
883,13
883,14
883,15
883,16
883,17
883,18
883,19
883,20
883,21
883,22
883,23
888,0
888,1
889,0
889,1
891,0
891,1
896,0
896,1
897,0
897,1
899,0
899,1
904,0
904,1
905,0
905,1
907,0
907,1
911,0
911,1
914,0
914,1
914,2
914,3
914,4
914,5
914,6
914,7
914,8
914,9
914,10
914,11
914,12
914,13
914,14
914,15
914,16
914,17
914,18
914,19
915,0
915,1
915,2
915,3
915,4
915,5
915,6
915,7
915,8
915,9
915,10
915,11
915,12
915,13
915,14
915,15
915,16
915,17
915,18
915,19
917,0
917,1
917,2
917,3
917,4
917,5
917,6
917,7
917,8
917,9
917,10
917,11
917,12
917,13
917,14
917,15
917,16
917,17
917,18
917,19
919,0
919,1
920,0
920,1
921,0
921,1
922,0
922,1
923,0
923,1
924,0
924,1
925,0
925,1
926,0
926,1
928,0
928,1
928,2
928,3
928,4
928,5
928,6
928,7
928,8
928,9
928,10
928,11
928,12
928,13
928,14
928,15
928,16
928,17
928,18
928,19
928,20
928,21
928,22
928,23
928,24
928,25
928,26
928,27
928,28
928,29
928,30
928,31
930,0
930,1
931,0
931,1
932,0
932,1
933,0
933,1
934,0
934,1
935,0
935,1
936,0
936,1
937,0
937,1
938,0
938,1
939,0
939,1
940,0
940,1
941,0
941,1
942,0
942,1
943,0
943,1
944,0
944,1
945,0
945,1
947,0
947,1
947,2
947,3
947,4
947,5
947,6
947,7
947,8
947,9
947,10
947,11
947,12
947,13
947,14
947,15
949,0
949,1
950,0
950,1
951,0
951,1
952,0
952,1
953,0
953,1
954,0
954,1
955,0
955,1
956,0
956,1
958,0
958,1
958,2
958,3
958,4
958,5
958,6
958,7
960,0
960,1
961,0
961,1
962,0
962,1
963,0
963,1
965,0
965,1
965,2
965,3
967,0
967,1
968,0
968,1
970,0
970,1
973,0
973,1
973,2
973,3
973,4
973,5
973,6
973,7
973,8
973,9
973,10
973,11
973,12
973,13
973,14
973,15
973,16
973,17
973,18
973,19
974,0
974,1
974,2
974,3
974,4
974,5
974,6
974,7
974,8
974,9
974,10
974,11
974,12
974,13
974,14
974,15
974,16
974,17
974,18
974,19
976,0
976,1
976,2
976,3
976,4
976,5
976,6
976,7
976,8
976,9
976,10
976,11
976,12
976,13
976,14
976,15
976,16
976,17
976,18
976,19
978,0
978,1
979,0
979,1
980,0
980,1
981,0
981,1
982,0
982,1
983,0
983,1
984,0
984,1
985,0
985,1
987,0
987,1
987,2
987,3
987,4
987,5
987,6
987,7
987,8
987,9
987,10
987,11
987,12
987,13
987,14
987,15
987,16
987,17
987,18
987,19
987,20
987,21
987,22
987,23
987,24
987,25
987,26
987,27
987,28
987,29
987,30
987,31
989,0
989,1
990,0
990,1
991,0
991,1
992,0
992,1
993,0
993,1
994,0
994,1
995,0
995,1
996,0
996,1
997,0
997,1
998,0
998,1
999,0
999,1
1000,0
1000,1
1001,0
1001,1
1002,0
1002,1
1003,0
1003,1
1004,0
1004,1
1006,0
1006,1
1006,2
1006,3
1006,4
1006,5
1006,6
1006,7
1006,8
1006,9
1006,10
1006,11
1006,12
1006,13
1006,14
1006,15
1008,0
1008,1
1009,0
1009,1
1010,0
1010,1
1011,0
1011,1
1012,0
1012,1
1013,0
1013,1
1014,0
1014,1
1015,0
1015,1
1017,0
1017,1
1017,2
1017,3
1017,4
1017,5
1017,6
1017,7
1019,0
1019,1
1020,0
1020,1
1021,0
1021,1
1022,0
1022,1
1024,0
1024,1
1024,2
1024,3
1026,0
1026,1
1027,0
1027,1
1029,0
1029,1
1032,0
1032,1
1032,2
1032,3
1032,4
1032,5
1032,6
1032,7
1032,8
1032,9
1032,10
1032,11
1032,12
1032,13
1032,14
1032,15
1032,16
1032,17
1032,18
1032,19
1035,0
1035,1
1035,2
1035,3
1035,4
1035,5
1035,6
1035,7
1035,8
1035,9
1035,10
1035,11
1035,12
1035,13
1035,14
1035,15
1035,16
1035,17
1035,18
1035,19
1039,0
1039,1
1039,2
1039,3
1039,4
1039,5
1039,6
1039,7
1039,8
1039,9
1039,10
1039,11
1039,12
1039,13
1039,14
1039,15
1039,16
1039,17
1040,0
1040,1
1040,2
1040,3
1040,4
1040,5
1040,6
1040,7
1040,8
1040,9
1040,10
1040,11
1040,12
1040,13
1040,14
1040,15
1040,16
1040,17
1042,0
1042,1
1042,2
1042,3
1042,4
1042,5
1042,6
1042,7
1042,8
1042,9
1042,10
1042,11
1042,12
1042,13
1042,14
1042,15
1042,16
1042,17
1044,0
1044,1
1045,0
1045,1
1046,0
1046,1
1047,0
1047,1
1049,0
1049,1
1049,2
1049,3
1049,4
1049,5
1049,6
1049,7
1049,8
1049,9
1049,10
1049,11
1049,12
1049,13
1049,14
1049,15
1049,16
1049,17
1049,18
1049,19
1049,20
1049,21
1049,22
1049,23
1049,24
1049,25
1049,26
1049,27
1049,28
1049,29
1049,30
1049,31
1051,0
1051,1
1052,0
1052,1
1053,0
1053,1
1054,0
1054,1
1055,0
1055,1
1056,0
1056,1
1057,0
1057,1
1058,0
1058,1
1059,0
1059,1
1060,0
1060,1
1061,0
1061,1
1062,0
1062,1
1063,0
1063,1
1064,0
1064,1
1065,0
1065,1
1066,0
1066,1
1068,0
1068,1
1068,2
1068,3
1068,4
1068,5
1068,6
1068,7
1068,8
1068,9
1068,10
1068,11
1068,12
1068,13
1068,14
1068,15
1070,0
1070,1
1071,0
1071,1
1072,0
1072,1
1073,0
1073,1
1074,0
1074,1
1075,0
1075,1
1076,0
1076,1
1077,0
1077,1
1079,0
1079,1
1079,2
1079,3
1079,4
1079,5
1079,6
1079,7
1081,0
1081,1
1082,0
1082,1
1083,0
1083,1
1084,0
1084,1
1086,0
1086,1
1086,2
1086,3
1088,0
1088,1
1089,0
1089,1
1091,0
1091,1
1094,0
1094,1
1094,2
1094,3
1094,4
1094,5
1094,6
1094,7
1094,8
1094,9
1094,10
1094,11
1094,12
1094,13
1094,14
1094,15
1094,16
1094,17
1097,0
1097,1
1097,2
1097,3
1097,4
1097,5
1097,6
1097,7
1097,8
1097,9
1097,10
1097,11
1097,12
1097,13
1097,14
1097,15
1097,16
1097,17
1102,0
1102,1
1105,0
1105,1
1109,0
1109,1
1109,2
1109,3
1109,4
1109,5
1109,6
1109,7
1109,8
1109,9
1109,10
1109,11
1111,0
1111,1
1112,0
1112,1
1113,0
1113,1
1114,0
1114,1
1116,0
1116,1
1117,0
1117,1
1118,0
1118,1
1119,0
1119,1
1121,0
1121,1
1122,0
1122,1
1123,0
1123,1
1124,0
1124,1
1126,0
1126,1
1127,0
1127,1
1128,0
1128,1
1129,0
1129,1
1131,0
1131,1
1132,0
1132,1
1134,0
1134,1
1137,0
1137,1
1137,2
1137,3
1137,4
1137,5
1137,6
1137,7
1137,8
1137,9
1137,10
1137,11
1141,0
1141,1
1144,0
1144,1
1144,2
1144,3
1144,4
1144,5
1144,6
1144,7
1144,8
1144,9
1144,10
1144,11
1144,12
1144,13
1144,14
1144,15
1144,16
1144,17
1144,18
1144,19
1145,0
1145,1
1145,2
1145,3
1145,4
1145,5
1145,6
1145,7
1145,8
1145,9
1145,10
1145,11
1145,12
1145,13
1145,14
1145,15
1145,16
1145,17
1145,18
1145,19
1145,20
1145,21
1147,0
1147,1
1147,2
1147,3
1147,4
1147,5
1147,6
1147,7
1147,8
1147,9
1147,10
1147,11
1147,12
1147,13
1147,14
1147,15
1147,16
1147,17
1147,18
1147,19
1147,20
1147,21
1149,0
1149,1
1150,0
1150,1
1152,0
1152,1
1153,0
1153,1
1154,0
1154,1
1155,0
1155,1
1156,0
1156,1
1157,0
1157,1
1158,0
1158,1
1159,0
1159,1
1160,0
1160,1
1161,0
1161,1
1162,0
1162,1
1163,0
1163,1
1164,0
1164,1
1165,0
1165,1
1166,0
1166,1
1167,0
1167,1
1169,0
1169,1
1170,0
1170,1
1171,0
1171,1
1172,0
1172,1
1173,0
1173,1
1174,0
1174,1
1175,0
1175,1
1176,0
1176,1
1178,0
1178,1
1179,0
1179,1
1180,0
1180,1
1181,0
1181,1
1182,0
1182,1
1183,0
1183,1
1184,0
1184,1
1185,0
1185,1
1187,0
1187,1
1188,0
1188,1
1189,0
1189,1
1190,0
1190,1
1192,0
1192,1
1193,0
1193,1
1195,0
1195,1
1198,0
1198,1
1198,2
1198,3
1198,4
1198,5
1198,6
1198,7
1198,8
1198,9
1198,10
1198,11
1198,12
1198,13
1198,14
1198,15
1198,16
1198,17
1198,18
1198,19
1201,0
1201,1
1201,2
1201,3
1201,4
1201,5
1201,6
1201,7
1201,8
1201,9
1201,10
1201,11
1201,12
1201,13
1201,14
1201,15
1201,16
1201,17
1201,18
1201,19
1201,20
1201,21
1205,0
1205,1
1205,2
1205,3
1205,4
1205,5
1205,6
1205,7
1205,8
1205,9
1205,10
1205,11
1205,12
1205,13
1205,14
1205,15
1205,16
1205,17
1207,0
1207,1
1208,0
1208,1
1210,0
1210,1
1211,0
1211,1
1212,0
1212,1
1213,0
1213,1
1214,0
1214,1
1215,0
1215,1
1216,0
1216,1
1217,0
1217,1
1219,0
1219,1
1220,0
1220,1
1221,0
1221,1
1222,0
1222,1
1224,0
1224,1
1225,0
1225,1
1227,0
1227,1
1230,0
1230,1
1230,2
1230,3
1230,4
1230,5
1230,6
1230,7
1230,8
1230,9
1230,10
1230,11
1230,12
1230,13
1230,14
1230,15
1230,16
1230,17
1234,0
1234,1
1234,2
1234,3
1234,4
1234,5
1234,6
1234,7
1234,8
1234,9
1234,10
1234,11
1234,12
1234,13
1234,14
1234,15
1236,0
1236,1
1237,0
1237,1
1238,0
1238,1
1239,0
1239,1
1240,0
1240,1
1241,0
1241,1
1242,0
1242,1
1243,0
1243,1
1245,0
1245,1
1246,0
1246,1
1247,0
1247,1
1248,0
1248,1
1250,0
1250,1
1251,0
1251,1
1253,0
1253,1
1256,0
1256,1
1256,2
1256,3
1256,4
1256,5
1256,6
1256,7
1256,8
1256,9
1256,10
1256,11
1256,12
1256,13
1256,14
1256,15
1260,0
1260,1
1260,2
1260,3
1260,4
1260,5
1260,6
1260,7
1260,8
1260,9
1260,10
1260,11
1260,12
1260,13
1260,14
1260,15
1262,0
1262,1
1263,0
1263,1
1264,0
1264,1
1265,0
1265,1
1266,0
1266,1
1267,0
1267,1
1268,0
1268,1
1269,0
1269,1
1271,0
1271,1
1272,0
1272,1
1273,0
1273,1
1274,0
1274,1
1276,0
1276,1
1277,0
1277,1
1279,0
1279,1
1282,0
1282,1
1282,2
1282,3
1282,4
1282,5
1282,6
1282,7
1282,8
1282,9
1282,10
1282,11
1282,12
1282,13
1282,14
1282,15
1284,0
1284,1
1284,2
1284,3
1284,4
1284,5
1284,6
1284,7
1285,0
1285,1
1285,2
1285,3
1285,4
1285,5
1285,6
1285,7
1289,0
1289,1
1289,2
1289,3
1289,4
1289,5
1289,6
1289,7
1289,8
1289,9
1289,10
1289,11
1289,12
1289,13
1289,14
1289,15
1291,0
1291,1
1292,0
1292,1
1293,0
1293,1
1294,0
1294,1
1295,0
1295,1
1296,0
1296,1
1297,0
1297,1
1298,0
1298,1
1300,0
1300,1
1301,0
1301,1
1302,0
1302,1
1303,0
1303,1
1305,0
1305,1
1306,0
1306,1
1308,0
1308,1
1311,0
1311,1
1311,2
1311,3
1311,4
1311,5
1311,6
1311,7
1311,8
1311,9
1311,10
1311,11
1311,12
1311,13
1311,14
1311,15
1311,16
1311,17
1315,0
1315,1
1315,2
1315,3
1315,4
1315,5
1315,6
1315,7
1315,8
1315,9
1315,10
1315,11
1315,12
1315,13
1315,14
1315,15
1317,0
1317,1
1318,0
1318,1
1319,0
1319,1
1320,0
1320,1
1321,0
1321,1
1322,0
1322,1
1323,0
1323,1
1324,0
1324,1
1326,0
1326,1
1327,0
1327,1
1328,0
1328,1
1329,0
1329,1
1331,0
1331,1
1332,0
1332,1
1334,0
1334,1
1337,0
1337,1
1337,2
1337,3
1337,4
1337,5
1337,6
1337,7
1337,8
1337,9
1337,10
1337,11
1337,12
1337,13
1337,14
1337,15
1341,0
1341,1
1341,2
1341,3
1341,4
1341,5
1341,6
1341,7
1341,8
1341,9
1341,10
1341,11
1343,0
1343,1
1344,0
1344,1
1345,0
1345,1
1346,0
1346,1
1348,0
1348,1
1349,0
1349,1
1350,0
1350,1
1351,0
1351,1
1353,0
1353,1
1354,0
1354,1
1355,0
1355,1
1356,0
1356,1
1358,0
1358,1
1359,0
1359,1
1360,0
1360,1
1361,0
1361,1
1363,0
1363,1
1364,0
1364,1
1366,0
1366,1
1369,0
1369,1
1369,2
1369,3
1369,4
1369,5
1369,6
1369,7
1369,8
1369,9
1369,10
1369,11
1371,0
1371,1
1371,2
1371,3
1371,4
1371,5
1372,0
1372,1
1372,2
1372,3
1372,4
1372,5
1376,0
1376,1
1379,0
1379,1
1379,2
1379,3
1379,4
1379,5
1379,6
1379,7
1379,8
1379,9
1379,10
1379,11
1379,12
1379,13
1379,14
1379,15
1379,16
1379,17
1379,18
1379,19
1380,0
1380,1
1380,2
1380,3
1380,4
1380,5
1380,6
1380,7
1380,8
1380,9
1380,10
1380,11
1380,12
1380,13
1380,14
1380,15
1380,16
1380,17
1380,18
1380,19
1380,20
1380,21
1382,0
1382,1
1382,2
1382,3
1382,4
1382,5
1382,6
1382,7
1382,8
1382,9
1382,10
1382,11
1382,12
1382,13
1382,14
1382,15
1382,16
1382,17
1382,18
1382,19
1382,20
1382,21
1384,0
1384,1
1385,0
1385,1
1386,0
1386,1
1387,0
1387,1
1388,0
1388,1
1389,0
1389,1
1390,0
1390,1
1391,0
1391,1
1392,0
1392,1
1393,0
1393,1
1395,0
1395,1
1396,0
1396,1
1397,0
1397,1
1398,0
1398,1
1399,0
1399,1
1400,0
1400,1
1401,0
1401,1
1402,0
1402,1
1403,0
1403,1
1404,0
1404,1
1405,0
1405,1
1406,0
1406,1
1407,0
1407,1
1408,0
1408,1
1409,0
1409,1
1410,0
1410,1
1412,0
1412,1
1413,0
1413,1
1414,0
1414,1
1415,0
1415,1
1416,0
1416,1
1417,0
1417,1
1418,0
1418,1
1419,0
1419,1
1421,0
1421,1
1422,0
1422,1
1423,0
1423,1
1424,0
1424,1
1426,0
1426,1
1427,0
1427,1
1429,0
1429,1
1432,0
1432,1
1432,2
1432,3
1432,4
1432,5
1432,6
1432,7
1432,8
1432,9
1432,10
1432,11
1432,12
1432,13
1432,14
1432,15
1432,16
1432,17
1432,18
1432,19
1435,0
1435,1
1435,2
1435,3
1435,4
1435,5
1435,6
1435,7
1435,8
1435,9
1435,10
1435,11
1435,12
1435,13
1435,14
1435,15
1435,16
1435,17
1435,18
1435,19
1435,20
1435,21
1440,0
1440,1
1441,0
1441,1
1443,0
1443,1
1447,0
1447,1
1447,2
1447,3
1447,4
1447,5
1447,6
1447,7
1447,8
1447,9
1447,10
1447,11
1447,12
1447,13
1447,14
1447,15
1449,0
1449,1
1450,0
1450,1
1451,0
1451,1
1452,0
1452,1
1453,0
1453,1
1454,0
1454,1
1455,0
1455,1
1456,0
1456,1
1458,0
1458,1
1459,0
1459,1
1460,0
1460,1
1461,0
1461,1
1463,0
1463,1
1464,0
1464,1
1466,0
1466,1
1469,0
1469,1
1469,2
1469,3
1469,4
1469,5
1469,6
1469,7
1469,8
1469,9
1469,10
1469,11
1469,12
1469,13
1469,14
1469,15
1473,0
1473,1
1473,2
1473,3
1473,4
1473,5
1473,6
1473,7
1473,8
1473,9
1475,0
1475,1
1476,0
1476,1
1478,0
1478,1
1479,0
1479,1
1480,0
1480,1
1481,0
1481,1
1483,0
1483,1
1484,0
1484,1
1486,0
1486,1
1489,0
1489,1
1489,2
1489,3
1489,4
1489,5
1489,6
1489,7
1489,8
1489,9
1493,0
1493,1
1493,2
1493,3
1493,4
1493,5
1493,6
1493,7
1493,8
1493,9
1493,10
1493,11
1493,12
1493,13
1493,14
1493,15
1493,16
1493,17
1497,0
1497,1
1497,2
1497,3
1497,4
1497,5
1497,6
1497,7
1499,0
1499,1
1499,2
1499,3
1500,0
1500,1
1500,2
1500,3
1502,0
1502,1
1503,0
1503,1
1505,0
1505,1
1509,0
1509,1
1509,2
1509,3
1509,4
1509,5
1509,6
1509,7
1509,8
1509,9
1509,10
1509,11
1509,12
1509,13
1509,14
1509,15
1511,0
1511,1
1512,0
1512,1
1514,0
1514,1
1515,0
1515,1
1516,0
1516,1
1517,0
1517,1
1519,0
1519,1
1520,0
1520,1
1522,0
1522,1
1523,0
1523,1
1524,0
1524,1
1525,0
1525,1
1527,0
1527,1
1528,0
1528,1
1530,0
1530,1
1533,0
1533,1
1533,2
1533,3
1533,4
1533,5
1533,6
1533,7
1533,8
1533,9
1534,0
1534,1
1534,2
1534,3
1534,4
1534,5
1534,6
1534,7
1534,8
1534,9
1536,0
1536,1
1537,0
1537,1
1538,0
1538,1
1539,0
1539,1
1541,0
1541,1
1542,0
1542,1
1543,0
1543,1
1544,0
1544,1
1546,0
1546,1
1547,0
1547,1
1549,0
1549,1
1550,0
1550,1
1552,0
1552,1
1554,0
1554,1
1558,0
1558,1
1558,2
1558,3
1558,4
1558,5
1558,6
1558,7
1558,8
1558,9
1558,10
1558,11
1558,12
1558,13
1558,14
1558,15
1558,16
1558,17
1560,0
1560,1
1561,0
1561,1
1562,0
1562,1
1563,0
1563,1
1565,0
1565,1
1565,2
1565,3
1567,0
1567,1
1568,0
1568,1
1570,0
1570,1
1572,0
1572,1
1575,0
1575,1
1575,2
1575,3
1575,4
1575,5
1575,6
1575,7
1575,8
1575,9
1575,10
1575,11
1575,12
1575,13
1575,14
1575,15
1575,16
1575,17
1577,0
1577,1
1578,0
1578,1
1579,0
1579,1
1580,0
1580,1
1582,0
1582,1
1582,2
1582,3
1584,0
1584,1
1585,0
1585,1
1587,0
1587,1
1589,0
1589,1
1593,0
1593,1
1593,2
1593,3
1593,4
1593,5
1596,0
1596,1
1596,2
1596,3
1596,4
1596,5
1596,6
1596,7
1598,0
1598,1
1598,2
1598,3
1599,0
1599,1
1599,2
1599,3
1601,0
1601,1
1602,0
1602,1
1604,0
1604,1
1608,0
1608,1
1608,2
1608,3
1608,4
1608,5
1608,6
1608,7
1608,8
1608,9
1610,0
1610,1
1611,0
1611,1
1613,0
1613,1
1615,0
1615,1
1616,0
1616,1
1618,0
1618,1
1620,0
1620,1
1624,0
1624,1
1624,2
1624,3
1624,4
1624,5
1624,6
1624,7
1624,8
1624,9
1624,10
1624,11
1626,0
1626,1
1626,2
1626,3
1626,4
1626,5
1627,0
1627,1
1627,2
1627,3
1627,4
1627,5
1632,0
1632,1
1632,2
1632,3
1632,4
1632,5
1632,6
1632,7
1632,8
1632,9
1636,0
1636,1
1636,2
1636,3
1636,4
1636,5
1636,6
1636,7
1636,8
1636,9
1636,10
1636,11
1636,12
1636,13
1636,14
1636,15
1636,16
1636,17
1636,18
1636,19
1639,0
1639,1
1639,2
1639,3
1639,4
1639,5
1639,6
1639,7
1639,8
1639,9
1639,10
1639,11
1639,12
1639,13
1639,14
1639,15
1639,16
1639,17
1639,18
1639,19
1641,0
1641,1
1645,0
1645,1
1645,2
1645,3
1645,4
1645,5
1645,6
1645,7
1645,8
1645,9
1645,10
1645,11
1645,12
1645,13
1645,14
1645,15
1645,16
1645,17
1648,0
1648,1
1648,2
1648,3
1648,4
1648,5
1648,6
1648,7
1648,8
1648,9
1648,10
1648,11
1648,12
1648,13
1648,14
1648,15
1648,16
1648,17
1652,0
1652,1
1652,2
1652,3
1652,4
1652,5
1652,6
1652,7
1652,8
1652,9
1652,10
1652,11
1652,12
1652,13
1652,14
1652,15
1652,16
1652,17
1654,0
1654,1
1654,2
1654,3
1655,0
1655,1
1655,2
1655,3
1657,0
1657,1
1659,0
1659,1
1662,0
1662,1
1662,2
1662,3
1662,4
1662,5
1662,6
1662,7
1662,8
1662,9
1662,10
1662,11
1662,12
1662,13
1662,14
1662,15
1662,16
1662,17
1664,0
1664,1
1664,2
1664,3
1665,0
1665,1
1665,2
1665,3
1667,0
1667,1
1669,0
1669,1
1673,0
1673,1
1673,2
1673,3
1673,4
1673,5
1673,6
1673,7
1673,8
1673,9
1673,10
1673,11
1673,12
1673,13
1673,14
1673,15
1673,16
1673,17
1673,18
1673,19
1676,0
1676,1
1676,2
1676,3
1676,4
1676,5
1676,6
1676,7
1676,8
1676,9
1676,10
1676,11
1676,12
1676,13
1676,14
1676,15
1676,16
1676,17
1676,18
1676,19
1678,0
1678,1
1679,0
1679,1
1680,0
1680,1
1681,0
1681,1
1683,0
1683,1
1684,0
1684,1
1685,0
1685,1
1686,0
1686,1
1687,0
1687,1
1688,0
1688,1
1689,0
1689,1
1690,0
1690,1
1692,0
1692,1
1693,0
1693,1
1694,0
1694,1
1695,0
1695,1
1697,0
1697,1
1698,0
1698,1
1700,0
1700,1
1707,0
1707,1
1707,2
1707,3
1707,4
1707,5
1707,6
1707,7
1707,8
1707,9
1707,10
1707,11
1707,12
1707,13
1707,14
1707,15
1707,16
1707,17
1707,18
1707,19
1707,20
1707,21
1707,22
1707,23
1707,24
1707,25
1707,26
1707,27
1707,28
1707,29
1707,30
1707,31
1707,32
1707,33
1707,34
1707,35
1707,36
1707,37
1707,38
1707,39
1707,40
1707,41
1707,42
1707,43
1707,44
1707,45
1707,46
1707,47
1707,48
1707,49
1707,50
1707,51
1707,52
1707,53
1707,54
1707,55
1707,56
1707,57
1707,58
1707,59
1710,0
1710,1
1710,2
1710,3
1710,4
1710,5
1710,6
1710,7
1710,8
1710,9
1710,10
1710,11
1710,12
1710,13
1710,14
1710,15
1710,16
1710,17
1710,18
1710,19
1710,20
1710,21
1710,22
1710,23
1710,24
1710,25
1710,26
1710,27
1710,28
1710,29
1710,30
1710,31
1710,32
1710,33
1710,34
1710,35
1710,36
1710,37
1710,38
1710,39
