3,0,5,1
3,0,5,2
3,0,5,3
3,0,5,4
3,0,6,1
3,0,6,2
3,0,6,3
3,0,6,4
5,1,8,1
6,2,8,2
6,1,9,1
5,2,9,2
8,2,11,1
9,2,11,2
8,1,13,1
9,1,13,2
19,1,22,1
19,2,22,2
19,3,22,3
19,4,22,4
19,5,22,5
19,6,22,6
19,7,23,1
19,8,23,2
19,9,23,3
19,10,24,1
19,11,24,2
19,12,24,3
19,13,24,4
19,14,24,5
19,15,24,6
19,16,24,7
19,17,24,8
19,18,24,9
20,1,25,1
20,2,25,2
20,3,26,1
20,4,26,2
20,5,26,3
16,0,27,1
16,0,27,2
16,0,27,3
16,0,27,4
17,1,28,1
17,2,28,2
17,3,29,1
18,1,30,1
18,2,30,2
18,3,30,3
22,0,32,1
23,0,32,2
24,0,32,3
26,0,32,4
22,0,33,1
24,0,33,2
30,0,33,3
26,0,33,4
22,0,34,1
24,0,34,2
28,0,34,3
26,0,34,4
25,0,35,1
23,0,35,2
24,0,35,3
29,0,35,4
22,0,36,1
24,0,36,2
24,0,36,3
27,0,36,4
22,0,37,1
24,0,37,2
30,0,37,3
27,0,37,4
22,0,38,1
24,0,38,2
28,0,38,3
27,0,38,4
25,0,39,1
23,0,39,2
24,0,39,3
27,0,39,4
32,1,41,1
32,2,41,2
32,3,41,3
32,4,41,4
33,1,42,1
33,2,42,2
33,3,42,3
33,4,42,4
34,1,43,1
34,2,43,2
34,3,43,3
34,4,43,4
35,1,44,1
35,2,44,2
35,3,44,3
35,4,44,4
36,1,45,1
36,2,45,2
36,3,45,3
36,4,45,4
37,1,46,1
37,2,46,2
37,3,46,3
37,4,46,4
38,1,47,1
38,2,47,2
38,3,47,3
38,4,47,4
39,1,48,1
39,2,48,2
39,3,48,3
39,4,48,4
41,1,50,1
42,2,50,2
43,1,51,1
44,2,51,2
45,1,52,1
46,2,52,2
47,1,53,1
48,2,53,2
42,1,54,1
41,2,54,2
44,1,55,1
43,2,55,2
46,1,56,1
45,2,56,2
48,1,57,1
47,2,57,2
50,1,59,1
51,1,59,2
52,1,60,1
53,1,60,2
54,1,61,1
55,1,61,2
56,1,62,1
57,1,62,2
59,1,64,1
60,1,64,2
61,1,65,1
62,1,65,2
64,2,67,1
65,2,67,2
64,1,69,1
65,1,69,2
72,0,75,1
73,0,75,2
72,0,76,1
73,0,76,2
75,1,78,1
76,1,78,2
82,0,86,1
83,0,86,2
83,0,86,3
83,0,86,4
84,0,86,5
84,0,86,6
82,0,87,1
82,0,87,2
82,0,87,3
82,0,87,4
82,0,87,5
83,0,88,1
83,0,88,2
83,0,88,3
83,0,88,4
83,0,88,5
83,0,88,6
83,0,88,7
83,0,88,8
84,0,88,9
84,0,88,10
84,0,88,11
84,0,88,12
84,0,88,13
84,0,88,14
84,0,88,15
88,0,90,1
88,0,90,2
88,0,90,3
88,0,90,4
88,0,90,5
88,0,90,6
88,0,90,7
88,0,90,8
88,0,90,9
88,0,90,10
88,0,90,11
86,1,92,1
86,2,92,2
86,3,92,3
86,4,92,4
86,5,92,5
86,6,92,6
95,0,100,1
96,0,100,2
97,0,100,3
98,0,100,4
95,0,101,1
96,0,101,2
97,0,101,3
98,0,101,4
95,0,102,1
96,0,102,2
97,0,102,3
98,0,102,4
95,0,103,1
96,0,103,2
97,0,103,3
98,0,103,4
100,1,105,1
101,2,105,2
102,1,106,1
103,2,106,2
101,1,107,1
100,2,107,2
103,1,108,1
102,2,108,2
105,1,110,1
106,1,110,2
107,1,111,1
108,1,111,2
110,1,113,1
111,1,113,2
116,0,120,1
117,0,120,2
117,0,120,3
117,0,120,4
118,0,120,5
118,0,120,6
116,0,121,1
116,0,121,2
116,0,121,3
116,0,121,4
116,0,121,5
117,0,122,1
117,0,122,2
117,0,122,3
117,0,122,4
117,0,122,5
117,0,122,6
117,0,122,7
117,0,122,8
118,0,122,9
118,0,122,10
118,0,122,11
118,0,122,12
118,0,122,13
118,0,122,14
118,0,122,15
122,0,124,1
122,0,124,2
122,0,124,3
122,0,124,4
122,0,124,5
122,0,124,6
122,0,124,7
122,0,124,8
122,0,124,9
120,1,126,1
120,2,126,2
120,3,126,3
120,4,126,4
120,5,126,5
120,6,126,6
134,1,136,1
134,2,136,2
134,3,136,3
134,4,136,4
134,5,136,5
134,6,136,6
134,7,136,7
134,8,136,8
134,9,136,9
134,10,136,10
134,11,136,11
134,12,136,12
134,13,136,13
134,14,136,14
134,15,136,15
134,16,136,16
134,17,136,17
134,18,136,18
134,19,136,19
134,20,136,20
136,1,138,1
136,2,138,2
136,3,138,3
136,4,138,4
136,5,138,5
136,6,138,6
136,7,138,7
136,8,138,8
136,9,138,9
136,10,138,10
136,11,139,1
136,12,139,2
136,13,139,3
136,14,139,4
136,15,139,5
136,16,139,6
136,17,139,7
136,18,139,8
136,19,139,9
136,20,139,10
139,0,141,1
138,0,141,2
139,0,142,1
138,0,142,2
139,0,143,1
138,0,143,2
139,0,144,1
138,0,144,2
139,0,145,1
138,0,145,2
139,0,146,1
138,0,146,2
139,0,147,1
138,0,147,2
139,0,148,1
138,0,148,2
139,0,149,1
138,0,149,2
139,0,150,1
138,0,150,2
132,1,152,1
133,1,153,1
133,2,153,2
133,3,153,3
133,4,153,4
133,5,153,5
133,6,153,6
133,7,153,7
133,8,153,8
133,9,153,9
133,10,153,10
133,11,153,11
133,12,153,12
133,13,153,13
133,14,153,14
133,15,153,15
133,16,153,16
133,17,153,17
133,18,153,18
133,19,153,19
133,20,153,20
133,21,153,21
141,1,153,22
142,1,153,23
143,1,153,24
144,1,153,25
145,1,153,26
146,1,153,27
147,1,153,28
148,1,153,29
149,1,153,30
150,1,153,31
152,1,155,1
153,1,155,2
153,2,155,3
153,3,155,4
153,4,155,5
153,5,155,6
153,6,155,7
153,7,155,8
153,8,156,1
153,9,156,2
153,10,156,3
153,11,156,4
153,12,156,5
153,13,156,6
153,14,156,7
153,15,156,8
153,16,157,1
153,17,157,2
153,18,157,3
153,19,157,4
153,20,157,5
153,21,157,6
153,22,157,7
153,23,157,8
153,24,158,1
153,25,158,2
153,26,158,3
153,27,158,4
153,28,158,5
153,29,158,6
153,30,158,7
153,31,158,8
155,0,160,1
156,0,160,2
157,0,160,3
158,0,160,4
155,0,161,1
156,0,161,2
157,0,161,3
158,0,161,4
155,0,162,1
156,0,162,2
157,0,162,3
158,0,162,4
155,0,163,1
156,0,163,2
157,0,163,3
158,0,163,4
155,0,164,1
156,0,164,2
157,0,164,3
158,0,164,4
155,0,165,1
156,0,165,2
157,0,165,3
158,0,165,4
155,0,166,1
156,0,166,2
157,0,166,3
158,0,166,4
155,0,167,1
156,0,167,2
157,0,167,3
158,0,167,4
160,1,169,1
161,1,169,2
162,1,169,3
163,1,169,4
164,1,169,5
165,1,169,6
166,1,169,7
167,1,169,8
160,2,170,1
161,2,170,2
162,2,170,3
163,2,170,4
164,2,170,5
165,2,170,6
166,2,170,7
167,2,170,8
170,0,172,1
169,0,172,2
170,0,173,1
169,0,173,2
170,0,174,1
169,0,174,2
170,0,175,1
169,0,175,2
170,0,176,1
169,0,176,2
170,0,177,1
169,0,177,2
170,0,178,1
169,0,178,2
170,0,179,1
169,0,179,2
172,1,181,1
173,1,181,2
174,1,181,3
175,1,181,4
176,1,181,5
177,1,181,6
178,1,181,7
179,1,181,8
181,1,183,1
181,2,183,2
181,3,184,1
181,4,184,2
181,5,185,1
181,6,185,2
181,7,186,1
181,8,186,2
183,1,188,1
184,1,188,2
185,1,188,3
186,1,188,4
188,1,190,1
188,2,190,2
188,3,191,1
188,4,191,2
190,1,193,1
191,1,193,2
198,1,200,1
198,2,200,2
198,3,200,3
198,4,200,4
198,5,200,5
198,6,200,6
198,7,200,7
198,8,200,8
198,9,200,9
198,10,200,10
198,11,200,11
198,12,200,12
198,13,200,13
198,14,200,14
198,15,200,15
198,16,200,16
198,17,200,17
198,18,200,18
198,19,200,19
198,20,200,20
198,21,200,21
198,22,200,22
198,23,200,23
198,24,200,24
198,25,200,25
198,26,200,26
198,27,200,27
198,28,200,28
198,29,200,29
198,30,200,30
198,31,200,31
198,32,200,32
198,33,200,33
198,34,200,34
198,35,200,35
198,36,200,36
198,37,200,37
198,38,200,38
198,39,200,39
198,40,200,40
198,41,200,41
198,42,200,42
198,43,200,43
198,44,200,44
200,1,202,1
200,2,202,2
200,3,202,3
200,4,202,4
200,5,202,5
200,6,202,6
200,7,202,7
200,8,202,8
200,9,202,9
200,10,202,10
200,11,202,11
200,12,202,12
200,13,202,13
200,14,202,14
200,15,202,15
200,16,202,16
200,17,202,17
200,18,202,18
200,19,202,19
200,20,202,20
200,21,202,21
200,22,202,22
200,23,203,1
200,24,203,2
200,25,203,3
200,26,203,4
200,27,203,5
200,28,203,6
200,29,203,7
200,30,203,8
200,31,203,9
200,32,203,10
200,33,203,11
200,34,203,12
200,35,203,13
200,36,203,14
200,37,203,15
200,38,203,16
200,39,203,17
200,40,203,18
200,41,203,19
200,42,203,20
200,43,203,21
200,44,203,22
202,0,205,1
203,0,205,2
202,0,206,1
203,0,206,2
202,0,207,1
203,0,207,2
202,0,208,1
203,0,208,2
202,0,209,1
203,0,209,2
202,0,210,1
203,0,210,2
202,0,211,1
203,0,211,2
202,0,212,1
203,0,212,2
202,0,213,1
203,0,213,2
202,0,214,1
203,0,214,2
202,0,215,1
203,0,215,2
202,0,216,1
203,0,216,2
202,0,217,1
203,0,217,2
202,0,218,1
203,0,218,2
202,0,219,1
203,0,219,2
202,0,220,1
203,0,220,2
202,0,221,1
203,0,221,2
202,0,222,1
203,0,222,2
202,0,223,1
203,0,223,2
202,0,224,1
203,0,224,2
202,0,225,1
203,0,225,2
202,0,226,1
203,0,226,2
196,1,228,1
197,1,229,1
197,2,229,2
197,3,229,3
197,4,229,4
197,5,229,5
197,6,229,6
197,7,229,7
197,8,229,8
197,9,229,9
197,10,229,10
197,11,229,11
197,12,229,12
197,13,229,13
197,14,229,14
197,15,229,15
205,1,229,16
206,1,229,17
207,1,229,18
208,1,229,19
209,1,229,20
210,1,229,21
211,1,229,22
212,1,229,23
213,1,229,24
214,1,229,25
215,1,229,26
216,1,229,27
217,1,229,28
218,1,229,29
219,1,229,30
220,1,229,31
221,1,229,32
222,1,229,33
223,1,229,34
224,1,229,35
225,1,229,36
226,1,229,37
141,2,229,38
142,2,229,39
143,2,229,40
144,2,229,41
145,2,229,42
146,2,229,43
147,2,229,44
148,2,229,45
149,2,229,46
150,2,229,47
228,1,231,1
229,1,231,2
229,2,231,3
229,3,231,4
229,4,231,5
229,5,231,6
229,6,231,7
229,7,231,8
229,8,231,9
229,9,231,10
229,10,231,11
229,11,231,12
229,12,232,1
229,13,232,2
229,14,232,3
229,15,232,4
229,16,232,5
229,17,232,6
229,18,232,7
229,19,232,8
229,20,232,9
229,21,232,10
229,22,232,11
229,23,232,12
229,24,233,1
229,25,233,2
229,26,233,3
229,27,233,4
229,28,233,5
229,29,233,6
229,30,233,7
229,31,233,8
229,32,233,9
229,33,233,10
229,34,233,11
229,35,233,12
229,36,234,1
229,37,234,2
229,38,234,3
229,39,234,4
229,40,234,5
229,41,234,6
229,42,234,7
229,43,234,8
229,44,234,9
229,45,234,10
229,46,234,11
229,47,234,12
231,0,236,1
232,0,236,2
233,0,236,3
234,0,236,4
231,0,237,1
232,0,237,2
233,0,237,3
234,0,237,4
231,0,238,1
232,0,238,2
233,0,238,3
234,0,238,4
231,0,239,1
232,0,239,2
233,0,239,3
234,0,239,4
231,0,240,1
232,0,240,2
233,0,240,3
234,0,240,4
231,0,241,1
232,0,241,2
233,0,241,3
234,0,241,4
231,0,242,1
232,0,242,2
233,0,242,3
234,0,242,4
231,0,243,1
232,0,243,2
233,0,243,3
234,0,243,4
231,0,244,1
232,0,244,2
233,0,244,3
234,0,244,4
231,0,245,1
232,0,245,2
233,0,245,3
234,0,245,4
231,0,246,1
232,0,246,2
233,0,246,3
234,0,246,4
231,0,247,1
232,0,247,2
233,0,247,3
234,0,247,4
160,3,249,1
161,3,249,2
162,3,249,3
163,3,249,4
164,3,249,5
165,3,249,6
166,3,249,7
167,3,249,8
236,1,251,1
237,1,251,2
238,1,251,3
239,1,251,4
240,1,251,5
241,1,251,6
242,1,251,7
243,1,251,8
244,1,251,9
245,1,251,10
246,1,251,11
247,1,251,12
249,1,251,13
249,2,251,14
249,3,251,15
249,4,251,16
236,2,252,1
237,2,252,2
238,2,252,3
239,2,252,4
240,2,252,5
241,2,252,6
242,2,252,7
243,2,252,8
244,2,252,9
245,2,252,10
246,2,252,11
247,2,252,12
249,5,252,13
249,6,252,14
249,7,252,15
249,8,252,16
252,0,254,1
251,0,254,2
252,0,255,1
251,0,255,2
252,0,256,1
251,0,256,2
252,0,257,1
251,0,257,2
252,0,258,1
251,0,258,2
252,0,259,1
251,0,259,2
252,0,260,1
251,0,260,2
252,0,261,1
251,0,261,2
252,0,262,1
251,0,262,2
252,0,263,1
251,0,263,2
252,0,264,1
251,0,264,2
252,0,265,1
251,0,265,2
252,0,266,1
251,0,266,2
252,0,267,1
251,0,267,2
252,0,268,1
251,0,268,2
252,0,269,1
251,0,269,2
254,1,271,1
255,1,271,2
256,1,271,3
257,1,271,4
258,1,271,5
259,1,271,6
260,1,271,7
261,1,271,8
262,1,271,9
263,1,271,10
264,1,271,11
265,1,271,12
266,1,271,13
267,1,271,14
268,1,271,15
269,1,271,16
271,1,273,1
271,2,273,2
271,3,274,1
271,4,274,2
271,5,275,1
271,6,275,2
271,7,276,1
271,8,276,2
271,9,277,1
271,10,277,2
271,11,278,1
271,12,278,2
271,13,279,1
271,14,279,2
271,15,280,1
271,16,280,2
273,1,282,1
274,1,282,2
275,1,282,3
276,1,282,4
277,1,282,5
278,1,282,6
279,1,282,7
280,1,282,8
282,1,284,1
282,2,284,2
282,3,285,1
282,4,285,2
282,5,286,1
282,6,286,2
282,7,287,1
282,8,287,2
284,1,289,1
285,1,289,2
286,1,289,3
287,1,289,4
289,1,291,1
289,2,291,2
289,3,292,1
289,4,292,2
291,1,294,1
292,1,294,2
298,7,300,1
298,9,300,2
298,8,301,1
298,10,301,2
298,1,303,1
300,1,303,2
298,2,304,1
301,1,304,2
298,3,305,1
298,6,305,2
298,4,306,1
298,5,306,2
303,1,308,1
306,1,308,2
304,1,309,1
305,1,309,2
308,1,311,1
309,1,311,2
318,1,320,1
318,16,320,2
318,2,321,1
318,15,321,2
318,3,322,1
318,14,322,2
318,4,323,1
318,13,323,2
318,5,324,1
318,12,324,2
318,6,325,1
318,11,325,2
318,7,326,1
318,10,326,2
318,8,327,1
318,9,327,2
320,1,329,1
327,1,329,2
321,1,330,1
326,1,330,2
322,1,331,1
325,1,331,2
323,1,332,1
324,1,332,2
329,1,334,1
332,1,334,2
330,1,335,1
331,1,335,2
334,1,337,1
335,1,337,2
340,1,342,1
340,2,342,2
340,3,342,3
340,4,342,4
340,5,342,5
340,6,342,6
346,5,348,1
346,12,348,2
346,6,349,1
346,11,349,2
346,7,350,1
346,10,350,2
346,8,351,1
346,9,351,2
346,3,352,1
346,14,352,2
346,4,353,1
346,13,353,2
346,1,355,1
351,1,355,2
346,2,356,1
350,1,356,2
352,1,357,1
349,1,357,2
353,1,358,1
348,1,358,2
355,1,360,1
358,1,360,2
356,1,361,1
357,1,361,2
360,1,363,1
361,1,363,2
373,1,375,1
373,2,375,2
373,3,375,3
373,4,375,4
373,5,375,5
373,6,375,6
373,7,375,7
373,8,375,8
373,9,375,9
373,10,375,10
373,11,375,11
373,12,375,12
373,13,375,13
373,14,375,14
373,15,375,15
373,16,375,16
373,17,375,17
373,18,375,18
373,19,375,19
373,20,375,20
373,21,375,21
373,22,375,22
373,23,375,23
373,24,375,24
375,1,377,1
375,2,377,2
375,3,378,1
375,4,378,2
375,5,379,1
375,6,379,2
375,7,380,1
375,8,380,2
375,9,381,1
375,10,381,2
375,11,382,1
375,12,382,2
375,13,383,1
375,14,383,2
375,15,384,1
375,16,384,2
377,2,386,1
377,1,386,2
378,2,387,1
378,1,387,2
379,2,388,1
379,1,388,2
380,2,389,1
380,1,389,2
381,2,390,1
381,1,390,2
382,2,391,1
382,1,391,2
383,2,392,1
383,1,392,2
384,2,393,1
384,1,393,2
375,17,395,25
375,18,395,26
375,19,395,27
375,20,395,28
375,21,395,29
375,22,395,30
375,23,395,31
375,24,395,32
386,1,395,33
387,1,395,34
388,1,395,35
389,1,395,36
390,1,395,37
391,1,395,38
392,1,395,39
393,1,395,40
395,1,397,1
395,2,397,2
395,3,398,1
395,4,398,2
395,5,399,1
395,6,399,2
395,7,400,1
395,8,400,2
395,9,401,1
395,10,401,2
395,11,402,1
395,12,402,2
395,13,403,1
395,14,403,2
395,15,404,1
395,16,404,2
395,17,405,1
395,18,405,2
395,19,406,1
395,20,406,2
395,21,407,1
395,22,407,2
395,23,408,1
395,24,408,2
395,25,409,1
395,26,409,2
395,27,410,1
395,28,410,2
395,29,411,1
395,30,411,2
395,31,412,1
395,32,412,2
395,33,413,1
395,34,413,2
395,35,414,1
395,36,414,2
395,37,415,1
395,38,415,2
395,39,416,1
395,40,416,2
397,2,418,1
397,1,418,2
398,2,419,1
398,1,419,2
399,2,420,1
399,1,420,2
400,2,421,1
400,1,421,2
401,2,422,1
401,1,422,2
402,2,423,1
402,1,423,2
403,2,424,1
403,1,424,2
404,2,425,1
404,1,425,2
405,2,426,1
405,1,426,2
406,2,427,1
406,1,427,2
407,2,428,1
407,1,428,2
408,2,429,1
408,1,429,2
409,2,430,1
409,1,430,2
410,2,431,1
410,1,431,2
411,2,432,1
411,1,432,2
412,2,433,1
412,1,433,2
413,2,434,1
413,1,434,2
414,2,435,1
414,1,435,2
415,2,436,1
415,1,436,2
416,2,437,1
416,1,437,2
418,1,439,45
419,1,439,46
420,1,439,47
421,1,439,48
422,1,439,49
423,1,439,50
424,1,439,51
425,1,439,52
426,1,439,53
427,1,439,54
428,1,439,55
429,1,439,56
430,1,439,57
431,1,439,58
432,1,439,59
433,1,439,60
434,1,439,61
435,1,439,62
436,1,439,63
437,1,439,64
439,1,441,1
439,2,441,2
439,3,442,1
439,4,442,2
439,5,443,1
439,6,443,2
439,7,444,1
439,8,444,2
439,9,445,1
439,10,445,2
439,11,446,1
439,12,446,2
439,13,447,1
439,14,447,2
439,15,448,1
439,16,448,2
439,17,449,1
439,18,449,2
439,19,450,1
439,20,450,2
439,21,451,1
439,22,451,2
439,23,452,1
439,24,452,2
439,25,453,1
439,26,453,2
439,27,454,1
439,28,454,2
439,29,455,1
439,30,455,2
439,31,456,1
439,32,456,2
439,33,457,1
439,34,457,2
439,35,458,1
439,36,458,2
439,37,459,1
439,38,459,2
439,39,460,1
439,40,460,2
439,41,461,1
439,42,461,2
439,43,462,1
439,44,462,2
439,45,463,1
439,46,463,2
439,47,464,1
439,48,464,2
439,49,465,1
439,50,465,2
439,51,466,1
439,52,466,2
439,53,467,1
439,54,467,2
439,55,468,1
439,56,468,2
439,57,469,1
439,58,469,2
439,59,470,1
439,60,470,2
439,61,471,1
439,62,471,2
439,63,472,1
439,64,472,2
441,2,474,1
441,1,474,2
442,2,475,1
442,1,475,2
443,2,476,1
443,1,476,2
444,2,477,1
444,1,477,2
445,2,478,1
445,1,478,2
446,2,479,1
446,1,479,2
447,2,480,1
447,1,480,2
448,2,481,1
448,1,481,2
449,2,482,1
449,1,482,2
450,2,483,1
450,1,483,2
451,2,484,1
451,1,484,2
452,2,485,1
452,1,485,2
453,2,486,1
453,1,486,2
454,2,487,1
454,1,487,2
455,2,488,1
455,1,488,2
456,2,489,1
456,1,489,2
457,2,490,1
457,1,490,2
458,2,491,1
458,1,491,2
459,2,492,1
459,1,492,2
460,2,493,1
460,1,493,2
461,2,494,1
461,1,494,2
462,2,495,1
462,1,495,2
463,2,496,1
463,1,496,2
464,2,497,1
464,1,497,2
465,2,498,1
465,1,498,2
466,2,499,1
466,1,499,2
467,2,500,1
467,1,500,2
468,2,501,1
468,1,501,2
469,2,502,1
469,1,502,2
470,2,503,1
470,1,503,2
471,2,504,1
471,1,504,2
472,2,505,1
472,1,505,2
474,1,507,1
475,1,507,2
476,1,507,3
477,1,507,4
478,1,507,5
479,1,507,6
480,1,507,7
481,1,507,8
482,1,507,9
483,1,507,10
484,1,507,11
485,1,507,12
486,1,507,13
487,1,507,14
488,1,507,15
489,1,507,16
490,1,507,17
491,1,507,18
492,1,507,19
493,1,507,20
494,1,507,21
495,1,507,22
496,1,507,23
497,1,507,24
498,1,507,25
499,1,507,26
500,1,507,27
501,1,507,28
502,1,507,29
503,1,507,30
504,1,507,31
505,1,507,32
507,1,509,1
507,2,509,2
507,3,510,1
507,4,510,2
507,5,511,1
507,6,511,2
507,7,512,1
507,8,512,2
507,9,513,1
507,10,513,2
507,11,514,1
507,12,514,2
507,13,515,1
507,14,515,2
507,15,516,1
507,16,516,2
507,17,517,1
507,18,517,2
507,19,518,1
507,20,518,2
507,21,519,1
507,22,519,2
507,23,520,1
507,24,520,2
507,25,521,1
507,26,521,2
507,27,522,1
507,28,522,2
507,29,523,1
507,30,523,2
507,31,524,1
507,32,524,2
509,2,526,1
509,1,526,2
510,2,527,1
510,1,527,2
511,2,528,1
511,1,528,2
512,2,529,1
512,1,529,2
513,2,530,1
513,1,530,2
514,2,531,1
514,1,531,2
515,2,532,1
515,1,532,2
516,2,533,1
516,1,533,2
517,2,534,1
517,1,534,2
518,2,535,1
518,1,535,2
519,2,536,1
519,1,536,2
520,2,537,1
520,1,537,2
521,2,538,1
521,1,538,2
522,2,539,1
522,1,539,2
523,2,540,1
523,1,540,2
524,2,541,1
524,1,541,2
526,1,543,1
527,1,543,2
528,1,543,3
529,1,543,4
530,1,543,5
531,1,543,6
532,1,543,7
533,1,543,8
534,1,543,9
535,1,543,10
536,1,543,11
537,1,543,12
538,1,543,13
539,1,543,14
540,1,543,15
541,1,543,16
543,1,545,1
543,2,545,2
543,3,546,1
543,4,546,2
543,5,547,1
543,6,547,2
543,7,548,1
543,8,548,2
543,9,549,1
543,10,549,2
543,11,550,1
543,12,550,2
543,13,551,1
543,14,551,2
543,15,552,1
543,16,552,2
545,2,554,1
545,1,554,2
546,2,555,1
546,1,555,2
547,2,556,1
547,1,556,2
548,2,557,1
548,1,557,2
549,2,558,1
549,1,558,2
550,2,559,1
550,1,559,2
551,2,560,1
551,1,560,2
552,2,561,1
552,1,561,2
554,1,563,1
555,1,563,2
556,1,563,3
557,1,563,4
558,1,563,5
559,1,563,6
560,1,563,7
561,1,563,8
563,1,565,1
563,2,565,2
563,3,566,1
563,4,566,2
563,5,567,1
563,6,567,2
563,7,568,1
563,8,568,2
565,2,570,1
565,1,570,2
566,2,571,1
566,1,571,2
567,2,572,1
567,1,572,2
568,2,573,1
568,1,573,2
570,1,575,1
571,1,575,2
572,1,575,3
573,1,575,4
575,1,577,1
575,2,577,2
575,3,578,1
575,4,578,2
577,1,580,1
578,1,580,2
583,1,586,1
583,2,586,2
583,3,586,3
583,4,586,4
583,5,586,5
583,6,586,6
583,7,586,7
583,8,586,8
583,9,586,9
583,10,586,10
583,11,586,11
583,12,586,12
583,13,586,13
583,14,586,14
583,15,586,15
583,16,586,16
583,17,586,17
583,18,586,18
583,19,586,19
583,20,586,20
583,21,586,21
583,22,586,22
583,23,586,23
583,24,586,24
583,25,586,25
583,26,586,26
583,27,586,27
583,28,586,28
583,29,586,29
583,30,586,30
583,31,586,31
583,32,586,32
583,33,586,33
583,34,586,34
583,35,586,35
583,36,586,36
583,37,586,37
583,38,586,38
583,39,586,39
583,40,586,40
583,41,586,41
583,42,586,42
583,43,586,43
583,44,586,44
583,45,586,45
583,46,586,46
583,47,586,47
583,48,586,48
583,49,586,49
583,50,586,50
583,51,586,51
583,52,586,52
583,53,586,53
583,54,586,54
583,55,586,55
583,56,586,56
583,57,586,57
583,58,586,58
583,59,586,59
583,60,586,60
583,61,586,61
583,62,586,62
583,63,586,63
583,64,586,64
583,65,586,65
583,66,586,66
583,67,586,67
583,68,586,68
583,69,586,69
583,70,586,70
583,71,586,71
583,72,586,72
586,1,588,1
586,2,588,2
586,3,589,1
586,4,589,2
586,5,590,1
586,6,590,2
586,7,591,1
586,8,591,2
586,9,592,1
586,10,592,2
586,11,593,1
586,12,593,2
586,13,594,1
586,14,594,2
586,15,595,1
586,16,595,2
586,17,596,1
586,18,596,2
586,19,597,1
586,20,597,2
586,21,598,1
586,22,598,2
586,23,599,1
586,24,599,2
586,25,600,1
586,26,600,2
586,27,601,1
586,28,601,2
586,29,602,1
586,30,602,2
586,31,603,1
586,32,603,2
586,33,604,1
586,34,604,2
586,35,605,1
586,36,605,2
586,37,606,1
586,38,606,2
586,39,607,1
586,40,607,2
586,41,608,1
586,42,608,2
586,43,609,1
586,44,609,2
586,45,610,1
586,46,610,2
586,47,611,1
586,48,611,2
586,49,612,1
586,50,612,2
586,51,613,1
586,52,613,2
586,53,614,1
586,54,614,2
586,55,615,1
586,56,615,2
586,57,616,1
586,58,616,2
586,59,617,1
586,60,617,2
586,61,618,1
586,62,618,2
586,63,619,1
586,64,619,2
586,65,620,1
586,66,620,2
586,67,621,1
586,68,621,2
586,69,622,1
586,70,622,2
586,71,623,1
586,72,623,2
584,9,625,1
584,10,625,2
584,11,625,3
584,12,625,4
584,13,625,5
584,14,625,6
584,15,625,7
584,16,625,8
584,17,625,9
584,18,625,10
584,19,625,11
584,20,625,12
588,1,625,13
589,1,625,14
590,1,625,15
591,1,625,16
592,1,625,17
593,1,625,18
594,1,625,19
595,1,625,20
596,1,625,21
597,1,625,22
598,1,625,23
599,1,625,24
600,1,625,25
601,1,625,26
602,1,625,27
603,1,625,28
604,1,625,29
605,1,625,30
606,1,625,31
607,1,625,32
608,1,625,33
609,1,625,34
610,1,625,35
611,1,625,36
612,1,625,37
613,1,625,38
614,1,625,39
615,1,625,40
616,1,625,41
617,1,625,42
618,1,625,43
619,1,625,44
620,1,625,45
621,1,625,46
622,1,625,47
623,1,625,48
625,1,627,1
625,2,627,2
625,3,628,1
625,4,628,2
625,5,629,1
625,6,629,2
625,7,630,1
625,8,630,2
625,9,631,1
625,10,631,2
625,11,632,1
625,12,632,2
625,13,633,1
625,14,633,2
625,15,634,1
625,16,634,2
625,17,635,1
625,18,635,2
625,19,636,1
625,20,636,2
625,21,637,1
625,22,637,2
625,23,638,1
625,24,638,2
625,25,639,1
625,26,639,2
625,27,640,1
625,28,640,2
625,29,641,1
625,30,641,2
625,31,642,1
625,32,642,2
625,33,643,1
625,34,643,2
625,35,644,1
625,36,644,2
625,37,645,1
625,38,645,2
625,39,646,1
625,40,646,2
625,41,647,1
625,42,647,2
625,43,648,1
625,44,648,2
625,45,649,1
625,46,649,2
625,47,650,1
625,48,650,2
584,1,652,1
584,2,652,2
584,3,652,3
584,4,652,4
584,5,652,5
584,6,652,6
584,7,652,7
584,8,652,8
627,1,652,9
628,1,652,10
629,1,652,11
630,1,652,12
631,1,652,13
632,1,652,14
633,1,652,15
634,1,652,16
635,1,652,17
636,1,652,18
637,1,652,19
638,1,652,20
639,1,652,21
640,1,652,22
641,1,652,23
642,1,652,24
643,1,652,25
644,1,652,26
645,1,652,27
646,1,652,28
647,1,652,29
648,1,652,30
649,1,652,31
650,1,652,32
652,1,654,1
652,2,654,2
652,3,655,1
652,4,655,2
652,5,656,1
652,6,656,2
652,7,657,1
652,8,657,2
652,9,658,1
652,10,658,2
652,11,659,1
652,12,659,2
652,13,660,1
652,14,660,2
652,15,661,1
652,16,661,2
652,17,662,1
652,18,662,2
652,19,663,1
652,20,663,2
652,21,664,1
652,22,664,2
652,23,665,1
652,24,665,2
652,25,666,1
652,26,666,2
652,27,667,1
652,28,667,2
652,29,668,1
652,30,668,2
652,31,669,1
652,32,669,2
654,1,671,1
655,1,671,2
656,1,671,3
657,1,671,4
658,1,671,5
659,1,671,6
660,1,671,7
661,1,671,8
662,1,671,9
663,1,671,10
664,1,671,11
665,1,671,12
666,1,671,13
667,1,671,14
668,1,671,15
669,1,671,16
671,1,673,1
671,2,673,2
671,3,674,1
671,4,674,2
671,5,675,1
671,6,675,2
671,7,676,1
671,8,676,2
671,9,677,1
671,10,677,2
671,11,678,1
671,12,678,2
671,13,679,1
671,14,679,2
671,15,680,1
671,16,680,2
673,1,682,1
674,1,682,2
675,1,682,3
676,1,682,4
677,1,682,5
678,1,682,6
679,1,682,7
680,1,682,8
682,1,684,1
682,2,684,2
682,3,685,1
682,4,685,2
682,5,686,1
682,6,686,2
682,7,687,1
682,8,687,2
684,1,689,1
685,1,689,2
686,1,689,3
687,1,689,4
689,1,691,1
689,2,691,2
689,3,692,1
689,4,692,2
691,1,694,1
692,1,694,2
697,1,699,1
697,2,699,2
697,3,699,3
697,4,699,4
697,5,699,5
697,6,699,6
697,7,699,7
697,8,699,8
697,9,699,9
697,10,699,10
697,11,699,11
697,12,699,12
697,13,699,13
697,14,699,14
697,15,699,15
697,16,699,16
697,17,699,17
697,18,699,18
697,19,699,19
697,20,699,20
697,21,699,21
697,22,699,22
697,23,699,23
697,24,699,24
697,25,699,25
697,26,699,26
697,27,699,27
697,28,699,28
697,29,699,29
697,30,699,30
697,31,699,31
697,32,699,32
697,33,699,33
697,34,699,34
697,35,699,35
697,36,699,36
697,37,699,37
697,38,699,38
697,39,699,39
697,40,699,40
697,41,699,41
697,42,699,42
697,43,699,43
697,44,699,44
697,45,699,45
697,46,699,46
697,47,699,47
697,48,699,48
699,1,701,1
699,2,701,2
699,3,701,3
699,4,701,4
699,5,701,5
699,6,701,6
699,7,701,7
699,8,701,8
699,25,702,1
699,26,702,2
699,27,702,3
699,28,702,4
699,29,702,5
699,30,702,6
699,31,702,7
699,32,702,8
699,9,705,1
699,10,705,2
699,11,706,1
699,12,706,2
699,13,707,1
699,14,707,2
699,15,708,1
699,16,708,2
699,17,710,1
699,18,710,2
699,19,711,1
699,20,711,2
699,21,712,1
699,22,712,2
699,23,713,1
699,24,713,2
699,33,715,1
699,34,715,2
699,35,716,1
699,36,716,2
699,37,717,1
699,38,717,2
699,39,718,1
699,40,718,2
699,41,720,1
699,42,720,2
699,43,721,1
699,44,721,2
699,45,722,1
699,46,722,2
699,47,723,1
699,48,723,2
701,1,725,1
701,2,725,2
701,3,725,3
701,4,725,4
701,5,725,5
701,6,725,6
701,7,725,7
701,8,725,8
705,1,725,9
706,1,725,10
707,1,725,11
708,1,725,12
710,1,725,13
711,1,725,14
712,1,725,15
713,1,725,16
702,1,726,1
702,2,726,2
702,3,726,3
702,4,726,4
702,5,726,5
702,6,726,6
702,7,726,7
702,8,726,8
715,1,726,9
716,1,726,10
717,1,726,11
718,1,726,12
720,1,726,13
721,1,726,14
722,1,726,15
723,1,726,16
725,1,729,1
725,2,729,2
725,3,730,1
725,4,730,2
725,5,731,1
725,6,731,2
725,7,732,1
725,8,732,2
725,9,733,1
725,10,733,2
725,11,734,1
725,12,734,2
725,13,735,1
725,14,735,2
725,15,736,1
725,16,736,2
726,1,738,1
726,2,738,2
726,3,739,1
726,4,739,2
726,5,740,1
726,6,740,2
726,7,741,1
726,8,741,2
726,9,742,1
726,10,742,2
726,11,743,1
726,12,743,2
726,13,744,1
726,14,744,2
726,15,745,1
726,16,745,2
729,1,747,1
730,1,747,2
731,1,747,3
732,1,747,4
733,1,747,5
734,1,747,6
735,1,747,7
736,1,747,8
738,1,748,1
739,1,748,2
740,1,748,3
741,1,748,4
742,1,748,5
743,1,748,6
744,1,748,7
745,1,748,8
747,1,751,1
747,2,751,2
747,3,752,1
747,4,752,2
747,5,753,1
747,6,753,2
747,7,754,1
747,8,754,2
748,1,756,1
748,2,756,2
748,3,757,1
748,4,757,2
748,5,758,1
748,6,758,2
748,7,759,1
748,8,759,2
751,1,761,1
752,1,761,2
753,1,761,3
754,1,761,4
756,1,762,1
757,1,762,2
758,1,762,3
759,1,762,4
761,1,765,1
761,2,765,2
761,3,766,1
761,4,766,2
762,1,768,1
762,2,768,2
762,3,769,1
762,4,769,2
765,1,771,1
766,1,771,2
768,1,772,1
769,1,772,2
771,1,774,1
772,1,774,2
780,6,791,1
780,3,791,2
780,5,792,1
780,4,792,2
792,1,794,1
791,1,794,2
783,6,799,1
783,3,799,2
783,5,800,1
783,4,800,2
800,1,802,1
799,1,802,2
786,7,807,1
786,4,807,2
786,6,808,1
786,5,808,2
808,1,810,1
807,1,810,2
818,1,820,1
818,2,820,2
818,3,820,3
818,4,820,4
818,5,820,5
818,6,820,6
818,7,820,7
818,8,820,8
818,9,820,9
818,10,820,10
818,11,820,11
818,12,820,12
818,13,820,13
818,14,820,14
818,15,820,15
818,16,820,16
818,17,820,17
818,18,820,18
818,19,820,19
818,20,820,20
820,1,822,1
820,2,822,2
820,3,823,1
820,4,823,2
820,5,824,1
820,6,824,2
820,7,825,1
820,8,825,2
820,9,826,1
820,10,826,2
820,11,827,1
820,12,827,2
820,13,828,1
820,14,828,2
820,15,829,1
820,16,829,2
817,1,831,1
817,2,831,2
817,3,831,3
817,4,831,4
817,5,831,5
817,6,831,6
817,7,831,7
817,8,831,8
817,9,831,9
817,10,831,10
817,11,831,11
817,12,831,12
817,13,831,13
817,14,831,14
817,15,831,15
817,16,831,16
817,17,831,17
817,18,831,18
817,19,831,19
817,20,831,20
820,17,831,21
820,18,831,22
820,19,831,23
820,20,831,24
822,1,831,25
823,1,831,26
824,1,831,27
825,1,831,28
826,1,831,29
827,1,831,30
828,1,831,31
829,1,831,32
831,1,833,1
831,2,833,2
831,3,834,1
831,4,834,2
831,5,835,1
831,6,835,2
831,7,836,1
831,8,836,2
831,9,837,1
831,10,837,2
831,11,838,1
831,12,838,2
831,13,839,1
831,14,839,2
831,15,840,1
831,16,840,2
831,17,841,1
831,18,841,2
831,19,842,1
831,20,842,2
831,21,843,1
831,22,843,2
831,23,844,1
831,24,844,2
831,25,845,1
831,26,845,2
831,27,846,1
831,28,846,2
831,29,847,1
831,30,847,2
831,31,848,1
831,32,848,2
833,1,850,1
834,1,850,2
835,1,850,3
836,1,850,4
837,1,850,5
838,1,850,6
839,1,850,7
840,1,850,8
841,1,850,9
842,1,850,10
843,1,850,11
844,1,850,12
845,1,850,13
846,1,850,14
847,1,850,15
848,1,850,16
850,1,852,1
850,2,852,2
850,3,853,1
850,4,853,2
850,5,854,1
850,6,854,2
850,7,855,1
850,8,855,2
850,9,856,1
850,10,856,2
850,11,857,1
850,12,857,2
850,13,858,1
850,14,858,2
850,15,859,1
850,16,859,2
852,1,861,1
853,1,861,2
854,1,861,3
855,1,861,4
856,1,861,5
857,1,861,6
858,1,861,7
859,1,861,8
861,1,863,1
861,2,863,2
861,3,864,1
861,4,864,2
861,5,865,1
861,6,865,2
861,7,866,1
861,8,866,2
863,1,868,1
864,1,868,2
865,1,868,3
866,1,868,4
868,1,870,1
868,2,870,2
868,3,871,1
868,4,871,2
870,1,873,1
871,1,873,2
877,1,879,1
877,2,879,2
877,3,879,3
877,4,879,4
877,5,879,5
877,6,879,6
877,7,879,7
877,8,879,8
877,9,879,9
877,10,879,10
877,11,879,11
877,12,879,12
877,13,879,13
877,14,879,14
877,15,879,15
877,16,879,16
877,17,879,17
877,18,879,18
877,19,879,19
877,20,879,20
879,1,881,1
879,2,881,2
879,3,882,1
879,4,882,2
879,5,883,1
879,6,883,2
879,7,884,1
879,8,884,2
879,9,885,1
879,10,885,2
879,11,886,1
879,12,886,2
879,13,887,1
879,14,887,2
879,15,888,1
879,16,888,2
876,1,890,1
876,2,890,2
876,3,890,3
876,4,890,4
876,5,890,5
876,6,890,6
876,7,890,7
876,8,890,8
876,9,890,9
876,10,890,10
876,11,890,11
876,12,890,12
876,13,890,13
876,14,890,14
876,15,890,15
876,16,890,16
876,17,890,17
876,18,890,18
876,19,890,19
876,20,890,20
879,17,890,21
879,18,890,22
879,19,890,23
879,20,890,24
881,1,890,25
882,1,890,26
883,1,890,27
884,1,890,28
885,1,890,29
886,1,890,30
887,1,890,31
888,1,890,32
890,1,892,1
890,2,892,2
890,3,893,1
890,4,893,2
890,5,894,1
890,6,894,2
890,7,895,1
890,8,895,2
890,9,896,1
890,10,896,2
890,11,897,1
890,12,897,2
890,13,898,1
890,14,898,2
890,15,899,1
890,16,899,2
890,17,900,1
890,18,900,2
890,19,901,1
890,20,901,2
890,21,902,1
890,22,902,2
890,23,903,1
890,24,903,2
890,25,904,1
890,26,904,2
890,27,905,1
890,28,905,2
890,29,906,1
890,30,906,2
890,31,907,1
890,32,907,2
892,1,909,1
893,1,909,2
894,1,909,3
895,1,909,4
896,1,909,5
897,1,909,6
898,1,909,7
899,1,909,8
900,1,909,9
901,1,909,10
902,1,909,11
903,1,909,12
904,1,909,13
905,1,909,14
906,1,909,15
907,1,909,16
909,1,911,1
909,2,911,2
909,3,912,1
909,4,912,2
909,5,913,1
909,6,913,2
909,7,914,1
909,8,914,2
909,9,915,1
909,10,915,2
909,11,916,1
909,12,916,2
909,13,917,1
909,14,917,2
909,15,918,1
909,16,918,2
911,1,920,1
912,1,920,2
913,1,920,3
914,1,920,4
915,1,920,5
916,1,920,6
917,1,920,7
918,1,920,8
920,1,922,1
920,2,922,2
920,3,923,1
920,4,923,2
920,5,924,1
920,6,924,2
920,7,925,1
920,8,925,2
922,1,927,1
923,1,927,2
924,1,927,3
925,1,927,4
927,1,929,1
927,2,929,2
927,3,930,1
927,4,930,2
929,1,932,1
930,1,932,2
943,1,945,1
943,2,945,2
943,3,945,3
943,4,945,4
943,5,945,5
943,6,945,6
943,7,945,7
943,8,945,8
943,9,945,9
943,10,945,10
943,11,945,11
943,12,945,12
943,13,945,13
943,14,945,14
943,15,945,15
943,16,945,16
943,17,945,17
943,18,945,18
945,1,947,1
945,2,947,2
945,3,948,1
945,4,948,2
945,5,949,1
945,6,949,2
945,7,950,1
945,8,950,2
942,1,952,1
942,2,952,2
942,3,952,3
942,4,952,4
942,5,952,5
942,6,952,6
942,7,952,7
942,8,952,8
942,9,952,9
942,10,952,10
942,11,952,11
942,12,952,12
942,13,952,13
942,14,952,14
942,15,952,15
942,16,952,16
942,17,952,17
942,18,952,18
945,9,952,19
945,10,952,20
945,11,952,21
945,12,952,22
945,13,952,23
945,14,952,24
945,15,952,25
945,16,952,26
945,17,952,27
945,18,952,28
947,1,952,29
948,1,952,30
949,1,952,31
950,1,952,32
952,1,954,1
952,2,954,2
952,3,955,1
952,4,955,2
952,5,956,1
952,6,956,2
952,7,957,1
952,8,957,2
952,9,958,1
952,10,958,2
952,11,959,1
952,12,959,2
952,13,960,1
952,14,960,2
952,15,961,1
952,16,961,2
952,17,962,1
952,18,962,2
952,19,963,1
952,20,963,2
952,21,964,1
952,22,964,2
952,23,965,1
952,24,965,2
952,25,966,1
952,26,966,2
952,27,967,1
952,28,967,2
952,29,968,1
952,30,968,2
952,31,969,1
952,32,969,2
954,1,971,1
955,1,971,2
956,1,971,3
957,1,971,4
958,1,971,5
959,1,971,6
960,1,971,7
961,1,971,8
962,1,971,9
963,1,971,10
964,1,971,11
965,1,971,12
966,1,971,13
967,1,971,14
968,1,971,15
969,1,971,16
971,1,973,1
971,2,973,2
971,3,974,1
971,4,974,2
971,5,975,1
971,6,975,2
971,7,976,1
971,8,976,2
971,9,977,1
971,10,977,2
971,11,978,1
971,12,978,2
971,13,979,1
971,14,979,2
971,15,980,1
971,16,980,2
973,1,982,1
974,1,982,2
975,1,982,3
976,1,982,4
977,1,982,5
978,1,982,6
979,1,982,7
980,1,982,8
982,1,984,1
982,2,984,2
982,3,985,1
982,4,985,2
982,5,986,1
982,6,986,2
982,7,987,1
982,8,987,2
984,1,989,1
985,1,989,2
986,1,989,3
987,1,989,4
989,1,991,1
989,2,991,2
989,3,992,1
989,4,992,2
991,1,994,1
992,1,994,2
997,16,1005,1
1000,3,1005,2
1009,6,1011,1
1009,11,1011,2
1009,7,1012,1
1009,10,1012,2
1009,8,1013,1
1009,9,1013,2
1009,5,1014,1
1009,12,1014,2
1011,2,1016,1
1011,1,1016,2
1012,2,1017,1
1012,1,1017,2
1013,2,1018,1
1013,1,1018,2
1014,2,1019,1
1014,1,1019,2
1009,1,1021,1
1016,1,1021,2
1009,2,1022,1
1017,1,1022,2
1009,3,1023,1
1018,1,1023,2
1009,4,1024,1
1019,1,1024,2
1021,2,1026,1
1021,1,1026,2
1022,2,1027,1
1022,1,1027,2
1023,2,1028,1
1023,1,1028,2
1024,2,1029,1
1024,1,1029,2
1026,1,1031,1
1029,1,1031,2
1027,1,1032,1
1028,1,1032,2
1031,1,1034,1
1032,1,1034,2
1045,1,1047,1
1045,2,1047,2
1045,3,1047,3
1045,4,1047,4
1045,5,1047,5
1045,6,1047,6
1045,7,1047,7
1045,8,1047,8
1045,9,1047,9
1045,10,1047,10
1045,11,1047,11
1045,12,1047,12
1045,13,1047,13
1045,14,1047,14
1045,15,1047,15
1045,16,1047,16
1045,17,1047,17
1045,18,1047,18
1045,19,1047,19
1045,20,1047,20
1045,21,1047,21
1045,22,1047,22
1047,19,1049,1
1047,20,1049,2
1047,21,1050,1
1047,22,1050,2
1044,9,1052,1
1047,1,1052,2
1047,16,1053,1
1050,1,1053,2
1044,13,1054,1
1047,5,1054,2
1044,20,1055,1
1047,12,1055,2
1044,12,1056,1
1047,4,1056,2
1047,13,1057,1
1047,18,1057,2
1044,16,1058,1
1047,8,1058,2
1044,17,1059,1
1047,9,1059,2
1044,10,1060,1
1047,2,1060,2
1047,15,1061,1
1049,1,1061,2
1044,14,1062,1
1047,6,1062,2
1044,19,1063,1
1047,11,1063,2
1044,11,1064,1
1047,3,1064,2
1047,14,1065,1
1047,17,1065,2
1044,15,1066,1
1047,7,1066,2
1044,18,1067,1
1047,10,1067,2
1052,1,1069,1
1053,1,1069,2
1054,1,1070,1
1055,1,1070,2
1056,1,1071,1
1057,1,1071,2
1058,1,1072,1
1059,1,1072,2
1060,1,1073,1
1061,1,1073,2
1062,1,1074,1
1063,1,1074,2
1064,1,1075,1
1065,1,1075,2
1066,1,1076,1
1067,1,1076,2
1044,1,1078,1
1076,1,1078,2
1044,8,1079,1
1069,1,1079,2
1044,4,1080,1
1073,1,1080,2
1044,5,1081,1
1072,1,1081,2
1044,2,1082,1
1075,1,1082,2
1044,7,1083,1
1070,1,1083,2
1044,3,1084,1
1074,1,1084,2
1044,6,1085,1
1071,1,1085,2
1078,1,1087,1
1079,1,1087,2
1080,1,1088,1
1081,1,1088,2
1082,1,1089,1
1083,1,1089,2
1084,1,1090,1
1085,1,1090,2
1087,1,1092,1
1088,1,1092,2
1089,1,1093,1
1090,1,1093,2
1092,1,1095,1
1093,1,1095,2
1105,15,1107,1
1105,18,1107,2
1105,16,1108,1
1105,17,1108,2
1105,1,1110,1
1107,1,1110,2
1105,2,1111,1
1108,1,1111,2
1105,3,1112,1
1105,14,1112,2
1105,4,1113,1
1105,13,1113,2
1105,5,1114,1
1105,12,1114,2
1105,6,1115,1
1105,11,1115,2
1105,7,1116,1
1105,10,1116,2
1105,8,1117,1
1105,9,1117,2
1110,1,1119,1
1117,1,1119,2
1111,1,1120,1
1116,1,1120,2
1112,1,1121,1
1115,1,1121,2
1113,1,1122,1
1114,1,1122,2
1119,1,1124,1
1122,1,1124,2
1120,1,1125,1
1121,1,1125,2
1124,1,1127,1
1125,1,1127,2
1134,1,1136,1
1134,16,1136,2
1134,2,1137,1
1134,15,1137,2
1134,3,1138,1
1134,14,1138,2
1134,4,1139,1
1134,13,1139,2
1134,5,1140,1
1134,12,1140,2
1134,6,1141,1
1134,11,1141,2
1134,7,1142,1
1134,10,1142,2
1134,8,1143,1
1134,9,1143,2
1136,1,1145,1
1143,1,1145,2
1137,1,1146,1
1142,1,1146,2
1138,1,1147,1
1141,1,1147,2
1139,1,1148,1
1140,1,1148,2
1145,1,1150,1
1148,1,1150,2
1146,1,1151,1
1147,1,1151,2
1150,1,1153,1
1151,1,1153,2
1160,1,1162,1
1160,16,1162,2
1160,2,1163,1
1160,15,1163,2
1160,3,1164,1
1160,14,1164,2
1160,4,1165,1
1160,13,1165,2
1160,5,1166,1
1160,12,1166,2
1160,6,1167,1
1160,11,1167,2
1160,7,1168,1
1160,10,1168,2
1160,8,1169,1
1160,9,1169,2
1162,1,1171,1
1169,1,1171,2
1163,1,1172,1
1168,1,1172,2
1164,1,1173,1
1167,1,1173,2
1165,1,1174,1
1166,1,1174,2
1171,1,1176,1
1174,1,1176,2
1172,1,1177,1
1173,1,1177,2
1176,1,1179,1
1177,1,1179,2
1182,1,1184,1
1182,2,1184,2
1182,3,1184,3
1182,4,1184,4
1182,5,1184,5
1182,6,1184,6
1182,7,1184,7
1182,8,1184,8
1182,9,1185,1
1182,10,1185,2
1182,11,1185,3
1182,12,1185,4
1182,13,1185,5
1182,14,1185,6
1182,15,1185,7
1182,16,1185,8
1189,1,1191,1
1189,16,1191,2
1189,2,1192,1
1189,15,1192,2
1189,3,1193,1
1189,14,1193,2
1189,4,1194,1
1189,13,1194,2
1189,5,1195,1
1189,12,1195,2
1189,6,1196,1
1189,11,1196,2
1189,7,1197,1
1189,10,1197,2
1189,8,1198,1
1189,9,1198,2
1191,1,1200,1
1198,1,1200,2
1192,1,1201,1
1197,1,1201,2
1193,1,1202,1
1196,1,1202,2
1194,1,1203,1
1195,1,1203,2
1200,1,1205,1
1203,1,1205,2
1201,1,1206,1
1202,1,1206,2
1205,1,1208,1
1206,1,1208,2
1215,1,1217,1
1215,16,1217,2
1215,2,1218,1
1215,15,1218,2
1215,3,1219,1
1215,14,1219,2
1215,4,1220,1
1215,13,1220,2
1215,5,1221,1
1215,12,1221,2
1215,6,1222,1
1215,11,1222,2
1215,7,1223,1
1215,10,1223,2
1215,8,1224,1
1215,9,1224,2
1217,1,1226,1
1224,1,1226,2
1218,1,1227,1
1223,1,1227,2
1219,1,1228,1
1222,1,1228,2
1220,1,1229,1
1221,1,1229,2
1226,1,1231,1
1229,1,1231,2
1227,1,1232,1
1228,1,1232,2
1231,1,1234,1
1232,1,1234,2
1241,5,1243,1
1241,12,1243,2
1241,6,1244,1
1241,11,1244,2
1241,7,1245,1
1241,10,1245,2
1241,8,1246,1
1241,9,1246,2
1243,2,1248,1
1243,1,1248,2
1244,2,1249,1
1244,1,1249,2
1245,2,1250,1
1245,1,1250,2
1246,2,1251,1
1246,1,1251,2
1241,1,1253,1
1248,1,1253,2
1241,2,1254,1
1249,1,1254,2
1241,3,1255,1
1250,1,1255,2
1241,4,1256,1
1251,1,1256,2
1253,2,1258,1
1253,1,1258,2
1254,2,1259,1
1254,1,1259,2
1255,2,1260,1
1255,1,1260,2
1256,2,1261,1
1256,1,1261,2
1258,1,1263,1
1261,1,1263,2
1259,1,1264,1
1260,1,1264,2
1263,1,1266,1
1264,1,1266,2
1269,1,1271,1
1269,2,1271,2
1269,3,1271,3
1269,4,1271,4
1269,5,1271,5
1269,6,1271,6
1269,7,1272,1
1269,8,1272,2
1269,9,1272,3
1269,10,1272,4
1269,11,1272,5
1269,12,1272,6
1280,1,1282,1
1280,2,1282,2
1280,3,1282,3
1280,4,1282,4
1280,5,1282,5
1280,6,1282,6
1280,7,1282,7
1280,8,1282,8
1280,9,1282,9
1280,10,1282,10
1280,11,1282,11
1280,12,1282,12
1280,13,1282,13
1280,14,1282,14
1280,15,1282,15
1280,16,1282,16
1280,17,1282,17
1280,18,1282,18
1280,19,1282,19
1280,20,1282,20
1280,21,1282,21
1280,22,1282,22
1282,3,1284,1
1282,4,1284,2
1282,5,1285,1
1282,6,1285,2
1282,7,1286,1
1282,8,1286,2
1282,9,1287,1
1282,10,1287,2
1282,11,1288,1
1282,12,1288,2
1282,13,1289,1
1282,14,1289,2
1282,15,1290,1
1282,16,1290,2
1282,17,1291,1
1282,18,1291,2
1282,19,1292,1
1282,20,1292,2
1282,21,1293,1
1282,22,1293,2
1279,1,1295,1
1282,1,1295,2
1279,8,1296,1
1288,1,1296,2
1279,9,1297,1
1287,1,1297,2
1279,16,1298,1
1279,17,1298,2
1279,4,1299,1
1292,1,1299,2
1279,5,1300,1
1291,1,1300,2
1279,12,1301,1
1284,1,1301,2
1279,13,1302,1
1279,20,1302,2
1279,2,1303,1
1282,2,1303,2
1279,7,1304,1
1289,1,1304,2
1279,10,1305,1
1286,1,1305,2
1279,15,1306,1
1279,18,1306,2
1279,3,1307,1
1293,1,1307,2
1279,6,1308,1
1290,1,1308,2
1279,11,1309,1
1285,1,1309,2
1279,14,1310,1
1279,19,1310,2
1295,1,1312,1
1296,1,1312,2
1297,1,1313,1
1298,1,1313,2
1299,1,1314,1
1300,1,1314,2
1301,1,1315,1
1302,1,1315,2
1303,1,1316,1
1304,1,1316,2
1305,1,1317,1
1306,1,1317,2
1307,1,1318,1
1308,1,1318,2
1309,1,1319,1
1310,1,1319,2
1312,1,1321,1
1313,1,1321,2
1314,1,1322,1
1315,1,1322,2
1316,1,1323,1
1317,1,1323,2
1318,1,1324,1
1319,1,1324,2
1321,1,1326,1
1322,1,1326,2
1323,1,1327,1
1324,1,1327,2
1326,1,1329,1
1327,1,1329,2
1335,6,1340,1
1335,3,1340,2
1335,5,1341,1
1335,4,1341,2
1341,1,1343,1
1340,1,1343,2
1347,1,1349,1
1347,16,1349,2
1347,2,1350,1
1347,15,1350,2
1347,3,1351,1
1347,14,1351,2
1347,4,1352,1
1347,13,1352,2
1347,5,1353,1
1347,12,1353,2
1347,6,1354,1
1347,11,1354,2
1347,7,1355,1
1347,10,1355,2
1347,8,1356,1
1347,9,1356,2
1349,1,1358,1
1356,1,1358,2
1350,1,1359,1
1355,1,1359,2
1351,1,1360,1
1354,1,1360,2
1352,1,1361,1
1353,1,1361,2
1358,1,1363,1
1361,1,1363,2
1359,1,1364,1
1360,1,1364,2
1363,1,1366,1
1364,1,1366,2
1373,7,1375,1
1373,10,1375,2
1373,8,1376,1
1373,9,1376,2
1373,1,1378,1
1375,1,1378,2
1373,2,1379,1
1376,1,1379,2
1373,3,1380,1
1373,6,1380,2
1373,4,1381,1
1373,5,1381,2
1378,1,1383,1
1381,1,1383,2
1379,1,1384,1
1380,1,1384,2
1383,1,1386,1
1384,1,1386,2
1397,0,1399,1
1402,0,1404,1
1402,0,1404,2
1402,0,1404,3
1402,0,1404,4
1402,0,1405,1
1402,0,1405,2
1402,0,1405,3
1402,0,1405,4
1404,1,1407,1
1405,2,1407,2
1405,1,1408,1
1404,2,1408,2
1407,1,1410,1
1408,1,1410,2
1414,0,1416,1
1414,0,1416,2
1414,0,1416,3
1414,0,1416,4
1414,0,1416,5
1414,0,1416,6
1414,0,1416,7
1414,0,1416,8
1414,0,1416,9
1414,0,1416,10
1414,0,1416,11
1414,0,1416,12
1414,0,1416,13
1414,0,1416,14
1414,0,1416,15
1414,0,1416,16
1414,0,1416,17
1416,1,1418,1
1416,2,1418,2
1416,3,1420,1
1418,1,1420,2
1416,4,1421,1
1416,5,1421,2
1416,6,1422,1
1416,7,1422,2
1416,8,1423,1
1416,9,1423,2
1416,10,1424,1
1416,11,1424,2
1416,12,1425,1
1416,13,1425,2
1416,14,1426,1
1416,15,1426,2
1416,16,1427,1
1416,17,1427,2
1420,1,1429,1
1426,1,1429,2
1422,1,1430,1
1425,1,1430,2
1421,1,1431,1
1427,1,1431,2
1424,1,1432,1
1423,1,1432,2
1429,1,1434,1
1430,1,1434,2
1431,1,1435,1
1432,1,1435,2
1434,1,1437,1
1435,1,1437,2
1440,4,1443,1
1440,5,1443,2
1441,4,1444,1
1441,5,1444,2
1443,1,1447,1
1440,1,1447,2
1440,3,1448,1
1440,2,1448,2
1444,1,1450,1
1441,1,1450,2
1441,3,1451,1
1441,2,1451,2
1447,1,1453,1
1448,1,1453,2
1450,1,1454,1
1451,1,1454,2
1453,2,1456,1
1453,1,1456,2
1454,2,1457,1
1454,1,1457,2
1456,1,1459,1
1457,1,1459,2
1459,1,1461,1
1459,2,1461,2
1465,8,1467,1
1465,1,1467,2
1465,7,1468,1
1465,2,1468,2
1465,6,1469,1
1465,3,1469,2
1465,5,1470,1
1465,4,1470,2
1467,1,1472,1
1468,1,1472,2
1469,1,1472,3
1470,1,1472,4
1472,4,1474,1
1472,1,1474,2
1472,3,1475,1
1472,2,1475,2
1474,1,1477,1
1475,1,1477,2
1477,2,1479,1
1477,1,1479,2
1482,8,1484,1
1482,1,1484,2
1482,7,1485,1
1482,2,1485,2
1482,6,1486,1
1482,3,1486,2
1482,5,1487,1
1482,4,1487,2
1484,1,1489,1
1485,1,1489,2
1486,1,1489,3
1487,1,1489,4
1489,4,1491,1
1489,1,1491,2
1489,3,1492,1
1489,2,1492,2
1491,1,1494,1
1492,1,1494,2
1494,2,1496,1
1494,1,1496,2
1503,0,1505,1
1508,0,1510,1
1508,0,1510,2
1508,0,1510,3
1508,0,1510,4
1508,0,1511,1
1508,0,1511,2
1508,0,1511,3
1508,0,1511,4
1510,1,1513,1
1511,2,1513,2
1511,1,1514,1
1510,2,1514,2
1513,1,1516,1
1514,1,1516,2
1520,3,1522,1
1520,6,1522,2
1520,4,1523,1
1520,5,1523,2
1522,1,1525,1
1523,1,1525,2
1520,1,1527,1
1525,2,1527,2
1520,2,1528,1
1525,1,1528,2
1527,1,1530,1
1528,1,1530,2
1530,1,1532,1
1530,2,1532,2
1540,3,1542,1
1540,14,1542,2
1540,4,1543,1
1540,13,1543,2
1540,5,1544,1
1540,12,1544,2
1540,6,1545,1
1540,11,1545,2
1540,7,1546,1
1540,10,1546,2
1540,8,1547,1
1540,9,1547,2
1540,1,1549,1
1545,1,1549,2
1542,1,1550,1
1547,1,1550,2
1543,1,1551,1
1546,1,1551,2
1540,2,1552,1
1544,1,1552,2
1549,1,1554,1
1552,1,1554,2
1550,1,1555,1
1551,1,1555,2
1554,1,1557,1
1555,1,1557,2
1563,1,1565,1
1563,8,1565,2
1563,2,1566,1
1563,7,1566,2
1563,3,1567,1
1563,6,1567,2
1563,4,1568,1
1563,5,1568,2
1565,1,1570,1
1568,1,1570,2
1566,1,1571,1
1567,1,1571,2
1570,1,1573,1
1571,1,1573,2
1584,1,1587,1
1584,2,1587,2
1584,3,1587,3
1584,4,1588,1
1584,5,1588,2
1584,6,1588,3
1584,7,1589,1
1584,8,1589,2
1584,9,1589,3
1584,10,1590,1
1585,1,1590,2
1585,2,1590,3
1587,0,1592,1
1588,0,1592,2
1589,0,1592,3
1590,0,1592,4
1587,0,1593,1
1588,0,1593,2
1589,0,1593,3
1590,0,1593,4
1587,0,1594,1
1588,0,1594,2
1589,0,1594,3
1590,0,1594,4
1592,3,1596,1
1593,3,1596,2
1594,3,1596,3
1596,1,1598,1
1596,2,1598,2
1592,1,1600,1
1598,0,1600,2
1592,2,1601,1
1594,2,1601,2
1593,1,1602,1
1598,0,1602,2
1594,1,1603,1
1593,2,1603,2
1600,1,1605,1
1601,1,1605,2
1602,1,1606,1
1603,1,1606,2
1605,2,1608,1
1606,2,1608,2
1605,1,1610,1
1606,1,1610,2
1613,1,1615,1
1613,5,1615,2
1613,9,1615,3
1613,13,1615,4
1613,2,1616,1
1613,6,1616,2
1613,10,1616,3
1613,14,1616,4
1613,3,1617,1
1613,7,1617,2
1613,11,1617,3
1613,15,1617,4
1613,4,1618,1
1613,8,1618,2
1613,12,1618,3
1613,16,1618,4
1615,1,1620,1
1615,2,1620,2
1616,1,1620,3
1616,2,1620,4
1617,1,1620,5
1617,2,1620,6
1618,1,1620,7
1618,2,1620,8
1620,8,1622,1
1620,1,1622,2
1620,7,1623,1
1620,2,1623,2
1620,6,1624,1
1620,3,1624,2
1620,5,1625,1
1620,4,1625,2
1622,1,1627,1
1623,1,1627,2
1624,1,1627,3
1625,1,1627,4
1627,4,1629,1
1627,1,1629,2
1627,3,1630,1
1627,2,1630,2
1629,1,1632,1
1630,1,1632,2
1632,2,1634,1
1632,1,1634,2
1637,1,1639,1
1637,16,1639,2
1637,2,1640,1
1637,15,1640,2
1637,3,1641,1
1637,14,1641,2
1637,4,1642,1
1637,13,1642,2
1637,5,1643,1
1637,12,1643,2
1637,6,1644,1
1637,11,1644,2
1637,7,1645,1
1637,10,1645,2
1637,8,1646,1
1637,9,1646,2
1639,1,1648,1
1646,1,1648,2
1640,1,1649,1
1645,1,1649,2
1641,1,1650,1
1644,1,1650,2
1642,1,1651,1
1643,1,1651,2
1648,1,1653,1
1651,1,1653,2
1649,1,1654,1
1650,1,1654,2
1653,1,1656,1
1654,1,1656,2
1674,1,1676,1
1674,3,1676,2
1674,5,1676,3
1674,7,1676,4
1674,2,1677,1
1674,4,1677,2
1674,6,1677,3
1674,8,1677,4
1676,1,1679,1
1677,1,1679,2
1679,2,1681,1
1679,1,1681,2
1684,1,1686,1
1684,3,1686,2
1684,5,1686,3
1684,7,1686,4
1684,2,1687,1
1684,4,1687,2
1684,6,1687,3
1684,8,1687,4
1686,1,1689,1
1687,1,1689,2
1689,2,1691,1
1689,1,1691,2
1699,0,1701,1
