1
14
70
80
93
114
127
130
194
296
312
316
338
344
364
368
371
581
695
775
778
781
784
787
795
803
812
815
874
933
936
940
995
998
1001
1007
1035
1039
1042
1096
1099
1103
1128
1132
1154
1158
1180
1187
1209
1213
1235
1239
1267
1274
1277
1330
1333
1336
1345
1367
1371
1387
1391
1395
1400
1412
1438
1463
1480
1498
1501
1506
1518
1534
1538
1558
1561
1575
1579
1582
1611
1635
1657
1661
1665
1668
1672
1682
1693
1697
1705
1708
