Date,Local Time,Home ID,Away ID
20140308,1930,697,111065
20140308,1930,111140,112134
20140308,1730,698,691
20140308,1730,695,111139
20140308,1630,101112,689
20140308,1600,688,687
20140308,1230,111144,696
20140309,1200,111070,693
20140315,1930,111928,111065
20140315,1730,698,111139
20140315,1730,696,695
20140315,1330,111144,111651
20140315,1330,112134,691
20140315,1300,689,694
20140316,1600,111070,101112
20140316,1200,111140,693
20140322,1730,696,111928
20140322,1730,695,111070
20140322,1500,687,112134
20140322,1500,694,111140
20140322,1330,111651,688
20140322,1330,111065,697
20140322,1100,691,101112
20140323,1300,111139,111144
20140323,1200,693,689
20140329,1930,111928,691
20140329,1900,111144,687
20140329,1830,111065,111651
20140329,1730,695,111140
20140329,1600,101112,698
20140329,1500,694,696
20140329,1330,688,693
20140329,1300,112134,111139
20140330,1200,689,111070
20140405,1730,696,111065
20140405,1700,698,695
20140405,1600,688,691
20140405,1530,101112,694
20140405,1500,687,111651
20140405,1400,693,112134
20140405,1300,111139,689
20140405,1230,111140,111144
20140406,1200,111070,697
20140412,1930,111140,111070
20140412,1930,697,101112
20140412,1730,695,111144
20140412,1600,688,689
20140412,1400,691,698
20140412,1300,111651,694
20140412,1300,111139,693
20140412,1300,112134,111065
20140413,1200,111928,687
20140416,1630,689,112134
20140419,1930,111070,111144
20140419,1830,111065,111140
20140419,1730,696,111139
20140419,1730,695,111651
20140419,1630,687,688
20140419,1600,101112,697
20140419,1500,694,111928
20140419,1330,693,691
20140419,1300,112134,698
20140423,1630,689,698
20140426,1930,111928,111070
20140426,1830,111065,101112
20140426,1630,687,689
20140426,1630,691,696
20140426,1600,688,695
20140426,1300,111144,694
20140426,1300,111139,112134
20140427,1200,698,111140
20140503,1930,111070,698
20140503,1930,111140,688
20140503,1900,111144,112134
20140503,1800,694,697
20140503,1730,693,111065
20140503,1600,101112,111928
20140503,1000,111651,691
20140504,1330,696,687
20140504,1200,695,689
20140507,1930,111928,694
20140507,1900,111144,695
20140507,1700,698,687
20140510,1930,111928,695
20140510,1630,687,101112
20140510,1600,689,693
20140510,1300,111139,696
20140510,1300,112134,688
20140511,1600,698,111065
20140511,1500,691,111144
20140511,1200,694,111070
20140511,1200,111140,697
20140514,1730,696,112134
20140517,1930,111140,687
20140517,1900,111144,111928
20140517,1830,111065,694
20140517,1730,698,697
20140517,1730,695,111070
20140517,1600,112134,691
20140517,1600,688,111139
20140517,1330,111651,689
20140518,1200,693,696
20140521,1930,697,695
20140521,1600,688,698
20140523,1730,696,111651
20140524,1830,111065,695
20140524,1800,694,111139
20140524,1630,691,688
20140524,1630,687,693
20140524,1600,101112,111144
20140524,1600,689,111140
20140525,1930,111928,698
20140525,1700,697,112134
20140527,1700,696,689
20140528,1930,111070,111140
20140531,1930,111070,112134
20140531,1730,695,111928
20140531,1600,111139,691
20140531,1600,688,696
20140531,1400,111651,687
20140531,1300,111144,111065
20140601,1800,111140,101112
20140601,1700,694,698
20140601,1300,693,697
20140604,1800,694,693
20140604,1630,687,111065
20140606,1730,698,696
20140607,1900,111065,111140
20140607,1730,693,111144
20140607,1730,695,694
20140607,1600,112134,101112
20140607,1530,688,687
20140607,1300,111651,111928
20140608,1700,697,111070
20140608,1400,691,689
20140611,1900,111140,695
20140611,1630,111139,688
20140625,1900,101112,111139
20140627,2000,111140,696
20140627,1700,689,111651
20140628,2000,111928,697
20140628,1930,111070,111065
20140628,1800,694,101112
20140628,1630,691,112134
20140628,1600,688,111144
20140629,1630,111139,698
20140629,1100,687,695
20140702,1930,111928,111070
20140702,1730,693,111651
20140704,2000,697,111140
20140704,1900,111065,691
20140704,1830,694,687
20140704,1800,695,112134
20140704,1730,698,689
20140705,1930,111070,111139
20140705,1900,101112,111144
20140705,1600,111651,688
20140706,1200,696,693
20140711,2000,111928,688
20140712,1930,697,111065
20140712,1900,101112,111070
20140712,1630,111139,696
20140712,1630,691,693
20140712,1600,111651,698
20140712,1600,112134,694
20140712,1600,689,687
20140713,1900,111144,111140
20140716,1930,697,691
20140716,1700,111651,101112
20140716,1630,687,696
20140716,1600,112134,689
20140718,2000,111140,694
20140719,1900,111065,101112
20140719,1800,698,111651
20140719,1800,695,691
20140719,1730,693,112134
20140719,1630,687,111139
20140719,1600,689,111928
20140719,1500,696,697
20140720,1700,688,111070
20140723,1930,111928,693
20140724,1900,111065,111139
20140725,1830,694,111070
20140726,1630,691,687
20140726,1600,111651,696
20140727,1700,111139,111140
20140727,1400,101112,695
20140728,1900,111144,697
20140730,1800,111065,689
20140730,1730,693,101112
20140730,1630,691,694
20140730,1600,688,111651
20140801,1700,696,112134
20140802,1930,111928,111144
20140802,1800,694,111065
20140802,1730,693,687
20140802,1600,689,691
20140802,1130,697,111140
20140803,1900,111070,695
20140803,1700,698,688
20140803,1500,111139,111651
20140808,1930,697,111928
20140809,1930,111140,111070
20140809,1900,111065,688
20140809,1800,695,694
20140809,1630,687,111651
20140809,1600,112134,111139
20140810,1930,111144,698
20140810,1700,693,689
20140810,1700,101112,696
20140815,1800,698,112134
20140816,1930,111070,101112
20140816,1930,111928,695
20140816,1730,696,111651
20140816,1630,687,697
20140816,1630,691,111140
20140816,1530,111139,693
20140816,1130,111065,111144
20140817,1700,688,694
20140820,1900,111144,111928
20140820,1800,694,697
20140822,1800,695,111065
20140823,1930,697,101112
20140823,1730,696,688
20140823,1630,687,698
20140823,1630,691,111070
20140823,1600,689,111139
20140823,1600,111651,693
20140824,1700,112134,111928
20140824,1400,111140,111144
20140827,1930,697,688
20140829,1700,696,698
20140830,1930,101112,111140
20140830,1930,111928,111065
20140830,1730,693,695
20140830,1630,111139,687
20140830,1400,111651,691
20140830,1300,111144,694
20140831,1700,111070,697
20140831,1130,688,689
20140903,1930,111070,111144
20140903,1630,691,696
20140903,1600,112134,111651
20140905,1930,697,694
20140906,1900,101112,688
20140906,1900,111065,695
20140906,1730,698,111139
20140906,1630,689,696
20140906,1100,111651,112134
20140907,1600,691,693
20140907,1400,111140,111928
20140907,1200,687,111070
20140910,1900,101112,111928
20140910,1700,689,688
20140910,1630,111139,697
20140912,1930,111070,696
20140912,1930,111144,111065
20140913,1800,694,111140
20140913,1730,698,687
20140913,1730,693,111651
20140913,1730,695,101112
20140913,1630,691,111139
20140913,1200,112134,689
20140914,1200,111928,697
20140919,1900,111065,694
20140920,1930,697,695
20140920,1730,693,688
20140920,1630,689,111144
20140920,1630,687,691
20140920,1630,111139,111928
20140920,1600,112134,698
20140920,1400,111140,101112
20140921,1200,111651,111070
20140924,1800,695,111144
20140926,1700,696,691
20140927,1800,694,111928
20140927,1630,687,111139
20140927,1600,101112,111065
20140927,1300,111144,111070
20140927,1200,688,112134
20140927,1000,111651,111140
20140928,1730,697,689
20140928,1200,698,693
20141002,1700,112134,693
20141003,1700,688,696
20141004,2000,111928,111140
20141004,1930,697,111651
20141004,1630,691,687
20141004,1600,101112,695
20141004,1500,689,698
20141005,1600,111070,111065
20141005,1400,693,111139
20141005,1200,694,111144
20141008,1930,111140,111928
20141008,1630,111651,698
20141010,1900,111144,101112
20141010,1730,696,693
20141011,1930,111070,694
20141011,1830,111065,111928
20141011,1600,112134,687
20141011,1600,689,111651
20141011,1300,111139,691
20141012,1600,695,697
20141012,1200,698,688
20141016,1700,698,691
20141017,1900,111140,111065
20141018,1930,111928,101112
20141018,1600,688,693
20141018,1600,112134,696
20141018,1200,694,695
20141018,1100,111651,111139
20141019,1730,697,111144
20141019,1200,689,687
20141022,1830,111065,111070
20141024,1700,693,698
20141025,1900,101112,694
20141025,1830,695,111140
20141025,1630,691,111651
20141025,1300,111139,688
20141025,1130,111144,697
20141026,1730,696,689
20141026,1400,687,112134
20141026,1200,111070,111928
