3,0,5,1
3,0,5,2
3,0,5,3
3,0,5,4
3,0,6,1
3,0,6,2
3,0,6,3
3,0,6,4
5,1,8,1
6,2,8,2
6,1,9,1
5,2,9,2
8,2,11,1
9,2,11,2
8,1,13,1
9,1,13,2
19,1,22,1
19,2,22,2
19,3,22,3
19,4,22,4
19,5,22,5
19,6,22,6
19,7,23,1
19,8,23,2
19,9,23,3
19,10,24,1
19,11,24,2
19,12,24,3
19,13,24,4
19,14,24,5
19,15,24,6
19,16,24,7
18,3,24,8
18,4,24,9
20,1,25,1
20,2,25,2
20,3,26,1
20,4,26,2
20,5,26,3
16,1,27,1
16,2,27,2
16,3,27,3
16,4,27,4
17,1,28,1
17,2,28,2
17,3,29,1
18,1,30,1
18,2,30,2
22,0,32,1
23,0,32,2
24,0,32,3
26,0,32,4
22,0,33,1
24,0,33,2
30,0,33,3
26,0,33,4
22,0,34,1
24,0,34,2
28,0,34,3
26,0,34,4
25,0,35,1
23,0,35,2
24,0,35,3
29,0,35,4
22,0,36,1
24,0,36,2
24,0,36,3
27,0,36,4
22,0,37,1
24,0,37,2
30,0,37,3
27,0,37,4
22,0,38,1
24,0,38,2
28,0,38,3
27,0,38,4
25,0,39,1
23,0,39,2
24,0,39,3
27,0,39,4
32,1,41,1
32,2,41,2
32,3,41,3
32,4,41,4
33,1,42,1
33,2,42,2
33,3,42,3
33,4,42,4
34,1,43,1
34,2,43,2
34,3,43,3
34,4,43,4
35,1,44,1
35,2,44,2
35,3,44,3
35,4,44,4
36,1,45,1
36,2,45,2
36,3,45,3
36,4,45,4
37,1,46,1
37,2,46,2
37,3,46,3
37,4,46,4
38,1,47,1
38,2,47,2
38,3,47,3
38,4,47,4
39,1,48,1
39,2,48,2
39,3,48,3
39,4,48,4
41,1,50,1
42,2,50,2
43,1,51,1
44,2,51,2
45,1,52,1
46,2,52,2
47,1,53,1
48,2,53,2
42,1,54,1
41,2,54,2
44,1,55,1
43,2,55,2
46,1,56,1
45,2,56,2
48,1,57,1
47,2,57,2
50,1,59,1
51,1,59,2
52,1,60,1
53,1,60,2
54,1,61,1
55,1,61,2
56,1,62,1
57,1,62,2
59,1,64,1
60,1,64,2
61,1,65,1
62,1,65,2
64,2,67,1
65,2,67,2
64,1,69,1
65,1,69,2
72,0,75,1
73,0,75,2
72,0,76,1
73,0,76,2
75,2,78,1
76,2,78,2
75,1,80,1
76,1,80,2
84,0,88,1
85,0,88,2
85,0,88,3
85,0,88,4
86,0,88,5
86,0,88,6
84,0,89,1
84,0,89,2
84,0,89,3
84,0,89,4
84,0,89,5
85,0,90,1
85,0,90,2
85,0,90,3
85,0,90,4
85,0,90,5
85,0,90,6
85,0,90,7
85,0,90,8
86,0,90,9
86,0,90,10
86,0,90,11
86,0,90,12
86,0,90,13
86,0,90,14
86,0,90,15
90,0,92,1
90,0,92,2
90,0,92,3
90,0,92,4
90,0,92,5
90,0,92,6
90,0,92,7
90,0,92,8
90,0,92,9
90,0,92,10
90,0,92,11
88,1,94,1
88,2,94,2
88,3,94,3
88,4,94,4
88,5,94,5
88,6,94,6
97,0,102,1
98,0,102,2
99,0,102,3
100,0,102,4
97,0,103,1
98,0,103,2
99,0,103,3
100,0,103,4
97,0,104,1
98,0,104,2
99,0,104,3
100,0,104,4
97,0,105,1
98,0,105,2
99,0,105,3
100,0,105,4
102,1,107,1
103,2,107,2
104,1,108,1
105,2,108,2
103,1,109,1
102,2,109,2
105,1,110,1
104,2,110,2
107,1,112,1
108,1,112,2
109,1,113,1
110,1,113,2
112,1,115,1
113,1,115,2
118,0,122,1
119,0,122,2
119,0,122,3
119,0,122,4
120,0,122,5
120,0,122,6
118,0,123,1
118,0,123,2
118,0,123,3
118,0,123,4
118,0,123,5
119,0,124,1
119,0,124,2
119,0,124,3
119,0,124,4
119,0,124,5
119,0,124,6
119,0,124,7
119,0,124,8
120,0,124,9
120,0,124,10
120,0,124,11
120,0,124,12
120,0,124,13
120,0,124,14
120,0,124,15
124,0,126,1
124,0,126,2
124,0,126,3
124,0,126,4
124,0,126,5
124,0,126,6
124,0,126,7
124,0,126,8
124,0,126,9
122,1,128,1
122,2,128,2
122,3,128,3
122,4,128,4
122,5,128,5
122,6,128,6
136,16,138,1
136,17,138,2
136,18,138,3
136,19,138,4
136,20,138,5
136,21,138,6
136,22,138,7
136,23,138,8
136,24,138,9
136,25,138,10
138,1,140,1
138,10,140,2
138,2,141,1
138,9,141,2
138,3,142,1
138,8,142,2
138,4,143,1
138,7,143,2
138,5,144,1
138,6,144,2
136,1,146,1
136,2,146,2
136,3,146,3
136,4,146,4
136,5,146,5
136,6,146,6
136,7,146,7
136,8,146,8
136,9,146,9
136,10,146,10
136,11,146,11
136,12,146,12
136,13,146,13
136,14,146,14
136,15,146,15
140,1,146,16
141,1,146,17
142,1,146,18
143,1,146,19
144,1,146,20
146,1,148,1
146,2,148,2
146,3,148,3
146,4,148,4
146,5,148,5
146,6,148,6
146,7,148,7
146,8,148,8
146,9,148,9
146,10,148,10
146,11,149,1
146,12,149,2
146,13,149,3
146,14,149,4
146,15,149,5
146,16,149,6
146,17,149,7
146,18,149,8
146,19,149,9
146,20,149,10
149,0,151,1
148,0,151,2
149,0,152,1
148,0,152,2
149,0,153,1
148,0,153,2
149,0,154,1
148,0,154,2
149,0,155,1
148,0,155,2
149,0,156,1
148,0,156,2
149,0,157,1
148,0,157,2
149,0,158,1
148,0,158,2
149,0,159,1
148,0,159,2
149,0,160,1
148,0,160,2
134,1,162,1
135,1,163,1
135,2,163,2
135,3,163,3
135,4,163,4
135,5,163,5
135,6,163,6
135,7,163,7
135,8,163,8
135,9,163,9
135,10,163,10
135,11,163,11
135,12,163,12
135,13,163,13
135,14,163,14
135,15,163,15
135,16,163,16
135,17,163,17
135,18,163,18
135,19,163,19
135,20,163,20
135,21,163,21
151,1,163,22
152,1,163,23
153,1,163,24
154,1,163,25
155,1,163,26
156,1,163,27
157,1,163,28
158,1,163,29
159,1,163,30
160,1,163,31
162,1,165,1
163,1,165,2
163,2,165,3
163,3,165,4
163,4,165,5
163,5,165,6
163,6,165,7
163,7,165,8
163,8,166,1
163,9,166,2
163,10,166,3
163,11,166,4
163,12,166,5
163,13,166,6
163,14,166,7
163,15,166,8
163,16,167,1
163,17,167,2
163,18,167,3
163,19,167,4
163,20,167,5
163,21,167,6
163,22,167,7
163,23,167,8
163,24,168,1
163,25,168,2
163,26,168,3
163,27,168,4
163,28,168,5
163,29,168,6
163,30,168,7
163,31,168,8
165,0,170,1
166,0,170,2
167,0,170,3
168,0,170,4
165,0,171,1
166,0,171,2
167,0,171,3
168,0,171,4
165,0,172,1
166,0,172,2
167,0,172,3
168,0,172,4
165,0,173,1
166,0,173,2
167,0,173,3
168,0,173,4
165,0,174,1
166,0,174,2
167,0,174,3
168,0,174,4
165,0,175,1
166,0,175,2
167,0,175,3
168,0,175,4
165,0,176,1
166,0,176,2
167,0,176,3
168,0,176,4
165,0,177,1
166,0,177,2
167,0,177,3
168,0,177,4
170,1,179,1
171,1,179,2
172,1,179,3
173,1,179,4
174,1,179,5
175,1,179,6
176,1,179,7
177,1,179,8
170,2,180,1
171,2,180,2
172,2,180,3
173,2,180,4
174,2,180,5
175,2,180,6
176,2,180,7
177,2,180,8
180,0,182,1
179,0,182,2
180,0,183,1
179,0,183,2
180,0,184,1
179,0,184,2
180,0,185,1
179,0,185,2
180,0,186,1
179,0,186,2
180,0,187,1
179,0,187,2
180,0,188,1
179,0,188,2
180,0,189,1
179,0,189,2
182,1,191,1
183,1,191,2
184,1,191,3
185,1,191,4
186,1,191,5
187,1,191,6
188,1,191,7
189,1,191,8
191,1,193,1
191,2,193,2
191,3,194,1
191,4,194,2
191,5,195,1
191,6,195,2
191,7,196,1
191,8,196,2
193,1,198,1
194,1,198,2
195,1,198,3
196,1,198,4
198,1,200,1
198,2,200,2
198,3,201,1
198,4,201,2
200,1,203,1
201,1,203,2
208,1,210,1
208,2,210,2
208,3,210,3
208,4,210,4
208,5,210,5
208,6,210,6
208,7,210,7
208,8,210,8
208,9,210,9
208,10,210,10
208,11,210,11
208,12,210,12
208,13,210,13
208,14,210,14
208,15,210,15
208,16,210,16
208,17,210,17
208,18,210,18
208,19,210,19
208,20,210,20
208,21,210,21
208,22,210,22
208,23,210,23
208,24,210,24
208,25,210,25
208,26,210,26
208,27,210,27
208,28,210,28
208,29,210,29
208,30,210,30
208,31,210,31
208,32,210,32
208,33,210,33
208,34,210,34
208,35,210,35
208,36,210,36
208,37,210,37
208,38,210,38
208,39,210,39
208,40,210,40
208,41,210,41
208,42,210,42
208,43,210,43
208,44,210,44
210,1,212,1
210,2,212,2
210,3,212,3
210,4,212,4
210,5,212,5
210,6,212,6
210,7,212,7
210,8,212,8
210,9,212,9
210,10,212,10
210,11,212,11
210,12,212,12
210,13,212,13
210,14,212,14
210,15,212,15
210,16,212,16
210,17,212,17
210,18,212,18
210,19,212,19
210,20,212,20
210,21,212,21
210,22,212,22
210,23,213,1
210,24,213,2
210,25,213,3
210,26,213,4
210,27,213,5
210,28,213,6
210,29,213,7
210,30,213,8
210,31,213,9
210,32,213,10
210,33,213,11
210,34,213,12
210,35,213,13
210,36,213,14
210,37,213,15
210,38,213,16
210,39,213,17
210,40,213,18
210,41,213,19
210,42,213,20
210,43,213,21
210,44,213,22
212,0,215,1
213,0,215,2
212,0,216,1
213,0,216,2
212,0,217,1
213,0,217,2
212,0,218,1
213,0,218,2
212,0,219,1
213,0,219,2
212,0,220,1
213,0,220,2
212,0,221,1
213,0,221,2
212,0,222,1
213,0,222,2
212,0,223,1
213,0,223,2
212,0,224,1
213,0,224,2
212,0,225,1
213,0,225,2
212,0,226,1
213,0,226,2
212,0,227,1
213,0,227,2
212,0,228,1
213,0,228,2
212,0,229,1
213,0,229,2
212,0,230,1
213,0,230,2
212,0,231,1
213,0,231,2
212,0,232,1
213,0,232,2
212,0,233,1
213,0,233,2
212,0,234,1
213,0,234,2
212,0,235,1
213,0,235,2
212,0,236,1
213,0,236,2
206,1,238,1
207,1,239,1
207,2,239,2
207,3,239,3
207,4,239,4
207,5,239,5
207,6,239,6
207,7,239,7
207,8,239,8
207,9,239,9
207,10,239,10
207,11,239,11
207,12,239,12
207,13,239,13
207,14,239,14
207,15,239,15
215,1,239,16
216,1,239,17
217,1,239,18
218,1,239,19
219,1,239,20
220,1,239,21
221,1,239,22
222,1,239,23
223,1,239,24
224,1,239,25
225,1,239,26
226,1,239,27
227,1,239,28
228,1,239,29
229,1,239,30
230,1,239,31
231,1,239,32
232,1,239,33
233,1,239,34
234,1,239,35
235,1,239,36
236,1,239,37
151,2,239,38
152,2,239,39
153,2,239,40
154,2,239,41
155,2,239,42
156,2,239,43
157,2,239,44
158,2,239,45
159,2,239,46
160,2,239,47
238,1,241,1
239,1,241,2
239,2,241,3
239,3,241,4
239,4,241,5
239,5,241,6
239,6,241,7
239,7,241,8
239,8,241,9
239,9,241,10
239,10,241,11
239,11,241,12
239,12,242,1
239,13,242,2
239,14,242,3
239,15,242,4
239,16,242,5
239,17,242,6
239,18,242,7
239,19,242,8
239,20,242,9
239,21,242,10
239,22,242,11
239,23,242,12
239,24,243,1
239,25,243,2
239,26,243,3
239,27,243,4
239,28,243,5
239,29,243,6
239,30,243,7
239,31,243,8
239,32,243,9
239,33,243,10
239,34,243,11
239,35,243,12
239,36,244,1
239,37,244,2
239,38,244,3
239,39,244,4
239,40,244,5
239,41,244,6
239,42,244,7
239,43,244,8
239,44,244,9
239,45,244,10
239,46,244,11
239,47,244,12
241,0,246,1
242,0,246,2
243,0,246,3
244,0,246,4
241,0,247,1
242,0,247,2
243,0,247,3
244,0,247,4
241,0,248,1
242,0,248,2
243,0,248,3
244,0,248,4
241,0,249,1
242,0,249,2
243,0,249,3
244,0,249,4
241,0,250,1
242,0,250,2
243,0,250,3
244,0,250,4
241,0,251,1
242,0,251,2
243,0,251,3
244,0,251,4
241,0,252,1
242,0,252,2
243,0,252,3
244,0,252,4
241,0,253,1
242,0,253,2
243,0,253,3
244,0,253,4
241,0,254,1
242,0,254,2
243,0,254,3
244,0,254,4
241,0,255,1
242,0,255,2
243,0,255,3
244,0,255,4
241,0,256,1
242,0,256,2
243,0,256,3
244,0,256,4
241,0,257,1
242,0,257,2
243,0,257,3
244,0,257,4
170,3,259,1
171,3,259,2
172,3,259,3
173,3,259,4
174,3,259,5
175,3,259,6
176,3,259,7
177,3,259,8
246,1,261,1
247,1,261,2
248,1,261,3
249,1,261,4
250,1,261,5
251,1,261,6
252,1,261,7
253,1,261,8
254,1,261,9
255,1,261,10
256,1,261,11
257,1,261,12
259,1,261,13
259,2,261,14
259,3,261,15
259,4,261,16
246,2,262,1
247,2,262,2
248,2,262,3
249,2,262,4
250,2,262,5
251,2,262,6
252,2,262,7
253,2,262,8
254,2,262,9
255,2,262,10
256,2,262,11
257,2,262,12
259,5,262,13
259,6,262,14
259,7,262,15
259,8,262,16
262,0,264,1
261,0,264,2
262,0,265,1
261,0,265,2
262,0,266,1
261,0,266,2
262,0,267,1
261,0,267,2
262,0,268,1
261,0,268,2
262,0,269,1
261,0,269,2
262,0,270,1
261,0,270,2
262,0,271,1
261,0,271,2
262,0,272,1
261,0,272,2
262,0,273,1
261,0,273,2
262,0,274,1
261,0,274,2
262,0,275,1
261,0,275,2
262,0,276,1
261,0,276,2
262,0,277,1
261,0,277,2
262,0,278,1
261,0,278,2
262,0,279,1
261,0,279,2
264,1,281,1
265,1,281,2
266,1,281,3
267,1,281,4
268,1,281,5
269,1,281,6
270,1,281,7
271,1,281,8
272,1,281,9
273,1,281,10
274,1,281,11
275,1,281,12
276,1,281,13
277,1,281,14
278,1,281,15
279,1,281,16
281,1,283,1
281,2,283,2
281,3,284,1
281,4,284,2
281,5,285,1
281,6,285,2
281,7,286,1
281,8,286,2
281,9,287,1
281,10,287,2
281,11,288,1
281,12,288,2
281,13,289,1
281,14,289,2
281,15,290,1
281,16,290,2
283,1,292,1
284,1,292,2
285,1,292,3
286,1,292,4
287,1,292,5
288,1,292,6
289,1,292,7
290,1,292,8
292,1,294,1
292,2,294,2
292,3,295,1
292,4,295,2
292,5,296,1
292,6,296,2
292,7,297,1
292,8,297,2
294,1,299,1
295,1,299,2
296,1,299,3
297,1,299,4
299,1,301,1
299,2,301,2
299,3,302,1
299,4,302,2
301,1,304,1
302,1,304,2
308,7,310,1
308,9,310,2
308,8,311,1
308,10,311,2
308,1,313,1
310,1,313,2
308,2,314,1
311,1,314,2
308,3,315,1
308,6,315,2
308,4,316,1
308,5,316,2
313,1,318,1
316,1,318,2
314,1,319,1
315,1,319,2
318,1,321,1
319,1,321,2
328,1,330,1
328,16,330,2
328,2,331,1
328,15,331,2
328,3,332,1
328,14,332,2
328,4,333,1
328,13,333,2
328,5,334,1
328,12,334,2
328,6,335,1
328,11,335,2
328,7,336,1
328,10,336,2
328,8,337,1
328,9,337,2
330,1,339,1
337,1,339,2
331,1,340,1
336,1,340,2
332,1,341,1
335,1,341,2
333,1,342,1
334,1,342,2
339,1,344,1
342,1,344,2
340,1,345,1
341,1,345,2
344,1,347,1
345,1,347,2
350,1,352,1
350,2,352,2
350,3,352,3
350,4,352,4
350,5,352,5
350,6,352,6
356,5,358,1
356,12,358,2
356,6,359,1
356,11,359,2
356,7,360,1
356,10,360,2
356,8,361,1
356,9,361,2
356,1,363,1
361,1,363,2
356,2,364,1
360,1,364,2
356,3,365,1
359,1,365,2
356,4,366,1
358,1,366,2
363,1,368,1
366,1,368,2
364,1,369,1
365,1,369,2
368,1,371,1
369,1,371,2
381,1,383,1
381,2,383,2
381,3,383,3
381,4,383,4
381,5,383,5
381,6,383,6
381,7,383,7
381,8,383,8
381,9,383,9
381,10,383,10
381,11,383,11
381,12,383,12
381,13,383,13
381,14,383,14
381,15,383,15
381,16,383,16
381,17,383,17
381,18,383,18
381,19,383,19
381,20,383,20
381,21,383,21
381,22,383,22
381,23,383,23
381,24,383,24
383,1,385,1
383,2,385,2
383,3,386,1
383,4,386,2
383,5,387,1
383,6,387,2
383,7,388,1
383,8,388,2
383,9,389,1
383,10,389,2
383,11,390,1
383,12,390,2
383,13,391,1
383,14,391,2
383,15,392,1
383,16,392,2
385,2,394,1
385,1,394,2
386,2,395,1
386,1,395,2
387,2,396,1
387,1,396,2
388,2,397,1
388,1,397,2
389,2,398,1
389,1,398,2
390,2,399,1
390,1,399,2
391,2,400,1
391,1,400,2
392,2,401,1
392,1,401,2
383,17,403,25
383,18,403,26
383,19,403,27
383,20,403,28
383,21,403,29
383,22,403,30
383,23,403,31
383,24,403,32
394,1,403,33
395,1,403,34
396,1,403,35
397,1,403,36
398,1,403,37
399,1,403,38
400,1,403,39
401,1,403,40
403,1,405,1
403,2,405,2
403,3,406,1
403,4,406,2
403,5,407,1
403,6,407,2
403,7,408,1
403,8,408,2
403,9,409,1
403,10,409,2
403,11,410,1
403,12,410,2
403,13,411,1
403,14,411,2
403,15,412,1
403,16,412,2
403,17,413,1
403,18,413,2
403,19,414,1
403,20,414,2
403,21,415,1
403,22,415,2
403,23,416,1
403,24,416,2
403,25,417,1
403,26,417,2
403,27,418,1
403,28,418,2
403,29,419,1
403,30,419,2
403,31,420,1
403,32,420,2
403,33,421,1
403,34,421,2
403,35,422,1
403,36,422,2
403,37,423,1
403,38,423,2
403,39,424,1
403,40,424,2
405,2,426,1
405,1,426,2
406,2,427,1
406,1,427,2
407,2,428,1
407,1,428,2
408,2,429,1
408,1,429,2
409,2,430,1
409,1,430,2
410,2,431,1
410,1,431,2
411,2,432,1
411,1,432,2
412,2,433,1
412,1,433,2
413,2,434,1
413,1,434,2
414,2,435,1
414,1,435,2
415,2,436,1
415,1,436,2
416,2,437,1
416,1,437,2
417,2,438,1
417,1,438,2
418,2,439,1
418,1,439,2
419,2,440,1
419,1,440,2
420,2,441,1
420,1,441,2
421,2,442,1
421,1,442,2
422,2,443,1
422,1,443,2
423,2,444,1
423,1,444,2
424,2,445,1
424,1,445,2
426,1,447,45
427,1,447,46
428,1,447,47
429,1,447,48
430,1,447,49
431,1,447,50
432,1,447,51
433,1,447,52
434,1,447,53
435,1,447,54
436,1,447,55
437,1,447,56
438,1,447,57
439,1,447,58
440,1,447,59
441,1,447,60
442,1,447,61
443,1,447,62
444,1,447,63
445,1,447,64
447,1,449,1
447,2,449,2
447,3,450,1
447,4,450,2
447,5,451,1
447,6,451,2
447,7,452,1
447,8,452,2
447,9,453,1
447,10,453,2
447,11,454,1
447,12,454,2
447,13,455,1
447,14,455,2
447,15,456,1
447,16,456,2
447,17,457,1
447,18,457,2
447,19,458,1
447,20,458,2
447,21,459,1
447,22,459,2
447,23,460,1
447,24,460,2
447,25,461,1
447,26,461,2
447,27,462,1
447,28,462,2
447,29,463,1
447,30,463,2
447,31,464,1
447,32,464,2
447,33,465,1
447,34,465,2
447,35,466,1
447,36,466,2
447,37,467,1
447,38,467,2
447,39,468,1
447,40,468,2
447,41,469,1
447,42,469,2
447,43,470,1
447,44,470,2
447,45,471,1
447,46,471,2
447,47,472,1
447,48,472,2
447,49,473,1
447,50,473,2
447,51,474,1
447,52,474,2
447,53,475,1
447,54,475,2
447,55,476,1
447,56,476,2
447,57,477,1
447,58,477,2
447,59,478,1
447,60,478,2
447,61,479,1
447,62,479,2
447,63,480,1
447,64,480,2
449,2,482,1
449,1,482,2
450,2,483,1
450,1,483,2
451,2,484,1
451,1,484,2
452,2,485,1
452,1,485,2
453,2,486,1
453,1,486,2
454,2,487,1
454,1,487,2
455,2,488,1
455,1,488,2
456,2,489,1
456,1,489,2
457,2,490,1
457,1,490,2
458,2,491,1
458,1,491,2
459,2,492,1
459,1,492,2
460,2,493,1
460,1,493,2
461,2,494,1
461,1,494,2
462,2,495,1
462,1,495,2
463,2,496,1
463,1,496,2
464,2,497,1
464,1,497,2
465,2,498,1
465,1,498,2
466,2,499,1
466,1,499,2
467,2,500,1
467,1,500,2
468,2,501,1
468,1,501,2
469,2,502,1
469,1,502,2
470,2,503,1
470,1,503,2
471,2,504,1
471,1,504,2
472,2,505,1
472,1,505,2
473,2,506,1
473,1,506,2
474,2,507,1
474,1,507,2
475,2,508,1
475,1,508,2
476,2,509,1
476,1,509,2
477,2,510,1
477,1,510,2
478,2,511,1
478,1,511,2
479,2,512,1
479,1,512,2
480,2,513,1
480,1,513,2
482,1,515,1
483,1,515,2
484,1,515,3
485,1,515,4
486,1,515,5
487,1,515,6
488,1,515,7
489,1,515,8
490,1,515,9
491,1,515,10
492,1,515,11
493,1,515,12
494,1,515,13
495,1,515,14
496,1,515,15
497,1,515,16
498,1,515,17
499,1,515,18
500,1,515,19
501,1,515,20
502,1,515,21
503,1,515,22
504,1,515,23
505,1,515,24
506,1,515,25
507,1,515,26
508,1,515,27
509,1,515,28
510,1,515,29
511,1,515,30
512,1,515,31
513,1,515,32
515,1,517,1
515,2,517,2
515,3,518,1
515,4,518,2
515,5,519,1
515,6,519,2
515,7,520,1
515,8,520,2
515,9,521,1
515,10,521,2
515,11,522,1
515,12,522,2
515,13,523,1
515,14,523,2
515,15,524,1
515,16,524,2
515,17,525,1
515,18,525,2
515,19,526,1
515,20,526,2
515,21,527,1
515,22,527,2
515,23,528,1
515,24,528,2
515,25,529,1
515,26,529,2
515,27,530,1
515,28,530,2
515,29,531,1
515,30,531,2
515,31,532,1
515,32,532,2
517,2,534,1
517,1,534,2
518,2,535,1
518,1,535,2
519,2,536,1
519,1,536,2
520,2,537,1
520,1,537,2
521,2,538,1
521,1,538,2
522,2,539,1
522,1,539,2
523,2,540,1
523,1,540,2
524,2,541,1
524,1,541,2
525,2,542,1
525,1,542,2
526,2,543,1
526,1,543,2
527,2,544,1
527,1,544,2
528,2,545,1
528,1,545,2
529,2,546,1
529,1,546,2
530,2,547,1
530,1,547,2
531,2,548,1
531,1,548,2
532,2,549,1
532,1,549,2
534,1,551,1
535,1,551,2
536,1,551,3
537,1,551,4
538,1,551,5
539,1,551,6
540,1,551,7
541,1,551,8
542,1,551,9
543,1,551,10
544,1,551,11
545,1,551,12
546,1,551,13
547,1,551,14
548,1,551,15
549,1,551,16
551,1,553,1
551,2,553,2
551,3,554,1
551,4,554,2
551,5,555,1
551,6,555,2
551,7,556,1
551,8,556,2
551,9,557,1
551,10,557,2
551,11,558,1
551,12,558,2
551,13,559,1
551,14,559,2
551,15,560,1
551,16,560,2
553,2,562,1
553,1,562,2
554,2,563,1
554,1,563,2
555,2,564,1
555,1,564,2
556,2,565,1
556,1,565,2
557,2,566,1
557,1,566,2
558,2,567,1
558,1,567,2
559,2,568,1
559,1,568,2
560,2,569,1
560,1,569,2
562,1,571,1
563,1,571,2
564,1,571,3
565,1,571,4
566,1,571,5
567,1,571,6
568,1,571,7
569,1,571,8
571,1,573,1
571,2,573,2
571,3,574,1
571,4,574,2
571,5,575,1
571,6,575,2
571,7,576,1
571,8,576,2
573,2,578,1
573,1,578,2
574,2,579,1
574,1,579,2
575,2,580,1
575,1,580,2
576,2,581,1
576,1,581,2
578,1,583,1
579,1,583,2
580,1,583,3
581,1,583,4
583,1,585,1
583,2,585,2
583,3,586,1
583,4,586,2
585,1,588,1
586,1,588,2
591,1,594,1
591,2,594,2
591,3,594,3
591,4,594,4
591,5,594,5
591,6,594,6
591,7,594,7
591,8,594,8
591,9,594,9
591,10,594,10
591,11,594,11
591,12,594,12
591,13,594,13
591,14,594,14
591,15,594,15
591,16,594,16
591,17,594,17
591,18,594,18
591,19,594,19
591,20,594,20
591,21,594,21
591,22,594,22
591,23,594,23
591,24,594,24
591,25,594,25
591,26,594,26
591,27,594,27
591,28,594,28
591,29,594,29
591,30,594,30
591,31,594,31
591,32,594,32
591,33,594,33
591,34,594,34
591,35,594,35
591,36,594,36
591,37,594,37
591,38,594,38
591,39,594,39
591,40,594,40
591,41,594,41
591,42,594,42
591,43,594,43
591,44,594,44
591,45,594,45
591,46,594,46
591,47,594,47
591,48,594,48
591,49,594,49
591,50,594,50
591,51,594,51
591,52,594,52
591,53,594,53
591,54,594,54
591,55,594,55
591,56,594,56
591,57,594,57
591,58,594,58
591,59,594,59
591,60,594,60
591,61,594,61
591,62,594,62
591,63,594,63
591,64,594,64
591,65,594,65
591,66,594,66
591,67,594,67
591,68,594,68
591,69,594,69
591,70,594,70
591,71,594,71
591,72,594,72
594,1,596,1
594,2,596,2
594,3,597,1
594,4,597,2
594,5,598,1
594,6,598,2
594,7,599,1
594,8,599,2
594,9,600,1
594,10,600,2
594,11,601,1
594,12,601,2
594,13,602,1
594,14,602,2
594,15,603,1
594,16,603,2
594,17,604,1
594,18,604,2
594,19,605,1
594,20,605,2
594,21,606,1
594,22,606,2
594,23,607,1
594,24,607,2
594,25,608,1
594,26,608,2
594,27,609,1
594,28,609,2
594,29,610,1
594,30,610,2
594,31,611,1
594,32,611,2
594,33,612,1
594,34,612,2
594,35,613,1
594,36,613,2
594,37,614,1
594,38,614,2
594,39,615,1
594,40,615,2
594,41,616,1
594,42,616,2
594,43,617,1
594,44,617,2
594,45,618,1
594,46,618,2
594,47,619,1
594,48,619,2
594,49,620,1
594,50,620,2
594,51,621,1
594,52,621,2
594,53,622,1
594,54,622,2
594,55,623,1
594,56,623,2
594,57,624,1
594,58,624,2
594,59,625,1
594,60,625,2
594,61,626,1
594,62,626,2
594,63,627,1
594,64,627,2
594,65,628,1
594,66,628,2
594,67,629,1
594,68,629,2
594,69,630,1
594,70,630,2
594,71,631,1
594,72,631,2
592,9,633,1
592,10,633,2
592,11,633,3
592,12,633,4
592,13,633,5
592,14,633,6
592,15,633,7
592,16,633,8
592,17,633,9
592,18,633,10
592,19,633,11
592,20,633,12
596,1,633,13
597,1,633,14
598,1,633,15
599,1,633,16
600,1,633,17
601,1,633,18
602,1,633,19
603,1,633,20
604,1,633,21
605,1,633,22
606,1,633,23
607,1,633,24
608,1,633,25
609,1,633,26
610,1,633,27
611,1,633,28
612,1,633,29
613,1,633,30
614,1,633,31
615,1,633,32
616,1,633,33
617,1,633,34
618,1,633,35
619,1,633,36
620,1,633,37
621,1,633,38
622,1,633,39
623,1,633,40
624,1,633,41
625,1,633,42
626,1,633,43
627,1,633,44
628,1,633,45
629,1,633,46
630,1,633,47
631,1,633,48
633,1,635,1
633,2,635,2
633,3,636,1
633,4,636,2
633,5,637,1
633,6,637,2
633,7,638,1
633,8,638,2
633,9,639,1
633,10,639,2
633,11,640,1
633,12,640,2
633,13,641,1
633,14,641,2
633,15,642,1
633,16,642,2
633,17,643,1
633,18,643,2
633,19,644,1
633,20,644,2
633,21,645,1
633,22,645,2
633,23,646,1
633,24,646,2
633,25,647,1
633,26,647,2
633,27,648,1
633,28,648,2
633,29,649,1
633,30,649,2
633,31,650,1
633,32,650,2
633,33,651,1
633,34,651,2
633,35,652,1
633,36,652,2
633,37,653,1
633,38,653,2
633,39,654,1
633,40,654,2
633,41,655,1
633,42,655,2
633,43,656,1
633,44,656,2
633,45,657,1
633,46,657,2
633,47,658,1
633,48,658,2
592,1,660,1
592,2,660,2
592,3,660,3
592,4,660,4
592,5,660,5
592,6,660,6
592,7,660,7
592,8,660,8
635,1,660,9
636,1,660,10
637,1,660,11
638,1,660,12
639,1,660,13
640,1,660,14
641,1,660,15
642,1,660,16
643,1,660,17
644,1,660,18
645,1,660,19
646,1,660,20
647,1,660,21
648,1,660,22
649,1,660,23
650,1,660,24
651,1,660,25
652,1,660,26
653,1,660,27
654,1,660,28
655,1,660,29
656,1,660,30
657,1,660,31
658,1,660,32
660,1,662,1
660,2,662,2
660,3,663,1
660,4,663,2
660,5,664,1
660,6,664,2
660,7,665,1
660,8,665,2
660,9,666,1
660,10,666,2
660,11,667,1
660,12,667,2
660,13,668,1
660,14,668,2
660,15,669,1
660,16,669,2
660,17,670,1
660,18,670,2
660,19,671,1
660,20,671,2
660,21,672,1
660,22,672,2
660,23,673,1
660,24,673,2
660,25,674,1
660,26,674,2
660,27,675,1
660,28,675,2
660,29,676,1
660,30,676,2
660,31,677,1
660,32,677,2
662,1,679,1
663,1,679,2
664,1,679,3
665,1,679,4
666,1,679,5
667,1,679,6
668,1,679,7
669,1,679,8
670,1,679,9
671,1,679,10
672,1,679,11
673,1,679,12
674,1,679,13
675,1,679,14
676,1,679,15
677,1,679,16
679,1,681,1
679,2,681,2
679,3,682,1
679,4,682,2
679,5,683,1
679,6,683,2
679,7,684,1
679,8,684,2
679,9,685,1
679,10,685,2
679,11,686,1
679,12,686,2
679,13,687,1
679,14,687,2
679,15,688,1
679,16,688,2
681,1,690,1
682,1,690,2
683,1,690,3
684,1,690,4
685,1,690,5
686,1,690,6
687,1,690,7
688,1,690,8
690,1,692,1
690,2,692,2
690,3,693,1
690,4,693,2
690,5,694,1
690,6,694,2
690,7,695,1
690,8,695,2
692,1,697,1
693,1,697,2
694,1,697,3
695,1,697,4
697,1,699,1
697,2,699,2
697,3,700,1
697,4,700,2
699,1,702,1
700,1,702,2
705,1,707,1
705,2,707,2
705,3,707,3
705,4,707,4
705,5,707,5
705,6,707,6
705,7,707,7
705,8,707,8
705,9,707,9
705,10,707,10
705,11,707,11
705,12,707,12
705,13,707,13
705,14,707,14
705,15,707,15
705,16,707,16
705,17,707,17
705,18,707,18
705,19,707,19
705,20,707,20
705,21,707,21
705,22,707,22
705,23,707,23
705,24,707,24
705,25,707,25
705,26,707,26
705,27,707,27
705,28,707,28
705,29,707,29
705,30,707,30
705,31,707,31
705,32,707,32
705,33,707,33
705,34,707,34
705,35,707,35
705,36,707,36
705,37,707,37
705,38,707,38
705,39,707,39
705,40,707,40
705,41,707,41
705,42,707,42
705,43,707,43
705,44,707,44
705,45,707,45
705,46,707,46
705,47,707,47
705,48,707,48
707,1,709,1
707,2,709,2
707,3,709,3
707,4,709,4
707,5,709,5
707,6,709,6
707,7,709,7
707,8,709,8
707,25,710,1
707,26,710,2
707,27,710,3
707,28,710,4
707,29,710,5
707,30,710,6
707,31,710,7
707,32,710,8
707,9,713,1
707,10,713,2
707,11,714,1
707,12,714,2
707,13,715,1
707,14,715,2
707,15,716,1
707,16,716,2
707,17,718,1
707,18,718,2
707,19,719,1
707,20,719,2
707,21,720,1
707,22,720,2
707,23,721,1
707,24,721,2
707,33,723,1
707,34,723,2
707,35,724,1
707,36,724,2
707,37,725,1
707,38,725,2
707,39,726,1
707,40,726,2
707,41,728,1
707,42,728,2
707,43,729,1
707,44,729,2
707,45,730,1
707,46,730,2
707,47,731,1
707,48,731,2
709,1,733,1
709,2,733,2
709,3,733,3
709,4,733,4
709,5,733,5
709,6,733,6
709,7,733,7
709,8,733,8
713,1,733,9
714,1,733,10
715,1,733,11
716,1,733,12
718,1,733,13
719,1,733,14
720,1,733,15
721,1,733,16
710,1,734,1
710,2,734,2
710,3,734,3
710,4,734,4
710,5,734,5
710,6,734,6
710,7,734,7
710,8,734,8
723,1,734,9
724,1,734,10
725,1,734,11
726,1,734,12
728,1,734,13
729,1,734,14
730,1,734,15
731,1,734,16
733,1,737,1
733,2,737,2
733,3,738,1
733,4,738,2
733,5,739,1
733,6,739,2
733,7,740,1
733,8,740,2
733,9,741,1
733,10,741,2
733,11,742,1
733,12,742,2
733,13,743,1
733,14,743,2
733,15,744,1
733,16,744,2
734,1,746,1
734,2,746,2
734,3,747,1
734,4,747,2
734,5,748,1
734,6,748,2
734,7,749,1
734,8,749,2
734,9,750,1
734,10,750,2
734,11,751,1
734,12,751,2
734,13,752,1
734,14,752,2
734,15,753,1
734,16,753,2
737,1,755,1
738,1,755,2
739,1,755,3
740,1,755,4
741,1,755,5
742,1,755,6
743,1,755,7
744,1,755,8
746,1,756,1
747,1,756,2
748,1,756,3
749,1,756,4
750,1,756,5
751,1,756,6
752,1,756,7
753,1,756,8
755,1,759,1
755,2,759,2
755,3,760,1
755,4,760,2
755,5,761,1
755,6,761,2
755,7,762,1
755,8,762,2
756,1,764,1
756,2,764,2
756,3,765,1
756,4,765,2
756,5,766,1
756,6,766,2
756,7,767,1
756,8,767,2
759,1,769,1
760,1,769,2
761,1,769,3
762,1,769,4
764,1,770,1
765,1,770,2
766,1,770,3
767,1,770,4
769,1,773,1
769,2,773,2
769,3,774,1
769,4,774,2
770,1,776,1
770,2,776,2
770,3,777,1
770,4,777,2
773,1,779,1
774,1,779,2
776,1,780,1
777,1,780,2
779,1,782,1
780,1,782,2
788,6,799,1
788,3,799,2
788,5,800,1
788,4,800,2
800,1,802,1
799,1,802,2
791,6,807,1
791,3,807,2
791,5,808,1
791,4,808,2
808,1,810,1
807,1,810,2
794,7,815,1
794,4,815,2
794,6,816,1
794,5,816,2
816,1,818,1
815,1,818,2
826,1,828,1
826,2,828,2
826,3,828,3
826,4,828,4
826,5,828,5
826,6,828,6
826,7,828,7
826,8,828,8
826,9,828,9
826,10,828,10
826,11,828,11
826,12,828,12
826,13,828,13
826,14,828,14
826,15,828,15
826,16,828,16
826,17,828,17
826,18,828,18
826,19,828,19
826,20,828,20
828,1,830,1
828,2,830,2
828,3,831,1
828,4,831,2
828,5,832,1
828,6,832,2
828,7,833,1
828,8,833,2
828,9,834,1
828,10,834,2
828,11,835,1
828,12,835,2
828,13,836,1
828,14,836,2
828,15,837,1
828,16,837,2
825,1,839,1
825,2,839,2
825,3,839,3
825,4,839,4
825,5,839,5
825,6,839,6
825,7,839,7
825,8,839,8
825,9,839,9
825,10,839,10
825,11,839,11
825,12,839,12
825,13,839,13
825,14,839,14
825,15,839,15
825,16,839,16
825,17,839,17
825,18,839,18
825,19,839,19
825,20,839,20
828,17,839,21
828,18,839,22
828,19,839,23
828,20,839,24
830,1,839,25
831,1,839,26
832,1,839,27
833,1,839,28
834,1,839,29
835,1,839,30
836,1,839,31
837,1,839,32
839,1,841,1
839,2,841,2
839,3,842,1
839,4,842,2
839,5,843,1
839,6,843,2
839,7,844,1
839,8,844,2
839,9,845,1
839,10,845,2
839,11,846,1
839,12,846,2
839,13,847,1
839,14,847,2
839,15,848,1
839,16,848,2
839,17,849,1
839,18,849,2
839,19,850,1
839,20,850,2
839,21,851,1
839,22,851,2
839,23,852,1
839,24,852,2
839,25,853,1
839,26,853,2
839,27,854,1
839,28,854,2
839,29,855,1
839,30,855,2
839,31,856,1
839,32,856,2
841,1,858,1
842,1,858,2
843,1,858,3
844,1,858,4
845,1,858,5
846,1,858,6
847,1,858,7
848,1,858,8
849,1,858,9
850,1,858,10
851,1,858,11
852,1,858,12
853,1,858,13
854,1,858,14
855,1,858,15
856,1,858,16
858,1,860,1
858,2,860,2
858,3,861,1
858,4,861,2
858,5,862,1
858,6,862,2
858,7,863,1
858,8,863,2
858,9,864,1
858,10,864,2
858,11,865,1
858,12,865,2
858,13,866,1
858,14,866,2
858,15,867,1
858,16,867,2
860,1,869,1
861,1,869,2
862,1,869,3
863,1,869,4
864,1,869,5
865,1,869,6
866,1,869,7
867,1,869,8
869,1,871,1
869,2,871,2
869,3,872,1
869,4,872,2
869,5,873,1
869,6,873,2
869,7,874,1
869,8,874,2
871,1,876,1
872,1,876,2
873,1,876,3
874,1,876,4
876,1,878,1
876,2,878,2
876,3,879,1
876,4,879,2
878,1,881,1
879,1,881,2
885,1,887,1
885,2,887,2
885,3,887,3
885,4,887,4
885,5,887,5
885,6,887,6
885,7,887,7
885,8,887,8
885,9,887,9
885,10,887,10
885,11,887,11
885,12,887,12
885,13,887,13
885,14,887,14
885,15,887,15
885,16,887,16
885,17,887,17
885,18,887,18
885,19,887,19
885,20,887,20
887,1,889,1
887,2,889,2
887,3,890,1
887,4,890,2
887,5,891,1
887,6,891,2
887,7,892,1
887,8,892,2
887,9,893,1
887,10,893,2
887,11,894,1
887,12,894,2
887,13,895,1
887,14,895,2
887,15,896,1
887,16,896,2
884,1,898,1
884,2,898,2
884,3,898,3
884,4,898,4
884,5,898,5
884,6,898,6
884,7,898,7
884,8,898,8
884,9,898,9
884,10,898,10
884,11,898,11
884,12,898,12
884,13,898,13
884,14,898,14
884,15,898,15
884,16,898,16
884,17,898,17
884,18,898,18
884,19,898,19
884,20,898,20
887,17,898,21
887,18,898,22
887,19,898,23
887,20,898,24
889,1,898,25
890,1,898,26
891,1,898,27
892,1,898,28
893,1,898,29
894,1,898,30
895,1,898,31
896,1,898,32
898,1,900,1
898,2,900,2
898,3,901,1
898,4,901,2
898,5,902,1
898,6,902,2
898,7,903,1
898,8,903,2
898,9,904,1
898,10,904,2
898,11,905,1
898,12,905,2
898,13,906,1
898,14,906,2
898,15,907,1
898,16,907,2
898,17,908,1
898,18,908,2
898,19,909,1
898,20,909,2
898,21,910,1
898,22,910,2
898,23,911,1
898,24,911,2
898,25,912,1
898,26,912,2
898,27,913,1
898,28,913,2
898,29,914,1
898,30,914,2
898,31,915,1
898,32,915,2
900,1,917,1
901,1,917,2
902,1,917,3
903,1,917,4
904,1,917,5
905,1,917,6
906,1,917,7
907,1,917,8
908,1,917,9
909,1,917,10
910,1,917,11
911,1,917,12
912,1,917,13
913,1,917,14
914,1,917,15
915,1,917,16
917,1,919,1
917,2,919,2
917,3,920,1
917,4,920,2
917,5,921,1
917,6,921,2
917,7,922,1
917,8,922,2
917,9,923,1
917,10,923,2
917,11,924,1
917,12,924,2
917,13,925,1
917,14,925,2
917,15,926,1
917,16,926,2
919,1,928,1
920,1,928,2
921,1,928,3
922,1,928,4
923,1,928,5
924,1,928,6
925,1,928,7
926,1,928,8
928,1,930,1
928,2,930,2
928,3,931,1
928,4,931,2
928,5,932,1
928,6,932,2
928,7,933,1
928,8,933,2
930,1,935,1
931,1,935,2
932,1,935,3
933,1,935,4
935,1,937,1
935,2,937,2
935,3,938,1
935,4,938,2
937,1,940,1
938,1,940,2
951,1,953,1
951,2,953,2
951,3,953,3
951,4,953,4
951,5,953,5
951,6,953,6
951,7,953,7
951,8,953,8
951,9,953,9
951,10,953,10
951,11,953,11
951,12,953,12
951,13,953,13
951,14,953,14
951,15,953,15
951,16,953,16
951,17,953,17
951,18,953,18
953,1,955,1
953,2,955,2
953,3,956,1
953,4,956,2
953,5,957,1
953,6,957,2
953,7,958,1
953,8,958,2
950,1,960,1
950,2,960,2
950,3,960,3
950,4,960,4
950,5,960,5
950,6,960,6
950,7,960,7
950,8,960,8
950,9,960,9
950,10,960,10
950,11,960,11
950,12,960,12
950,13,960,13
950,14,960,14
950,15,960,15
950,16,960,16
950,17,960,17
950,18,960,18
953,9,960,19
953,10,960,20
953,11,960,21
953,12,960,22
953,13,960,23
953,14,960,24
953,15,960,25
953,16,960,26
953,17,960,27
953,18,960,28
955,1,960,29
956,1,960,30
957,1,960,31
958,1,960,32
960,1,962,1
960,2,962,2
960,3,963,1
960,4,963,2
960,5,964,1
960,6,964,2
960,7,965,1
960,8,965,2
960,9,966,1
960,10,966,2
960,11,967,1
960,12,967,2
960,13,968,1
960,14,968,2
960,15,969,1
960,16,969,2
960,17,970,1
960,18,970,2
960,19,971,1
960,20,971,2
960,21,972,1
960,22,972,2
960,23,973,1
960,24,973,2
960,25,974,1
960,26,974,2
960,27,975,1
960,28,975,2
960,29,976,1
960,30,976,2
960,31,977,1
960,32,977,2
962,1,979,1
963,1,979,2
964,1,979,3
965,1,979,4
966,1,979,5
967,1,979,6
968,1,979,7
969,1,979,8
970,1,979,9
971,1,979,10
972,1,979,11
973,1,979,12
974,1,979,13
975,1,979,14
976,1,979,15
977,1,979,16
979,1,981,1
979,2,981,2
979,3,982,1
979,4,982,2
979,5,983,1
979,6,983,2
979,7,984,1
979,8,984,2
979,9,985,1
979,10,985,2
979,11,986,1
979,12,986,2
979,13,987,1
979,14,987,2
979,15,988,1
979,16,988,2
981,1,990,1
982,1,990,2
983,1,990,3
984,1,990,4
985,1,990,5
986,1,990,6
987,1,990,7
988,1,990,8
990,1,992,1
990,2,992,2
990,3,993,1
990,4,993,2
990,5,994,1
990,6,994,2
990,7,995,1
990,8,995,2
992,1,997,1
993,1,997,2
994,1,997,3
995,1,997,4
997,1,999,1
997,2,999,2
997,3,1000,1
997,4,1000,2
999,1,1002,1
1000,1,1002,2
1005,16,1013,1
1008,3,1013,2
1020,6,1022,1
1020,11,1022,2
1020,7,1023,1
1020,10,1023,2
1020,8,1024,1
1020,9,1024,2
1020,5,1025,1
1020,12,1025,2
1022,2,1027,1
1022,1,1027,2
1023,2,1028,1
1023,1,1028,2
1024,2,1029,1
1024,1,1029,2
1025,2,1030,1
1025,1,1030,2
1020,1,1032,1
1027,1,1032,2
1020,2,1033,1
1028,1,1033,2
1020,3,1034,1
1029,1,1034,2
1020,4,1035,1
1030,1,1035,2
1032,2,1037,1
1032,1,1037,2
1033,2,1038,1
1033,1,1038,2
1034,2,1039,1
1034,1,1039,2
1035,2,1040,1
1035,1,1040,2
1037,1,1042,1
1040,1,1042,2
1038,1,1043,1
1039,1,1043,2
1042,1,1045,1
1043,1,1045,2
1056,1,1058,1
1056,2,1058,2
1056,3,1058,3
1056,4,1058,4
1056,5,1058,5
1056,6,1058,6
1056,7,1058,7
1056,8,1058,8
1056,9,1058,9
1056,10,1058,10
1056,11,1058,11
1056,12,1058,12
1056,13,1058,13
1056,14,1058,14
1056,15,1058,15
1056,16,1058,16
1056,17,1058,17
1056,18,1058,18
1056,19,1058,19
1056,20,1058,20
1056,21,1058,21
1056,22,1058,22
1058,19,1060,1
1058,20,1060,2
1058,21,1061,1
1058,22,1061,2
1055,9,1063,1
1058,1,1063,2
1058,16,1064,1
1061,1,1064,2
1055,13,1065,1
1058,5,1065,2
1055,20,1066,1
1058,12,1066,2
1055,12,1067,1
1058,4,1067,2
1058,13,1068,1
1058,18,1068,2
1055,16,1069,1
1058,8,1069,2
1055,17,1070,1
1058,9,1070,2
1055,10,1071,1
1058,2,1071,2
1058,15,1072,1
1060,1,1072,2
1055,14,1073,1
1058,6,1073,2
1055,19,1074,1
1058,11,1074,2
1055,11,1075,1
1058,3,1075,2
1058,14,1076,1
1058,17,1076,2
1055,15,1077,1
1058,7,1077,2
1055,18,1078,1
1058,10,1078,2
1063,1,1080,1
1064,1,1080,2
1065,1,1081,1
1066,1,1081,2
1067,1,1082,1
1068,1,1082,2
1069,1,1083,1
1070,1,1083,2
1071,1,1084,1
1072,1,1084,2
1073,1,1085,1
1074,1,1085,2
1075,1,1086,1
1076,1,1086,2
1077,1,1087,1
1078,1,1087,2
1055,1,1089,1
1087,1,1089,2
1055,8,1090,1
1080,1,1090,2
1055,4,1091,1
1084,1,1091,2
1055,5,1092,1
1083,1,1092,2
1055,2,1093,1
1086,1,1093,2
1055,7,1094,1
1081,1,1094,2
1055,3,1095,1
1085,1,1095,2
1055,6,1096,1
1082,1,1096,2
1089,1,1098,1
1090,1,1098,2
1091,1,1099,1
1092,1,1099,2
1093,1,1100,1
1094,1,1100,2
1095,1,1101,1
1096,1,1101,2
1098,1,1103,1
1099,1,1103,2
1100,1,1104,1
1101,1,1104,2
1103,1,1106,1
1104,1,1106,2
1116,15,1118,1
1116,18,1118,2
1116,16,1119,1
1116,17,1119,2
1116,1,1121,1
1118,1,1121,2
1116,2,1122,1
1119,1,1122,2
1116,3,1123,1
1116,14,1123,2
1116,4,1124,1
1116,13,1124,2
1116,5,1125,1
1116,12,1125,2
1116,6,1126,1
1116,11,1126,2
1116,7,1127,1
1116,10,1127,2
1116,8,1128,1
1116,9,1128,2
1121,1,1130,1
1128,1,1130,2
1122,1,1131,1
1127,1,1131,2
1123,1,1132,1
1126,1,1132,2
1124,1,1133,1
1125,1,1133,2
1130,1,1135,1
1133,1,1135,2
1131,1,1136,1
1132,1,1136,2
1135,1,1138,1
1136,1,1138,2
1145,1,1147,1
1145,16,1147,2
1145,2,1148,1
1145,15,1148,2
1145,3,1149,1
1145,14,1149,2
1145,4,1150,1
1145,13,1150,2
1145,5,1151,1
1145,12,1151,2
1145,6,1152,1
1145,11,1152,2
1145,7,1153,1
1145,10,1153,2
1145,8,1154,1
1145,9,1154,2
1147,1,1156,1
1154,1,1156,2
1148,1,1157,1
1153,1,1157,2
1149,1,1158,1
1152,1,1158,2
1150,1,1159,1
1151,1,1159,2
1156,1,1161,1
1159,1,1161,2
1157,1,1162,1
1158,1,1162,2
1161,1,1164,1
1162,1,1164,2
1171,1,1173,1
1171,16,1173,2
1171,2,1174,1
1171,15,1174,2
1171,3,1175,1
1171,14,1175,2
1171,4,1176,1
1171,13,1176,2
1171,5,1177,1
1171,12,1177,2
1171,6,1178,1
1171,11,1178,2
1171,7,1179,1
1171,10,1179,2
1171,8,1180,1
1171,9,1180,2
1173,1,1182,1
1180,1,1182,2
1174,1,1183,1
1179,1,1183,2
1175,1,1184,1
1178,1,1184,2
1176,1,1185,1
1177,1,1185,2
1182,1,1187,1
1185,1,1187,2
1183,1,1188,1
1184,1,1188,2
1187,1,1190,1
1188,1,1190,2
1193,1,1195,1
1193,2,1195,2
1193,3,1195,3
1193,4,1195,4
1193,5,1195,5
1193,6,1195,6
1193,7,1195,7
1193,8,1195,8
1193,9,1196,1
1193,10,1196,2
1193,11,1196,3
1193,12,1196,4
1193,13,1196,5
1193,14,1196,6
1193,15,1196,7
1193,16,1196,8
1200,1,1202,1
1200,16,1202,2
1200,2,1203,1
1200,15,1203,2
1200,3,1204,1
1200,14,1204,2
1200,4,1205,1
1200,13,1205,2
1200,5,1206,1
1200,12,1206,2
1200,6,1207,1
1200,11,1207,2
1200,7,1208,1
1200,10,1208,2
1200,8,1209,1
1200,9,1209,2
1202,1,1211,1
1209,1,1211,2
1203,1,1212,1
1208,1,1212,2
1204,1,1213,1
1207,1,1213,2
1205,1,1214,1
1206,1,1214,2
1211,1,1216,1
1214,1,1216,2
1212,1,1217,1
1213,1,1217,2
1216,1,1219,1
1217,1,1219,2
1226,1,1228,1
1226,16,1228,2
1226,2,1229,1
1226,15,1229,2
1226,3,1230,1
1226,14,1230,2
1226,4,1231,1
1226,13,1231,2
1226,5,1232,1
1226,12,1232,2
1226,6,1233,1
1226,11,1233,2
1226,7,1234,1
1226,10,1234,2
1226,8,1235,1
1226,9,1235,2
1228,1,1237,1
1235,1,1237,2
1229,1,1238,1
1234,1,1238,2
1230,1,1239,1
1233,1,1239,2
1231,1,1240,1
1232,1,1240,2
1237,1,1242,1
1240,1,1242,2
1238,1,1243,1
1239,1,1243,2
1242,1,1245,1
1243,1,1245,2
1252,5,1254,1
1252,12,1254,2
1252,6,1255,1
1252,11,1255,2
1252,7,1256,1
1252,10,1256,2
1252,8,1257,1
1252,9,1257,2
1254,2,1259,1
1254,1,1259,2
1255,2,1260,1
1255,1,1260,2
1256,2,1261,1
1256,1,1261,2
1257,2,1262,1
1257,1,1262,2
1252,1,1264,1
1259,1,1264,2
1252,2,1265,1
1260,1,1265,2
1252,3,1266,1
1261,1,1266,2
1252,4,1267,1
1262,1,1267,2
1264,2,1269,1
1264,1,1269,2
1265,2,1270,1
1265,1,1270,2
1266,2,1271,1
1266,1,1271,2
1267,2,1272,1
1267,1,1272,2
1269,1,1274,1
1272,1,1274,2
1270,1,1275,1
1271,1,1275,2
1274,1,1277,1
1275,1,1277,2
1280,1,1282,1
1280,2,1282,2
1280,3,1282,3
1280,4,1282,4
1280,5,1282,5
1280,6,1282,6
1280,7,1283,1
1280,8,1283,2
1280,9,1283,3
1280,10,1283,4
1280,11,1283,5
1280,12,1283,6
1291,1,1293,1
1291,2,1293,2
1291,3,1293,3
1291,4,1293,4
1291,5,1293,5
1291,6,1293,6
1291,7,1293,7
1291,8,1293,8
1291,9,1293,9
1291,10,1293,10
1291,11,1293,11
1291,12,1293,12
1291,13,1293,13
1291,14,1293,14
1291,15,1293,15
1291,16,1293,16
1291,17,1293,17
1291,18,1293,18
1291,19,1293,19
1291,20,1293,20
1291,21,1293,21
1291,22,1293,22
1293,3,1295,1
1293,4,1295,2
1293,5,1296,1
1293,6,1296,2
1293,7,1297,1
1293,8,1297,2
1293,9,1298,1
1293,10,1298,2
1293,11,1299,1
1293,12,1299,2
1293,13,1300,1
1293,14,1300,2
1293,15,1301,1
1293,16,1301,2
1293,17,1302,1
1293,18,1302,2
1293,19,1303,1
1293,20,1303,2
1293,21,1304,1
1293,22,1304,2
1290,1,1306,1
1293,1,1306,2
1290,8,1307,1
1299,1,1307,2
1290,9,1308,1
1298,1,1308,2
1290,16,1309,1
1290,17,1309,2
1290,4,1310,1
1303,1,1310,2
1290,5,1311,1
1302,1,1311,2
1290,12,1312,1
1295,1,1312,2
1290,13,1313,1
1290,20,1313,2
1290,2,1314,1
1293,2,1314,2
1290,7,1315,1
1300,1,1315,2
1290,10,1316,1
1297,1,1316,2
1290,15,1317,1
1290,18,1317,2
1290,3,1318,1
1304,1,1318,2
1290,6,1319,1
1301,1,1319,2
1290,11,1320,1
1296,1,1320,2
1290,14,1321,1
1290,19,1321,2
1306,1,1323,1
1307,1,1323,2
1308,1,1324,1
1309,1,1324,2
1310,1,1325,1
1311,1,1325,2
1312,1,1326,1
1313,1,1326,2
1314,1,1327,1
1315,1,1327,2
1316,1,1328,1
1317,1,1328,2
1318,1,1329,1
1319,1,1329,2
1320,1,1330,1
1321,1,1330,2
1323,1,1332,1
1324,1,1332,2
1325,1,1333,1
1326,1,1333,2
1327,1,1334,1
1328,1,1334,2
1329,1,1335,1
1330,1,1335,2
1332,1,1337,1
1333,1,1337,2
1334,1,1338,1
1335,1,1338,2
1337,1,1340,1
1338,1,1340,2
1346,6,1351,1
1346,3,1351,2
1346,5,1352,1
1346,4,1352,2
1352,1,1354,1
1351,1,1354,2
1358,1,1360,1
1358,16,1360,2
1358,2,1361,1
1358,15,1361,2
1358,3,1362,1
1358,14,1362,2
1358,4,1363,1
1358,13,1363,2
1358,5,1364,1
1358,12,1364,2
1358,6,1365,1
1358,11,1365,2
1358,7,1366,1
1358,10,1366,2
1358,8,1367,1
1358,9,1367,2
1360,1,1369,1
1367,1,1369,2
1361,1,1370,1
1366,1,1370,2
1362,1,1371,1
1365,1,1371,2
1363,1,1372,1
1364,1,1372,2
1369,1,1374,1
1372,1,1374,2
1370,1,1375,1
1371,1,1375,2
1374,1,1377,1
1375,1,1377,2
1384,7,1386,1
1384,10,1386,2
1384,8,1387,1
1384,9,1387,2
1384,1,1389,1
1386,1,1389,2
1384,2,1390,1
1387,1,1390,2
1384,3,1391,1
1384,6,1391,2
1384,4,1392,1
1384,5,1392,2
1389,1,1394,1
1392,1,1394,2
1390,1,1395,1
1391,1,1395,2
1394,1,1397,1
1395,1,1397,2
1408,0,1410,1
1408,0,1410,2
1408,0,1411,1
1408,0,1411,2
1410,2,1413,1
1411,2,1413,2
1410,1,1415,1
1411,1,1415,2
1418,0,1420,1
1418,0,1420,2
1418,0,1420,3
1418,0,1420,4
1418,0,1421,1
1418,0,1421,2
1418,0,1421,3
1418,0,1421,4
1420,1,1423,1
1421,2,1423,2
1421,1,1424,1
1420,2,1424,2
1423,1,1426,1
1424,2,1426,2
1430,13,1432,1
1430,16,1432,2
1430,14,1433,1
1430,15,1433,2
1430,7,1435,1
1432,1,1435,2
1430,9,1436,1
1430,12,1436,2
1430,8,1437,1
1433,1,1437,2
1430,10,1438,1
1430,11,1438,2
1435,1,1440,1
1436,1,1440,2
1437,1,1441,1
1438,1,1441,2
1430,1,1443,1
1440,1,1443,2
1430,3,1444,1
1430,6,1444,2
1430,2,1445,1
1441,1,1445,2
1430,5,1446,1
1430,4,1446,2
1443,1,1448,1
1444,1,1448,2
1445,1,1449,1
1446,1,1449,2
1448,1,1451,1
1449,1,1451,2
1454,3,1457,1
1454,6,1457,2
1454,4,1458,1
1454,5,1458,2
1455,3,1459,1
1455,6,1459,2
1455,4,1460,1
1455,5,1460,2
1457,1,1462,1
1454,2,1462,2
1458,1,1463,1
1454,1,1463,2
1459,1,1464,1
1455,2,1464,2
1460,1,1465,1
1455,1,1465,2
1462,1,1467,1
1463,1,1467,2
1464,1,1468,1
1465,1,1468,2
1467,2,1470,1
1467,1,1470,2
1468,2,1471,1
1468,1,1471,2
1470,1,1473,1
1471,1,1473,2
1473,1,1475,1
1473,2,1475,2
1479,8,1481,1
1479,1,1481,2
1479,7,1482,1
1479,2,1482,2
1479,6,1483,1
1479,3,1483,2
1479,5,1484,1
1479,4,1484,2
1481,1,1486,1
1482,1,1486,2
1483,1,1486,3
1484,1,1486,4
1486,4,1488,1
1486,1,1488,2
1486,3,1489,1
1486,2,1489,2
1488,1,1491,1
1489,1,1491,2
1491,2,1493,1
1491,1,1493,2
1496,8,1498,1
1496,1,1498,2
1496,7,1499,1
1496,2,1499,2
1496,6,1500,1
1496,3,1500,2
1496,5,1501,1
1496,4,1501,2
1498,1,1503,1
1499,1,1503,2
1500,1,1503,3
1501,1,1503,4
1503,4,1505,1
1503,1,1505,2
1503,3,1506,1
1503,2,1506,2
1505,1,1508,1
1506,1,1508,2
1508,2,1510,1
1508,1,1510,2
1517,0,1519,1
1517,0,1519,2
1517,0,1519,3
1517,0,1519,4
1517,0,1520,1
1517,0,1520,2
1517,0,1520,3
1517,0,1520,4
1519,1,1522,1
1520,2,1522,2
1520,1,1523,1
1519,2,1523,2
1522,1,1525,1
1523,2,1525,2
1528,0,1530,1
1528,0,1530,2
1528,0,1530,3
1528,0,1531,1
1528,0,1531,2
1528,0,1531,3
1530,1,1533,1
1531,2,1533,2
1531,1,1534,1
1530,2,1534,2
1533,2,1536,1
1534,2,1536,2
1533,1,1538,1
1534,1,1538,2
1542,3,1544,1
1542,6,1544,2
1542,4,1545,1
1542,5,1545,2
1544,1,1547,1
1545,1,1547,2
1542,1,1549,1
1547,2,1549,2
1542,2,1550,1
1547,1,1550,2
1549,1,1552,1
1550,1,1552,2
1552,1,1554,1
1552,2,1554,2
1558,1,1560,1
1558,2,1560,2
1558,3,1560,3
1558,4,1560,4
1558,5,1560,5
1558,6,1560,6
1558,7,1561,1
1558,8,1561,2
1558,9,1561,3
1558,10,1561,4
1558,11,1561,5
1558,12,1561,6
1565,3,1567,1
1565,14,1567,2
1565,4,1568,1
1565,13,1568,2
1565,5,1569,1
1565,12,1569,2
1565,6,1570,1
1565,11,1570,2
1565,7,1571,1
1565,10,1571,2
1565,8,1572,1
1565,9,1572,2
1565,1,1574,1
1570,1,1574,2
1567,1,1575,1
1572,1,1575,2
1568,1,1576,1
1571,1,1576,2
1565,2,1577,1
1569,1,1577,2
1574,1,1579,1
1577,1,1579,2
1575,1,1580,1
1576,1,1580,2
1579,1,1582,1
1580,1,1582,2
1582,1,1588,1
1582,2,1588,2
1588,1,1590,1
1588,8,1590,2
1588,2,1591,1
1588,7,1591,2
1588,3,1592,1
1588,6,1592,2
1588,4,1593,1
1588,5,1593,2
1590,1,1595,1
1593,1,1595,2
1591,1,1596,1
1592,1,1596,2
1595,2,1598,1
1596,2,1598,2
1595,1,1600,1
1596,1,1600,2
1607,1,1610,1
1607,2,1610,2
1607,3,1610,3
1607,4,1611,1
1607,5,1611,2
1607,6,1611,3
1607,7,1612,1
1607,8,1612,2
1607,9,1612,3
1607,10,1613,1
1608,1,1613,2
1608,2,1613,3
1610,0,1615,1
1611,0,1615,2
1612,0,1615,3
1613,0,1615,4
1610,0,1616,1
1611,0,1616,2
1612,0,1616,3
1613,0,1616,4
1610,0,1617,1
1611,0,1617,2
1612,0,1617,3
1613,0,1617,4
1615,3,1619,1
1616,3,1619,2
1617,3,1619,3
1619,1,1621,1
1619,2,1621,2
1615,1,1623,1
1621,0,1623,2
1615,2,1624,1
1617,2,1624,2
1616,1,1625,1
1621,0,1625,2
1617,1,1626,1
1616,2,1626,2
1623,1,1628,1
1624,1,1628,2
1625,1,1629,1
1626,1,1629,2
1628,2,1631,1
1629,2,1631,2
1628,1,1633,1
1629,1,1633,2
1636,1,1638,1
1636,5,1638,2
1636,9,1638,3
1636,13,1638,4
1636,2,1639,1
1636,6,1639,2
1636,10,1639,3
1636,14,1639,4
1636,3,1640,1
1636,7,1640,2
1636,11,1640,3
1636,15,1640,4
1636,4,1641,1
1636,8,1641,2
1636,12,1641,3
1636,16,1641,4
1638,1,1643,1
1638,2,1643,2
1639,1,1643,3
1639,2,1643,4
1640,1,1643,5
1640,2,1643,6
1641,1,1643,7
1641,2,1643,8
1643,8,1645,1
1643,1,1645,2
1643,7,1646,1
1643,2,1646,2
1643,6,1647,1
1643,3,1647,2
1643,5,1648,1
1643,4,1648,2
1645,1,1650,1
1646,1,1650,2
1647,1,1650,3
1648,1,1650,4
1650,4,1652,1
1650,1,1652,2
1650,3,1653,1
1650,2,1653,2
1652,1,1655,1
1653,1,1655,2
1655,2,1657,1
1655,1,1657,2
1661,1,1666,1
1664,1,1666,2
1677,1,1679,1
1677,3,1679,2
1677,5,1679,3
1677,7,1679,4
1677,2,1680,1
1677,4,1680,2
1677,6,1680,3
1677,8,1680,4
1679,1,1682,1
1680,1,1682,2
1682,2,1684,1
1682,1,1684,2
1687,1,1689,1
1687,3,1689,2
1687,5,1689,3
1687,7,1689,4
1687,2,1690,1
1687,4,1690,2
1687,6,1690,3
1687,8,1690,4
1689,1,1692,1
1690,1,1692,2
1692,2,1694,1
1692,1,1694,2
1701,13,1703,1
1701,20,1703,2
1701,14,1704,1
1701,19,1704,2
1701,15,1705,1
1701,18,1705,2
1701,16,1706,1
1701,17,1706,2
1701,1,1708,1
1703,1,1708,2
1701,2,1709,1
1704,1,1709,2
1701,3,1710,1
1705,1,1710,2
1701,4,1711,1
1706,1,1711,2
1701,5,1712,1
1701,12,1712,2
1701,6,1713,1
1701,11,1713,2
1701,7,1714,1
1701,10,1714,2
1701,8,1715,1
1701,9,1715,2
1708,1,1717,1
1715,1,1717,2
1709,1,1718,1
1714,1,1718,2
1710,1,1719,1
1713,1,1719,2
1711,1,1720,1
1712,1,1720,2
1717,1,1722,1
1720,1,1722,2
1718,1,1723,1
1719,1,1723,2
1722,1,1725,1
1723,1,1725,2
1729,0,1731,1
1729,0,1731,2
1729,0,1731,3
1729,0,1731,4
1729,0,1732,1
1729,0,1732,2
1729,0,1732,3
1729,0,1732,4
1731,1,1734,1
1732,2,1734,2
1732,1,1735,1
1731,2,1735,2
1734,2,1737,1
1735,2,1737,2
1734,1,1739,1
1735,1,1739,2
