1
14
70
82
95
116
129
132
204
306
322
326
348
354
372
376
379
589
703
783
786
789
792
795
803
811
820
823
882
941
944
948
1003
1006
1009
1014
1018
1046
1050
1053
1107
1110
1114
1139
1143
1165
1169
1191
1198
1220
1224
1246
1250
1278
1285
1288
1341
1344
1347
1356
1378
1382
1398
1402
1406
1416
1428
1452
1477
1494
1512
1515
1526
1540
1556
1563
1583
1586
1602
1605
1634
1659
1662
1668
1671
1675
1685
1696
1699
1727
1743
1746
