3,0
3,1
3,2
3,3
3,4
3,5
3,6
3,7
5,0
5,1
5,2
5,3
6,0
6,1
6,2
6,3
8,0
8,1
9,0
9,1
11,0
11,1
13,0
13,1
16,0
16,1
16,2
16,3
17,0
17,1
17,2
18,0
18,1
18,2
18,3
19,0
19,1
19,2
19,3
19,4
19,5
19,6
19,7
19,8
19,9
19,10
19,11
19,12
19,13
19,14
19,15
20,0
20,1
20,2
20,3
20,4
22,0
22,1
22,2
22,3
22,4
22,5
23,0
23,1
23,2
24,0
24,1
24,2
24,3
24,4
24,5
24,6
24,7
24,8
25,0
25,1
26,0
26,1
26,2
27,0
27,1
27,2
27,3
28,0
28,1
29,0
30,0
30,1
32,0
32,1
32,2
32,3
33,0
33,1
33,2
33,3
34,0
34,1
34,2
34,3
35,0
35,1
35,2
35,3
36,0
36,1
36,2
36,3
37,0
37,1
37,2
37,3
38,0
38,1
38,2
38,3
39,0
39,1
39,2
39,3
41,0
41,1
41,2
41,3
42,0
42,1
42,2
42,3
43,0
43,1
43,2
43,3
44,0
44,1
44,2
44,3
45,0
45,1
45,2
45,3
46,0
46,1
46,2
46,3
47,0
47,1
47,2
47,3
48,0
48,1
48,2
48,3
50,0
50,1
51,0
51,1
52,0
52,1
53,0
53,1
54,0
54,1
55,0
55,1
56,0
56,1
57,0
57,1
59,0
59,1
60,0
60,1
61,0
61,1
62,0
62,1
64,0
64,1
65,0
65,1
67,0
67,1
69,0
69,1
72,0
72,1
73,0
73,1
75,0
75,1
76,0
76,1
78,0
78,1
80,0
80,1
84,0
84,1
84,2
84,3
84,4
84,5
85,0
85,1
85,2
85,3
85,4
85,5
85,6
85,7
85,8
85,9
85,10
86,0
86,1
86,2
86,3
86,4
86,5
86,6
86,7
86,8
86,9
86,10
86,11
86,12
86,13
88,0
88,1
88,2
88,3
88,4
88,5
89,0
89,1
89,2
89,3
89,4
90,0
90,1
90,2
90,3
90,4
90,5
90,6
90,7
90,8
90,9
90,10
90,11
90,12
90,13
90,14
92,0
92,1
92,2
92,3
92,4
92,5
92,6
92,7
92,8
92,9
92,10
94,0
94,1
94,2
94,3
94,4
94,5
97,0
97,1
97,2
97,3
98,0
98,1
98,2
98,3
99,0
99,1
99,2
99,3
100,0
100,1
100,2
100,3
102,0
102,1
102,2
102,3
103,0
103,1
103,2
103,3
104,0
104,1
104,2
104,3
105,0
105,1
105,2
105,3
107,0
107,1
108,0
108,1
109,0
109,1
110,0
110,1
112,0
112,1
113,0
113,1
115,0
115,1
118,0
118,1
118,2
118,3
118,4
118,5
119,0
119,1
119,2
119,3
119,4
119,5
119,6
119,7
119,8
119,9
119,10
120,0
120,1
120,2
120,3
120,4
120,5
120,6
120,7
120,8
120,9
120,10
120,11
120,12
120,13
122,0
122,1
122,2
122,3
122,4
122,5
123,0
123,1
123,2
123,3
123,4
124,0
124,1
124,2
124,3
124,4
124,5
124,6
124,7
124,8
124,9
124,10
124,11
124,12
124,13
124,14
126,0
126,1
126,2
126,3
126,4
126,5
126,6
126,7
126,8
128,0
128,1
128,2
128,3
128,4
128,5
131,0
131,1
134,0
135,0
135,1
135,2
135,3
135,4
135,5
135,6
135,7
135,8
135,9
135,10
135,11
135,12
135,13
135,14
135,15
135,16
135,17
135,18
135,19
135,20
136,0
136,1
136,2
136,3
136,4
136,5
136,6
136,7
136,8
136,9
136,10
136,11
136,12
136,13
136,14
136,15
136,16
136,17
136,18
136,19
136,20
136,21
136,22
136,23
136,24
138,0
138,1
138,2
138,3
138,4
138,5
138,6
138,7
138,8
138,9
140,0
140,1
141,0
141,1
142,0
142,1
143,0
143,1
144,0
144,1
146,0
146,1
146,2
146,3
146,4
146,5
146,6
146,7
146,8
146,9
146,10
146,11
146,12
146,13
146,14
146,15
146,16
146,17
146,18
146,19
148,0
148,1
148,2
148,3
148,4
148,5
148,6
148,7
148,8
148,9
149,0
149,1
149,2
149,3
149,4
149,5
149,6
149,7
149,8
149,9
151,0
151,1
152,0
152,1
153,0
153,1
154,0
154,1
155,0
155,1
156,0
156,1
157,0
157,1
158,0
158,1
159,0
159,1
160,0
160,1
162,0
163,0
163,1
163,2
163,3
163,4
163,5
163,6
163,7
163,8
163,9
163,10
163,11
163,12
163,13
163,14
163,15
163,16
163,17
163,18
163,19
163,20
163,21
163,22
163,23
163,24
163,25
163,26
163,27
163,28
163,29
163,30
165,0
165,1
165,2
165,3
165,4
165,5
165,6
165,7
166,0
166,1
166,2
166,3
166,4
166,5
166,6
166,7
167,0
167,1
167,2
167,3
167,4
167,5
167,6
167,7
168,0
168,1
168,2
168,3
168,4
168,5
168,6
168,7
170,0
170,1
170,2
170,3
171,0
171,1
171,2
171,3
172,0
172,1
172,2
172,3
173,0
173,1
173,2
173,3
174,0
174,1
174,2
174,3
175,0
175,1
175,2
175,3
176,0
176,1
176,2
176,3
177,0
177,1
177,2
177,3
179,0
179,1
179,2
179,3
179,4
179,5
179,6
179,7
180,0
180,1
180,2
180,3
180,4
180,5
180,6
180,7
182,0
182,1
183,0
183,1
184,0
184,1
185,0
185,1
186,0
186,1
187,0
187,1
188,0
188,1
189,0
189,1
191,0
191,1
191,2
191,3
191,4
191,5
191,6
191,7
193,0
193,1
194,0
194,1
195,0
195,1
196,0
196,1
198,0
198,1
198,2
198,3
200,0
200,1
201,0
201,1
203,0
203,1
206,0
207,0
207,1
207,2
207,3
207,4
207,5
207,6
207,7
207,8
207,9
207,10
207,11
207,12
207,13
207,14
208,0
208,1
208,2
208,3
208,4
208,5
208,6
208,7
208,8
208,9
208,10
208,11
208,12
208,13
208,14
208,15
208,16
208,17
208,18
208,19
208,20
208,21
208,22
208,23
208,24
208,25
208,26
208,27
208,28
208,29
208,30
208,31
208,32
208,33
208,34
208,35
208,36
208,37
208,38
208,39
208,40
208,41
208,42
208,43
210,0
210,1
210,2
210,3
210,4
210,5
210,6
210,7
210,8
210,9
210,10
210,11
210,12
210,13
210,14
210,15
210,16
210,17
210,18
210,19
210,20
210,21
210,22
210,23
210,24
210,25
210,26
210,27
210,28
210,29
210,30
210,31
210,32
210,33
210,34
210,35
210,36
210,37
210,38
210,39
210,40
210,41
210,42
210,43
212,0
212,1
212,2
212,3
212,4
212,5
212,6
212,7
212,8
212,9
212,10
212,11
212,12
212,13
212,14
212,15
212,16
212,17
212,18
212,19
212,20
212,21
213,0
213,1
213,2
213,3
213,4
213,5
213,6
213,7
213,8
213,9
213,10
213,11
213,12
213,13
213,14
213,15
213,16
213,17
213,18
213,19
213,20
213,21
215,0
215,1
216,0
216,1
217,0
217,1
218,0
218,1
219,0
219,1
220,0
220,1
221,0
221,1
222,0
222,1
223,0
223,1
224,0
224,1
225,0
225,1
226,0
226,1
227,0
227,1
228,0
228,1
229,0
229,1
230,0
230,1
231,0
231,1
232,0
232,1
233,0
233,1
234,0
234,1
235,0
235,1
236,0
236,1
238,0
239,0
239,1
239,2
239,3
239,4
239,5
239,6
239,7
239,8
239,9
239,10
239,11
239,12
239,13
239,14
239,15
239,16
239,17
239,18
239,19
239,20
239,21
239,22
239,23
239,24
239,25
239,26
239,27
239,28
239,29
239,30
239,31
239,32
239,33
239,34
239,35
239,36
239,37
239,38
239,39
239,40
239,41
239,42
239,43
239,44
239,45
239,46
241,0
241,1
241,2
241,3
241,4
241,5
241,6
241,7
241,8
241,9
241,10
241,11
242,0
242,1
242,2
242,3
242,4
242,5
242,6
242,7
242,8
242,9
242,10
242,11
243,0
243,1
243,2
243,3
243,4
243,5
243,6
243,7
243,8
243,9
243,10
243,11
244,0
244,1
244,2
244,3
244,4
244,5
244,6
244,7
244,8
244,9
244,10
244,11
246,0
246,1
246,2
246,3
247,0
247,1
247,2
247,3
248,0
248,1
248,2
248,3
249,0
249,1
249,2
249,3
250,0
250,1
250,2
250,3
251,0
251,1
251,2
251,3
252,0
252,1
252,2
252,3
253,0
253,1
253,2
253,3
254,0
254,1
254,2
254,3
255,0
255,1
255,2
255,3
256,0
256,1
256,2
256,3
257,0
257,1
257,2
257,3
259,0
259,1
259,2
259,3
259,4
259,5
259,6
259,7
261,0
261,1
261,2
261,3
261,4
261,5
261,6
261,7
261,8
261,9
261,10
261,11
261,12
261,13
261,14
261,15
262,0
262,1
262,2
262,3
262,4
262,5
262,6
262,7
262,8
262,9
262,10
262,11
262,12
262,13
262,14
262,15
264,0
264,1
265,0
265,1
266,0
266,1
267,0
267,1
268,0
268,1
269,0
269,1
270,0
270,1
271,0
271,1
272,0
272,1
273,0
273,1
274,0
274,1
275,0
275,1
276,0
276,1
277,0
277,1
278,0
278,1
279,0
279,1
281,0
281,1
281,2
281,3
281,4
281,5
281,6
281,7
281,8
281,9
281,10
281,11
281,12
281,13
281,14
281,15
283,0
283,1
284,0
284,1
285,0
285,1
286,0
286,1
287,0
287,1
288,0
288,1
289,0
289,1
290,0
290,1
292,0
292,1
292,2
292,3
292,4
292,5
292,6
292,7
294,0
294,1
295,0
295,1
296,0
296,1
297,0
297,1
299,0
299,1
299,2
299,3
301,0
301,1
302,0
302,1
304,0
304,1
308,0
308,1
308,2
308,3
308,4
308,5
308,6
308,7
308,8
308,9
310,0
310,1
311,0
311,1
313,0
313,1
314,0
314,1
315,0
315,1
316,0
316,1
318,0
318,1
319,0
319,1
321,0
321,1
324,0
324,1
324,2
324,3
324,4
324,5
324,6
324,7
324,8
324,9
328,0
328,1
328,2
328,3
328,4
328,5
328,6
328,7
328,8
328,9
328,10
328,11
328,12
328,13
328,14
328,15
330,0
330,1
331,0
331,1
332,0
332,1
333,0
333,1
334,0
334,1
335,0
335,1
336,0
336,1
337,0
337,1
339,0
339,1
340,0
340,1
341,0
341,1
342,0
342,1
344,0
344,1
345,0
345,1
347,0
347,1
350,0
350,1
350,2
350,3
350,4
350,5
350,6
350,7
350,8
350,9
350,10
350,11
350,12
350,13
350,14
350,15
352,0
352,1
352,2
352,3
352,4
352,5
356,0
356,1
356,2
356,3
356,4
356,5
356,6
356,7
356,8
356,9
356,10
356,11
358,0
358,1
359,0
359,1
360,0
360,1
361,0
361,1
363,0
363,1
364,0
364,1
365,0
365,1
366,0
366,1
368,0
368,1
369,0
369,1
371,0
371,1
374,0
374,1
374,2
374,3
374,4
374,5
374,6
374,7
374,8
374,9
374,10
374,11
378,0
378,1
381,0
381,1
381,2
381,3
381,4
381,5
381,6
381,7
381,8
381,9
381,10
381,11
381,12
381,13
381,14
381,15
381,16
381,17
381,18
381,19
381,20
381,21
381,22
381,23
383,0
383,1
383,2
383,3
383,4
383,5
383,6
383,7
383,8
383,9
383,10
383,11
383,12
383,13
383,14
383,15
383,16
383,17
383,18
383,19
383,20
383,21
383,22
383,23
385,0
385,1
386,0
386,1
387,0
387,1
388,0
388,1
389,0
389,1
390,0
390,1
391,0
391,1
392,0
392,1
394,0
394,1
395,0
395,1
396,0
396,1
397,0
397,1
398,0
398,1
399,0
399,1
400,0
400,1
401,0
401,1
403,0
403,1
403,2
403,3
403,4
403,5
403,6
403,7
403,8
403,9
403,10
403,11
403,12
403,13
403,14
403,15
403,16
403,17
403,18
403,19
403,20
403,21
403,22
403,23
403,24
403,25
403,26
403,27
403,28
403,29
403,30
403,31
403,32
403,33
403,34
403,35
403,36
403,37
403,38
403,39
405,0
405,1
406,0
406,1
407,0
407,1
408,0
408,1
409,0
409,1
410,0
410,1
411,0
411,1
412,0
412,1
413,0
413,1
414,0
414,1
415,0
415,1
416,0
416,1
417,0
417,1
418,0
418,1
419,0
419,1
420,0
420,1
421,0
421,1
422,0
422,1
423,0
423,1
424,0
424,1
426,0
426,1
427,0
427,1
428,0
428,1
429,0
429,1
430,0
430,1
431,0
431,1
432,0
432,1
433,0
433,1
434,0
434,1
435,0
435,1
436,0
436,1
437,0
437,1
438,0
438,1
439,0
439,1
440,0
440,1
441,0
441,1
442,0
442,1
443,0
443,1
444,0
444,1
445,0
445,1
447,0
447,1
447,2
447,3
447,4
447,5
447,6
447,7
447,8
447,9
447,10
447,11
447,12
447,13
447,14
447,15
447,16
447,17
447,18
447,19
447,20
447,21
447,22
447,23
447,24
447,25
447,26
447,27
447,28
447,29
447,30
447,31
447,32
447,33
447,34
447,35
447,36
447,37
447,38
447,39
447,40
447,41
447,42
447,43
447,44
447,45
447,46
447,47
447,48
447,49
447,50
447,51
447,52
447,53
447,54
447,55
447,56
447,57
447,58
447,59
447,60
447,61
447,62
447,63
449,0
449,1
450,0
450,1
451,0
451,1
452,0
452,1
453,0
453,1
454,0
454,1
455,0
455,1
456,0
456,1
457,0
457,1
458,0
458,1
459,0
459,1
460,0
460,1
461,0
461,1
462,0
462,1
463,0
463,1
464,0
464,1
465,0
465,1
466,0
466,1
467,0
467,1
468,0
468,1
469,0
469,1
470,0
470,1
471,0
471,1
472,0
472,1
473,0
473,1
474,0
474,1
475,0
475,1
476,0
476,1
477,0
477,1
478,0
478,1
479,0
479,1
480,0
480,1
482,0
482,1
483,0
483,1
484,0
484,1
485,0
485,1
486,0
486,1
487,0
487,1
488,0
488,1
489,0
489,1
490,0
490,1
491,0
491,1
492,0
492,1
493,0
493,1
494,0
494,1
495,0
495,1
496,0
496,1
497,0
497,1
498,0
498,1
499,0
499,1
500,0
500,1
501,0
501,1
502,0
502,1
503,0
503,1
504,0
504,1
505,0
505,1
506,0
506,1
507,0
507,1
508,0
508,1
509,0
509,1
510,0
510,1
511,0
511,1
512,0
512,1
513,0
513,1
515,0
515,1
515,2
515,3
515,4
515,5
515,6
515,7
515,8
515,9
515,10
515,11
515,12
515,13
515,14
515,15
515,16
515,17
515,18
515,19
515,20
515,21
515,22
515,23
515,24
515,25
515,26
515,27
515,28
515,29
515,30
515,31
517,0
517,1
518,0
518,1
519,0
519,1
520,0
520,1
521,0
521,1
522,0
522,1
523,0
523,1
524,0
524,1
525,0
525,1
526,0
526,1
527,0
527,1
528,0
528,1
529,0
529,1
530,0
530,1
531,0
531,1
532,0
532,1
534,0
534,1
535,0
535,1
536,0
536,1
537,0
537,1
538,0
538,1
539,0
539,1
540,0
540,1
541,0
541,1
542,0
542,1
543,0
543,1
544,0
544,1
545,0
545,1
546,0
546,1
547,0
547,1
548,0
548,1
549,0
549,1
551,0
551,1
551,2
551,3
551,4
551,5
551,6
551,7
551,8
551,9
551,10
551,11
551,12
551,13
551,14
551,15
553,0
553,1
554,0
554,1
555,0
555,1
556,0
556,1
557,0
557,1
558,0
558,1
559,0
559,1
560,0
560,1
562,0
562,1
563,0
563,1
564,0
564,1
565,0
565,1
566,0
566,1
567,0
567,1
568,0
568,1
569,0
569,1
571,0
571,1
571,2
571,3
571,4
571,5
571,6
571,7
573,0
573,1
574,0
574,1
575,0
575,1
576,0
576,1
578,0
578,1
579,0
579,1
580,0
580,1
581,0
581,1
583,0
583,1
583,2
583,3
585,0
585,1
586,0
586,1
588,0
588,1
591,0
591,1
591,2
591,3
591,4
591,5
591,6
591,7
591,8
591,9
591,10
591,11
591,12
591,13
591,14
591,15
591,16
591,17
591,18
591,19
591,20
591,21
591,22
591,23
591,24
591,25
591,26
591,27
591,28
591,29
591,30
591,31
591,32
591,33
591,34
591,35
591,36
591,37
591,38
591,39
591,40
591,41
591,42
591,43
591,44
591,45
591,46
591,47
591,48
591,49
591,50
591,51
591,52
591,53
591,54
591,55
591,56
591,57
591,58
591,59
591,60
591,61
591,62
591,63
591,64
591,65
591,66
591,67
591,68
591,69
591,70
591,71
592,0
592,1
592,2
592,3
592,4
592,5
592,6
592,7
592,8
592,9
592,10
592,11
592,12
592,13
592,14
592,15
592,16
592,17
592,18
592,19
594,0
594,1
594,2
594,3
594,4
594,5
594,6
594,7
594,8
594,9
594,10
594,11
594,12
594,13
594,14
594,15
594,16
594,17
594,18
594,19
594,20
594,21
594,22
594,23
594,24
594,25
594,26
594,27
594,28
594,29
594,30
594,31
594,32
594,33
594,34
594,35
594,36
594,37
594,38
594,39
594,40
594,41
594,42
594,43
594,44
594,45
594,46
594,47
594,48
594,49
594,50
594,51
594,52
594,53
594,54
594,55
594,56
594,57
594,58
594,59
594,60
594,61
594,62
594,63
594,64
594,65
594,66
594,67
594,68
594,69
594,70
594,71
596,0
596,1
597,0
597,1
598,0
598,1
599,0
599,1
600,0
600,1
601,0
601,1
602,0
602,1
603,0
603,1
604,0
604,1
605,0
605,1
606,0
606,1
607,0
607,1
608,0
608,1
609,0
609,1
610,0
610,1
611,0
611,1
612,0
612,1
613,0
613,1
614,0
614,1
615,0
615,1
616,0
616,1
617,0
617,1
618,0
618,1
619,0
619,1
620,0
620,1
621,0
621,1
622,0
622,1
623,0
623,1
624,0
624,1
625,0
625,1
626,0
626,1
627,0
627,1
628,0
628,1
629,0
629,1
630,0
630,1
631,0
631,1
633,0
633,1
633,2
633,3
633,4
633,5
633,6
633,7
633,8
633,9
633,10
633,11
633,12
633,13
633,14
633,15
633,16
633,17
633,18
633,19
633,20
633,21
633,22
633,23
633,24
633,25
633,26
633,27
633,28
633,29
633,30
633,31
633,32
633,33
633,34
633,35
633,36
633,37
633,38
633,39
633,40
633,41
633,42
633,43
633,44
633,45
633,46
633,47
635,0
635,1
636,0
636,1
637,0
637,1
638,0
638,1
639,0
639,1
640,0
640,1
641,0
641,1
642,0
642,1
643,0
643,1
644,0
644,1
645,0
645,1
646,0
646,1
647,0
647,1
648,0
648,1
649,0
649,1
650,0
650,1
651,0
651,1
652,0
652,1
653,0
653,1
654,0
654,1
655,0
655,1
656,0
656,1
657,0
657,1
658,0
658,1
660,0
660,1
660,2
660,3
660,4
660,5
660,6
660,7
660,8
660,9
660,10
660,11
660,12
660,13
660,14
660,15
660,16
660,17
660,18
660,19
660,20
660,21
660,22
660,23
660,24
660,25
660,26
660,27
660,28
660,29
660,30
660,31
662,0
662,1
663,0
663,1
664,0
664,1
665,0
665,1
666,0
666,1
667,0
667,1
668,0
668,1
669,0
669,1
670,0
670,1
671,0
671,1
672,0
672,1
673,0
673,1
674,0
674,1
675,0
675,1
676,0
676,1
677,0
677,1
679,0
679,1
679,2
679,3
679,4
679,5
679,6
679,7
679,8
679,9
679,10
679,11
679,12
679,13
679,14
679,15
681,0
681,1
682,0
682,1
683,0
683,1
684,0
684,1
685,0
685,1
686,0
686,1
687,0
687,1
688,0
688,1
690,0
690,1
690,2
690,3
690,4
690,5
690,6
690,7
692,0
692,1
693,0
693,1
694,0
694,1
695,0
695,1
697,0
697,1
697,2
697,3
699,0
699,1
700,0
700,1
702,0
702,1
705,0
705,1
705,2
705,3
705,4
705,5
705,6
705,7
705,8
705,9
705,10
705,11
705,12
705,13
705,14
705,15
705,16
705,17
705,18
705,19
705,20
705,21
705,22
705,23
705,24
705,25
705,26
705,27
705,28
705,29
705,30
705,31
705,32
705,33
705,34
705,35
705,36
705,37
705,38
705,39
705,40
705,41
705,42
705,43
705,44
705,45
705,46
705,47
707,0
707,1
707,2
707,3
707,4
707,5
707,6
707,7
707,8
707,9
707,10
707,11
707,12
707,13
707,14
707,15
707,16
707,17
707,18
707,19
707,20
707,21
707,22
707,23
707,24
707,25
707,26
707,27
707,28
707,29
707,30
707,31
707,32
707,33
707,34
707,35
707,36
707,37
707,38
707,39
707,40
707,41
707,42
707,43
707,44
707,45
707,46
707,47
709,0
709,1
709,2
709,3
709,4
709,5
709,6
709,7
710,0
710,1
710,2
710,3
710,4
710,5
710,6
710,7
713,0
713,1
714,0
714,1
715,0
715,1
716,0
716,1
718,0
718,1
719,0
719,1
720,0
720,1
721,0
721,1
723,0
723,1
724,0
724,1
725,0
725,1
726,0
726,1
728,0
728,1
729,0
729,1
730,0
730,1
731,0
731,1
733,0
733,1
733,2
733,3
733,4
733,5
733,6
733,7
733,8
733,9
733,10
733,11
733,12
733,13
733,14
733,15
734,0
734,1
734,2
734,3
734,4
734,5
734,6
734,7
734,8
734,9
734,10
734,11
734,12
734,13
734,14
734,15
737,0
737,1
738,0
738,1
739,0
739,1
740,0
740,1
741,0
741,1
742,0
742,1
743,0
743,1
744,0
744,1
746,0
746,1
747,0
747,1
748,0
748,1
749,0
749,1
750,0
750,1
751,0
751,1
752,0
752,1
753,0
753,1
755,0
755,1
755,2
755,3
755,4
755,5
755,6
755,7
756,0
756,1
756,2
756,3
756,4
756,5
756,6
756,7
759,0
759,1
760,0
760,1
761,0
761,1
762,0
762,1
764,0
764,1
765,0
765,1
766,0
766,1
767,0
767,1
769,0
769,1
769,2
769,3
770,0
770,1
770,2
770,3
773,0
773,1
774,0
774,1
776,0
776,1
777,0
777,1
779,0
779,1
780,0
780,1
782,0
782,1
785,0
785,1
785,2
785,3
785,4
785,5
785,6
785,7
785,8
785,9
785,10
785,11
785,12
785,13
785,14
785,15
785,16
785,17
785,18
785,19
788,0
788,1
788,2
788,3
788,4
788,5
788,6
788,7
788,8
788,9
788,10
788,11
788,12
788,13
788,14
788,15
788,16
788,17
788,18
788,19
788,20
788,21
788,22
788,23
791,0
791,1
791,2
791,3
791,4
791,5
791,6
791,7
791,8
791,9
791,10
791,11
791,12
791,13
791,14
791,15
791,16
791,17
791,18
791,19
791,20
791,21
791,22
791,23
794,0
794,1
794,2
794,3
794,4
794,5
794,6
794,7
794,8
794,9
794,10
794,11
794,12
794,13
794,14
794,15
794,16
794,17
794,18
794,19
794,20
794,21
794,22
794,23
799,0
799,1
800,0
800,1
802,0
802,1
807,0
807,1
808,0
808,1
810,0
810,1
815,0
815,1
816,0
816,1
818,0
818,1
822,0
822,1
825,0
825,1
825,2
825,3
825,4
825,5
825,6
825,7
825,8
825,9
825,10
825,11
825,12
825,13
825,14
825,15
825,16
825,17
825,18
825,19
826,0
826,1
826,2
826,3
826,4
826,5
826,6
826,7
826,8
826,9
826,10
826,11
826,12
826,13
826,14
826,15
826,16
826,17
826,18
826,19
828,0
828,1
828,2
828,3
828,4
828,5
828,6
828,7
828,8
828,9
828,10
828,11
828,12
828,13
828,14
828,15
828,16
828,17
828,18
828,19
830,0
830,1
831,0
831,1
832,0
832,1
833,0
833,1
834,0
834,1
835,0
835,1
836,0
836,1
837,0
837,1
839,0
839,1
839,2
839,3
839,4
839,5
839,6
839,7
839,8
839,9
839,10
839,11
839,12
839,13
839,14
839,15
839,16
839,17
839,18
839,19
839,20
839,21
839,22
839,23
839,24
839,25
839,26
839,27
839,28
839,29
839,30
839,31
841,0
841,1
842,0
842,1
843,0
843,1
844,0
844,1
845,0
845,1
846,0
846,1
847,0
847,1
848,0
848,1
849,0
849,1
850,0
850,1
851,0
851,1
852,0
852,1
853,0
853,1
854,0
854,1
855,0
855,1
856,0
856,1
858,0
858,1
858,2
858,3
858,4
858,5
858,6
858,7
858,8
858,9
858,10
858,11
858,12
858,13
858,14
858,15
860,0
860,1
861,0
861,1
862,0
862,1
863,0
863,1
864,0
864,1
865,0
865,1
866,0
866,1
867,0
867,1
869,0
869,1
869,2
869,3
869,4
869,5
869,6
869,7
871,0
871,1
872,0
872,1
873,0
873,1
874,0
874,1
876,0
876,1
876,2
876,3
878,0
878,1
879,0
879,1
881,0
881,1
884,0
884,1
884,2
884,3
884,4
884,5
884,6
884,7
884,8
884,9
884,10
884,11
884,12
884,13
884,14
884,15
884,16
884,17
884,18
884,19
885,0
885,1
885,2
885,3
885,4
885,5
885,6
885,7
885,8
885,9
885,10
885,11
885,12
885,13
885,14
885,15
885,16
885,17
885,18
885,19
887,0
887,1
887,2
887,3
887,4
887,5
887,6
887,7
887,8
887,9
887,10
887,11
887,12
887,13
887,14
887,15
887,16
887,17
887,18
887,19
889,0
889,1
890,0
890,1
891,0
891,1
892,0
892,1
893,0
893,1
894,0
894,1
895,0
895,1
896,0
896,1
898,0
898,1
898,2
898,3
898,4
898,5
898,6
898,7
898,8
898,9
898,10
898,11
898,12
898,13
898,14
898,15
898,16
898,17
898,18
898,19
898,20
898,21
898,22
898,23
898,24
898,25
898,26
898,27
898,28
898,29
898,30
898,31
900,0
900,1
901,0
901,1
902,0
902,1
903,0
903,1
904,0
904,1
905,0
905,1
906,0
906,1
907,0
907,1
908,0
908,1
909,0
909,1
910,0
910,1
911,0
911,1
912,0
912,1
913,0
913,1
914,0
914,1
915,0
915,1
917,0
917,1
917,2
917,3
917,4
917,5
917,6
917,7
917,8
917,9
917,10
917,11
917,12
917,13
917,14
917,15
919,0
919,1
920,0
920,1
921,0
921,1
922,0
922,1
923,0
923,1
924,0
924,1
925,0
925,1
926,0
926,1
928,0
928,1
928,2
928,3
928,4
928,5
928,6
928,7
930,0
930,1
931,0
931,1
932,0
932,1
933,0
933,1
935,0
935,1
935,2
935,3
937,0
937,1
938,0
938,1
940,0
940,1
943,0
943,1
943,2
943,3
943,4
943,5
943,6
943,7
943,8
943,9
943,10
943,11
943,12
943,13
943,14
943,15
943,16
943,17
943,18
943,19
946,0
946,1
946,2
946,3
946,4
946,5
946,6
946,7
946,8
946,9
946,10
946,11
946,12
946,13
946,14
946,15
946,16
946,17
946,18
946,19
950,0
950,1
950,2
950,3
950,4
950,5
950,6
950,7
950,8
950,9
950,10
950,11
950,12
950,13
950,14
950,15
950,16
950,17
951,0
951,1
951,2
951,3
951,4
951,5
951,6
951,7
951,8
951,9
951,10
951,11
951,12
951,13
951,14
951,15
951,16
951,17
953,0
953,1
953,2
953,3
953,4
953,5
953,6
953,7
953,8
953,9
953,10
953,11
953,12
953,13
953,14
953,15
953,16
953,17
955,0
955,1
956,0
956,1
957,0
957,1
958,0
958,1
960,0
960,1
960,2
960,3
960,4
960,5
960,6
960,7
960,8
960,9
960,10
960,11
960,12
960,13
960,14
960,15
960,16
960,17
960,18
960,19
960,20
960,21
960,22
960,23
960,24
960,25
960,26
960,27
960,28
960,29
960,30
960,31
962,0
962,1
963,0
963,1
964,0
964,1
965,0
965,1
966,0
966,1
967,0
967,1
968,0
968,1
969,0
969,1
970,0
970,1
971,0
971,1
972,0
972,1
973,0
973,1
974,0
974,1
975,0
975,1
976,0
976,1
977,0
977,1
979,0
979,1
979,2
979,3
979,4
979,5
979,6
979,7
979,8
979,9
979,10
979,11
979,12
979,13
979,14
979,15
981,0
981,1
982,0
982,1
983,0
983,1
984,0
984,1
985,0
985,1
986,0
986,1
987,0
987,1
988,0
988,1
990,0
990,1
990,2
990,3
990,4
990,5
990,6
990,7
992,0
992,1
993,0
993,1
994,0
994,1
995,0
995,1
997,0
997,1
997,2
997,3
999,0
999,1
1000,0
1000,1
1002,0
1002,1
1005,0
1005,1
1005,2
1005,3
1005,4
1005,5
1005,6
1005,7
1005,8
1005,9
1005,10
1005,11
1005,12
1005,13
1005,14
1005,15
1005,16
1005,17
1008,0
1008,1
1008,2
1008,3
1008,4
1008,5
1008,6
1008,7
1008,8
1008,9
1008,10
1008,11
1008,12
1008,13
1008,14
1008,15
1008,16
1008,17
1013,0
1013,1
1016,0
1016,1
1020,0
1020,1
1020,2
1020,3
1020,4
1020,5
1020,6
1020,7
1020,8
1020,9
1020,10
1020,11
1022,0
1022,1
1023,0
1023,1
1024,0
1024,1
1025,0
1025,1
1027,0
1027,1
1028,0
1028,1
1029,0
1029,1
1030,0
1030,1
1032,0
1032,1
1033,0
1033,1
1034,0
1034,1
1035,0
1035,1
1037,0
1037,1
1038,0
1038,1
1039,0
1039,1
1040,0
1040,1
1042,0
1042,1
1043,0
1043,1
1045,0
1045,1
1048,0
1048,1
1048,2
1048,3
1048,4
1048,5
1048,6
1048,7
1048,8
1048,9
1048,10
1048,11
1052,0
1052,1
1055,0
1055,1
1055,2
1055,3
1055,4
1055,5
1055,6
1055,7
1055,8
1055,9
1055,10
1055,11
1055,12
1055,13
1055,14
1055,15
1055,16
1055,17
1055,18
1055,19
1056,0
1056,1
1056,2
1056,3
1056,4
1056,5
1056,6
1056,7
1056,8
1056,9
1056,10
1056,11
1056,12
1056,13
1056,14
1056,15
1056,16
1056,17
1056,18
1056,19
1056,20
1056,21
1058,0
1058,1
1058,2
1058,3
1058,4
1058,5
1058,6
1058,7
1058,8
1058,9
1058,10
1058,11
1058,12
1058,13
1058,14
1058,15
1058,16
1058,17
1058,18
1058,19
1058,20
1058,21
1060,0
1060,1
1061,0
1061,1
1063,0
1063,1
1064,0
1064,1
1065,0
1065,1
1066,0
1066,1
1067,0
1067,1
1068,0
1068,1
1069,0
1069,1
1070,0
1070,1
1071,0
1071,1
1072,0
1072,1
1073,0
1073,1
1074,0
1074,1
1075,0
1075,1
1076,0
1076,1
1077,0
1077,1
1078,0
1078,1
1080,0
1080,1
1081,0
1081,1
1082,0
1082,1
1083,0
1083,1
1084,0
1084,1
1085,0
1085,1
1086,0
1086,1
1087,0
1087,1
1089,0
1089,1
1090,0
1090,1
1091,0
1091,1
1092,0
1092,1
1093,0
1093,1
1094,0
1094,1
1095,0
1095,1
1096,0
1096,1
1098,0
1098,1
1099,0
1099,1
1100,0
1100,1
1101,0
1101,1
1103,0
1103,1
1104,0
1104,1
1106,0
1106,1
1109,0
1109,1
1109,2
1109,3
1109,4
1109,5
1109,6
1109,7
1109,8
1109,9
1109,10
1109,11
1109,12
1109,13
1109,14
1109,15
1109,16
1109,17
1109,18
1109,19
1112,0
1112,1
1112,2
1112,3
1112,4
1112,5
1112,6
1112,7
1112,8
1112,9
1112,10
1112,11
1112,12
1112,13
1112,14
1112,15
1112,16
1112,17
1112,18
1112,19
1112,20
1112,21
1116,0
1116,1
1116,2
1116,3
1116,4
1116,5
1116,6
1116,7
1116,8
1116,9
1116,10
1116,11
1116,12
1116,13
1116,14
1116,15
1116,16
1116,17
1118,0
1118,1
1119,0
1119,1
1121,0
1121,1
1122,0
1122,1
1123,0
1123,1
1124,0
1124,1
1125,0
1125,1
1126,0
1126,1
1127,0
1127,1
1128,0
1128,1
1130,0
1130,1
1131,0
1131,1
1132,0
1132,1
1133,0
1133,1
1135,0
1135,1
1136,0
1136,1
1138,0
1138,1
1141,0
1141,1
1141,2
1141,3
1141,4
1141,5
1141,6
1141,7
1141,8
1141,9
1141,10
1141,11
1141,12
1141,13
1141,14
1141,15
1141,16
1141,17
1145,0
1145,1
1145,2
1145,3
1145,4
1145,5
1145,6
1145,7
1145,8
1145,9
1145,10
1145,11
1145,12
1145,13
1145,14
1145,15
1147,0
1147,1
1148,0
1148,1
1149,0
1149,1
1150,0
1150,1
1151,0
1151,1
1152,0
1152,1
1153,0
1153,1
1154,0
1154,1
1156,0
1156,1
1157,0
1157,1
1158,0
1158,1
1159,0
1159,1
1161,0
1161,1
1162,0
1162,1
1164,0
1164,1
1167,0
1167,1
1167,2
1167,3
1167,4
1167,5
1167,6
1167,7
1167,8
1167,9
1167,10
1167,11
1167,12
1167,13
1167,14
1167,15
1171,0
1171,1
1171,2
1171,3
1171,4
1171,5
1171,6
1171,7
1171,8
1171,9
1171,10
1171,11
1171,12
1171,13
1171,14
1171,15
1173,0
1173,1
1174,0
1174,1
1175,0
1175,1
1176,0
1176,1
1177,0
1177,1
1178,0
1178,1
1179,0
1179,1
1180,0
1180,1
1182,0
1182,1
1183,0
1183,1
1184,0
1184,1
1185,0
1185,1
1187,0
1187,1
1188,0
1188,1
1190,0
1190,1
1193,0
1193,1
1193,2
1193,3
1193,4
1193,5
1193,6
1193,7
1193,8
1193,9
1193,10
1193,11
1193,12
1193,13
1193,14
1193,15
1195,0
1195,1
1195,2
1195,3
1195,4
1195,5
1195,6
1195,7
1196,0
1196,1
1196,2
1196,3
1196,4
1196,5
1196,6
1196,7
1200,0
1200,1
1200,2
1200,3
1200,4
1200,5
1200,6
1200,7
1200,8
1200,9
1200,10
1200,11
1200,12
1200,13
1200,14
1200,15
1202,0
1202,1
1203,0
1203,1
1204,0
1204,1
1205,0
1205,1
1206,0
1206,1
1207,0
1207,1
1208,0
1208,1
1209,0
1209,1
1211,0
1211,1
1212,0
1212,1
1213,0
1213,1
1214,0
1214,1
1216,0
1216,1
1217,0
1217,1
1219,0
1219,1
1222,0
1222,1
1222,2
1222,3
1222,4
1222,5
1222,6
1222,7
1222,8
1222,9
1222,10
1222,11
1222,12
1222,13
1222,14
1222,15
1222,16
1222,17
1226,0
1226,1
1226,2
1226,3
1226,4
1226,5
1226,6
1226,7
1226,8
1226,9
1226,10
1226,11
1226,12
1226,13
1226,14
1226,15
1228,0
1228,1
1229,0
1229,1
1230,0
1230,1
1231,0
1231,1
1232,0
1232,1
1233,0
1233,1
1234,0
1234,1
1235,0
1235,1
1237,0
1237,1
1238,0
1238,1
1239,0
1239,1
1240,0
1240,1
1242,0
1242,1
1243,0
1243,1
1245,0
1245,1
1248,0
1248,1
1248,2
1248,3
1248,4
1248,5
1248,6
1248,7
1248,8
1248,9
1248,10
1248,11
1248,12
1248,13
1248,14
1248,15
1252,0
1252,1
1252,2
1252,3
1252,4
1252,5
1252,6
1252,7
1252,8
1252,9
1252,10
1252,11
1254,0
1254,1
1255,0
1255,1
1256,0
1256,1
1257,0
1257,1
1259,0
1259,1
1260,0
1260,1
1261,0
1261,1
1262,0
1262,1
1264,0
1264,1
1265,0
1265,1
1266,0
1266,1
1267,0
1267,1
1269,0
1269,1
1270,0
1270,1
1271,0
1271,1
1272,0
1272,1
1274,0
1274,1
1275,0
1275,1
1277,0
1277,1
1280,0
1280,1
1280,2
1280,3
1280,4
1280,5
1280,6
1280,7
1280,8
1280,9
1280,10
1280,11
1282,0
1282,1
1282,2
1282,3
1282,4
1282,5
1283,0
1283,1
1283,2
1283,3
1283,4
1283,5
1287,0
1287,1
1290,0
1290,1
1290,2
1290,3
1290,4
1290,5
1290,6
1290,7
1290,8
1290,9
1290,10
1290,11
1290,12
1290,13
1290,14
1290,15
1290,16
1290,17
1290,18
1290,19
1291,0
1291,1
1291,2
1291,3
1291,4
1291,5
1291,6
1291,7
1291,8
1291,9
1291,10
1291,11
1291,12
1291,13
1291,14
1291,15
1291,16
1291,17
1291,18
1291,19
1291,20
1291,21
1293,0
1293,1
1293,2
1293,3
1293,4
1293,5
1293,6
1293,7
1293,8
1293,9
1293,10
1293,11
1293,12
1293,13
1293,14
1293,15
1293,16
1293,17
1293,18
1293,19
1293,20
1293,21
1295,0
1295,1
1296,0
1296,1
1297,0
1297,1
1298,0
1298,1
1299,0
1299,1
1300,0
1300,1
1301,0
1301,1
1302,0
1302,1
1303,0
1303,1
1304,0
1304,1
1306,0
1306,1
1307,0
1307,1
1308,0
1308,1
1309,0
1309,1
1310,0
1310,1
1311,0
1311,1
1312,0
1312,1
1313,0
1313,1
1314,0
1314,1
1315,0
1315,1
1316,0
1316,1
1317,0
1317,1
1318,0
1318,1
1319,0
1319,1
1320,0
1320,1
1321,0
1321,1
1323,0
1323,1
1324,0
1324,1
1325,0
1325,1
1326,0
1326,1
1327,0
1327,1
1328,0
1328,1
1329,0
1329,1
1330,0
1330,1
1332,0
1332,1
1333,0
1333,1
1334,0
1334,1
1335,0
1335,1
1337,0
1337,1
1338,0
1338,1
1340,0
1340,1
1343,0
1343,1
1343,2
1343,3
1343,4
1343,5
1343,6
1343,7
1343,8
1343,9
1343,10
1343,11
1343,12
1343,13
1343,14
1343,15
1343,16
1343,17
1343,18
1343,19
1346,0
1346,1
1346,2
1346,3
1346,4
1346,5
1346,6
1346,7
1346,8
1346,9
1346,10
1346,11
1346,12
1346,13
1346,14
1346,15
1346,16
1346,17
1346,18
1346,19
1346,20
1346,21
1351,0
1351,1
1352,0
1352,1
1354,0
1354,1
1358,0
1358,1
1358,2
1358,3
1358,4
1358,5
1358,6
1358,7
1358,8
1358,9
1358,10
1358,11
1358,12
1358,13
1358,14
1358,15
1360,0
1360,1
1361,0
1361,1
1362,0
1362,1
1363,0
1363,1
1364,0
1364,1
1365,0
1365,1
1366,0
1366,1
1367,0
1367,1
1369,0
1369,1
1370,0
1370,1
1371,0
1371,1
1372,0
1372,1
1374,0
1374,1
1375,0
1375,1
1377,0
1377,1
1380,0
1380,1
1380,2
1380,3
1380,4
1380,5
1380,6
1380,7
1380,8
1380,9
1380,10
1380,11
1380,12
1380,13
1380,14
1380,15
1384,0
1384,1
1384,2
1384,3
1384,4
1384,5
1384,6
1384,7
1384,8
1384,9
1386,0
1386,1
1387,0
1387,1
1389,0
1389,1
1390,0
1390,1
1391,0
1391,1
1392,0
1392,1
1394,0
1394,1
1395,0
1395,1
1397,0
1397,1
1400,0
1400,1
1400,2
1400,3
1400,4
1400,5
1400,6
1400,7
1400,8
1400,9
1404,0
1404,1
1404,2
1404,3
1404,4
1404,5
1404,6
1404,7
1404,8
1404,9
1404,10
1404,11
1404,12
1404,13
1404,14
1404,15
1404,16
1404,17
1408,0
1408,1
1408,2
1408,3
1410,0
1410,1
1411,0
1411,1
1413,0
1413,1
1415,0
1415,1
1418,0
1418,1
1418,2
1418,3
1418,4
1418,5
1418,6
1418,7
1420,0
1420,1
1420,2
1420,3
1421,0
1421,1
1421,2
1421,3
1423,0
1423,1
1424,0
1424,1
1426,0
1426,1
1430,0
1430,1
1430,2
1430,3
1430,4
1430,5
1430,6
1430,7
1430,8
1430,9
1430,10
1430,11
1430,12
1430,13
1430,14
1430,15
1432,0
1432,1
1433,0
1433,1
1435,0
1435,1
1436,0
1436,1
1437,0
1437,1
1438,0
1438,1
1440,0
1440,1
1441,0
1441,1
1443,0
1443,1
1444,0
1444,1
1445,0
1445,1
1446,0
1446,1
1448,0
1448,1
1449,0
1449,1
1451,0
1451,1
1454,0
1454,1
1454,2
1454,3
1454,4
1454,5
1454,6
1454,7
1454,8
1454,9
1455,0
1455,1
1455,2
1455,3
1455,4
1455,5
1455,6
1455,7
1455,8
1455,9
1457,0
1457,1
1458,0
1458,1
1459,0
1459,1
1460,0
1460,1
1462,0
1462,1
1463,0
1463,1
1464,0
1464,1
1465,0
1465,1
1467,0
1467,1
1468,0
1468,1
1470,0
1470,1
1471,0
1471,1
1473,0
1473,1
1475,0
1475,1
1479,0
1479,1
1479,2
1479,3
1479,4
1479,5
1479,6
1479,7
1479,8
1479,9
1479,10
1479,11
1479,12
1479,13
1479,14
1479,15
1479,16
1479,17
1481,0
1481,1
1482,0
1482,1
1483,0
1483,1
1484,0
1484,1
1486,0
1486,1
1486,2
1486,3
1488,0
1488,1
1489,0
1489,1
1491,0
1491,1
1493,0
1493,1
1496,0
1496,1
1496,2
1496,3
1496,4
1496,5
1496,6
1496,7
1496,8
1496,9
1496,10
1496,11
1496,12
1496,13
1496,14
1496,15
1496,16
1496,17
1498,0
1498,1
1499,0
1499,1
1500,0
1500,1
1501,0
1501,1
1503,0
1503,1
1503,2
1503,3
1505,0
1505,1
1506,0
1506,1
1508,0
1508,1
1510,0
1510,1
1514,0
1514,1
1514,2
1514,3
1514,4
1514,5
1517,0
1517,1
1517,2
1517,3
1517,4
1517,5
1517,6
1517,7
1519,0
1519,1
1519,2
1519,3
1520,0
1520,1
1520,2
1520,3
1522,0
1522,1
1523,0
1523,1
1525,0
1525,1
1528,0
1528,1
1528,2
1528,3
1528,4
1528,5
1530,0
1530,1
1530,2
1531,0
1531,1
1531,2
1533,0
1533,1
1534,0
1534,1
1536,0
1536,1
1538,0
1538,1
1542,0
1542,1
1542,2
1542,3
1542,4
1542,5
1542,6
1542,7
1542,8
1542,9
1544,0
1544,1
1545,0
1545,1
1547,0
1547,1
1549,0
1549,1
1550,0
1550,1
1552,0
1552,1
1554,0
1554,1
1558,0
1558,1
1558,2
1558,3
1558,4
1558,5
1558,6
1558,7
1558,8
1558,9
1558,10
1558,11
1560,0
1560,1
1560,2
1560,3
1560,4
1560,5
1561,0
1561,1
1561,2
1561,3
1561,4
1561,5
1565,0
1565,1
1565,2
1565,3
1565,4
1565,5
1565,6
1565,7
1565,8
1565,9
1565,10
1565,11
1565,12
1565,13
1567,0
1567,1
1568,0
1568,1
1569,0
1569,1
1570,0
1570,1
1571,0
1571,1
1572,0
1572,1
1574,0
1574,1
1575,0
1575,1
1576,0
1576,1
1577,0
1577,1
1579,0
1579,1
1580,0
1580,1
1582,0
1582,1
1585,0
1585,1
1585,2
1585,3
1585,4
1585,5
1585,6
1585,7
1585,8
1585,9
1585,10
1585,11
1585,12
1585,13
1588,0
1588,1
1588,2
1588,3
1588,4
1588,5
1588,6
1588,7
1590,0
1590,1
1591,0
1591,1
1592,0
1592,1
1593,0
1593,1
1595,0
1595,1
1596,0
1596,1
1598,0
1598,1
1600,0
1600,1
1604,0
1604,1
1604,2
1604,3
1604,4
1604,5
1604,6
1604,7
1604,8
1604,9
1607,0
1607,1
1607,2
1607,3
1607,4
1607,5
1607,6
1607,7
1607,8
1607,9
1608,0
1608,1
1610,0
1610,1
1610,2
1611,0
1611,1
1611,2
1612,0
1612,1
1612,2
1613,0
1613,1
1613,2
1615,0
1615,1
1615,2
1615,3
1616,0
1616,1
1616,2
1616,3
1617,0
1617,1
1617,2
1617,3
1619,0
1619,1
1619,2
1621,0
1621,1
1623,0
1623,1
1624,0
1624,1
1625,0
1625,1
1626,0
1626,1
1628,0
1628,1
1629,0
1629,1
1631,0
1631,1
1633,0
1633,1
1636,0
1636,1
1636,2
1636,3
1636,4
1636,5
1636,6
1636,7
1636,8
1636,9
1636,10
1636,11
1636,12
1636,13
1636,14
1636,15
1638,0
1638,1
1638,2
1638,3
1639,0
1639,1
1639,2
1639,3
1640,0
1640,1
1640,2
1640,3
1641,0
1641,1
1641,2
1641,3
1643,0
1643,1
1643,2
1643,3
1643,4
1643,5
1643,6
1643,7
1645,0
1645,1
1646,0
1646,1
1647,0
1647,1
1648,0
1648,1
1650,0
1650,1
1650,2
1650,3
1652,0
1652,1
1653,0
1653,1
1655,0
1655,1
1657,0
1657,1
1661,0
1661,1
1661,2
1661,3
1661,4
1661,5
1661,6
1661,7
1661,8
1661,9
1661,10
1661,11
1661,12
1661,13
1661,14
1661,15
1661,16
1661,17
1661,18
1661,19
1664,0
1664,1
1664,2
1664,3
1664,4
1664,5
1664,6
1664,7
1664,8
1664,9
1664,10
1664,11
1664,12
1664,13
1664,14
1664,15
1664,16
1664,17
1664,18
1664,19
1666,0
1666,1
1670,0
1670,1
1670,2
1670,3
1670,4
1670,5
1670,6
1670,7
1670,8
1670,9
1670,10
1670,11
1670,12
1670,13
1670,14
1670,15
1670,16
1670,17
1673,0
1673,1
1673,2
1673,3
1673,4
1673,5
1673,6
1673,7
1673,8
1673,9
1673,10
1673,11
1673,12
1673,13
1673,14
1673,15
1673,16
1673,17
1677,0
1677,1
1677,2
1677,3
1677,4
1677,5
1677,6
1677,7
1677,8
1677,9
1677,10
1677,11
1677,12
1677,13
1677,14
1677,15
1677,16
1677,17
1679,0
1679,1
1679,2
1679,3
1680,0
1680,1
1680,2
1680,3
1682,0
1682,1
1684,0
1684,1
1687,0
1687,1
1687,2
1687,3
1687,4
1687,5
1687,6
1687,7
1687,8
1687,9
1687,10
1687,11
1687,12
1687,13
1687,14
1687,15
1687,16
1687,17
1689,0
1689,1
1689,2
1689,3
1690,0
1690,1
1690,2
1690,3
1692,0
1692,1
1694,0
1694,1
1698,0
1698,1
1698,2
1698,3
1698,4
1698,5
1698,6
1698,7
1698,8
1698,9
1698,10
1698,11
1698,12
1698,13
1698,14
1698,15
1698,16
1698,17
1698,18
1698,19
1701,0
1701,1
1701,2
1701,3
1701,4
1701,5
1701,6
1701,7
1701,8
1701,9
1701,10
1701,11
1701,12
1701,13
1701,14
1701,15
1701,16
1701,17
1701,18
1701,19
1703,0
1703,1
1704,0
1704,1
1705,0
1705,1
1706,0
1706,1
1708,0
1708,1
1709,0
1709,1
1710,0
1710,1
1711,0
1711,1
1712,0
1712,1
1713,0
1713,1
1714,0
1714,1
1715,0
1715,1
1717,0
1717,1
1718,0
1718,1
1719,0
1719,1
1720,0
1720,1
1722,0
1722,1
1723,0
1723,1
1725,0
1725,1
1729,0
1729,1
1729,2
1729,3
1729,4
1729,5
1729,6
1729,7
1731,0
1731,1
1731,2
1731,3
1732,0
1732,1
1732,2
1732,3
1734,0
1734,1
1735,0
1735,1
1737,0
1737,1
1739,0
1739,1
1745,0
1745,1
1745,2
1745,3
1745,4
1745,5
1745,6
1745,7
1745,8
1745,9
1745,10
1745,11
1745,12
1745,13
1745,14
1745,15
1745,16
1745,17
1745,18
1745,19
1745,20
1745,21
1745,22
1745,23
1745,24
1745,25
1745,26
1745,27
1745,28
1745,29
1745,30
1745,31
1745,32
1745,33
1745,34
1745,35
1745,36
1745,37
1745,38
1745,39
1745,40
1745,41
1745,42
1745,43
1745,44
1745,45
1745,46
1745,47
1745,48
1745,49
1745,50
1745,51
1745,52
1745,53
1745,54
1745,55
1745,56
1745,57
1745,58
1745,59
1748,0
1748,1
1748,2
1748,3
1748,4
1748,5
1748,6
1748,7
1748,8
1748,9
1748,10
1748,11
1748,12
1748,13
1748,14
1748,15
1748,16
1748,17
1748,18
1748,19
1748,20
1748,21
1748,22
1748,23
1748,24
1748,25
1748,26
1748,27
1748,28
1748,29
1748,30
1748,31
1748,32
1748,33
1748,34
1748,35
1748,36
1748,37
1748,38
1748,39
