1
14
70
82
95
116
129
132
196
298
314
318
340
346
364
368
371
581
695
775
778
781
784
787
795
803
812
815
874
933
936
940
995
998
1001
1007
1035
1039
1042
1096
1099
1103
1128
1132
1154
1158
1180
1187
1209
1213
1235
1239
1267
1274
1277
1330
1333
1336
1345
1367
1371
1387
1391
1395
1400
1412
1436
1461
1478
1496
1499
1504
1516
1532
1539
1559
1562
1578
1581
1610
1635
1638
1644
1661
1679
1689
1700
1703
1731
1739
1742
