3,0,5,1
3,0,5,2
3,0,5,3
3,0,5,4
3,0,6,1
3,0,6,2
3,0,6,3
3,0,6,4
5,1,8,1
6,2,8,2
6,1,9,1
5,2,9,2
8,2,11,1
9,2,11,2
8,1,13,1
9,1,13,2
19,12,22,1
20,3,22,2
17,5,22,3
16,5,22,4
19,11,23,1
17,3,23,2
19,1,23,3
16,3,23,4
19,5,24,1
19,13,24,2
17,1,24,3
20,5,24,4
20,1,25,1
16,2,25,2
19,9,25,3
19,8,25,4
20,2,26,1
19,6,26,2
19,7,26,3
18,3,26,4
19,2,27,1
17,2,27,2
18,1,27,3
19,4,27,4
19,10,28,1
19,3,28,2
18,2,28,3
16,1,28,4
19,14,29,1
17,4,29,2
16,4,29,3
20,4,29,4
22,1,31,1
22,2,31,2
22,3,31,3
22,4,31,4
23,1,32,1
23,2,32,2
23,3,32,3
23,4,32,4
24,1,33,1
24,2,33,2
24,3,33,3
24,4,33,4
25,1,34,1
25,2,34,2
25,3,34,3
25,4,34,4
26,1,35,1
26,2,35,2
26,3,35,3
26,4,35,4
27,1,36,1
27,2,36,2
27,3,36,3
27,4,36,4
28,1,37,1
28,2,37,2
28,3,37,3
28,4,37,4
29,1,38,1
29,2,38,2
29,3,38,3
29,4,38,4
31,1,40,1
32,2,40,2
33,1,41,1
34,2,41,2
35,1,42,1
36,2,42,2
37,1,43,1
38,2,43,2
32,1,44,1
31,2,44,2
34,1,45,1
33,2,45,2
36,1,46,1
35,2,46,2
38,1,47,1
37,2,47,2
40,1,49,1
41,1,49,2
42,1,50,1
43,1,50,2
44,1,51,1
45,1,51,2
46,1,52,1
47,1,52,2
49,1,54,1
50,1,54,2
51,1,55,1
52,1,55,2
54,2,57,1
55,2,57,2
54,1,59,1
55,1,59,2
62,1,67,1
63,1,67,2
64,1,67,3
65,1,67,4
62,2,68,1
63,2,68,2
64,2,68,3
65,2,68,4
62,3,69,1
63,3,69,2
64,3,69,3
65,3,69,4
62,4,70,1
63,4,70,2
64,4,70,3
65,4,70,4
62,5,71,1
63,5,71,2
64,5,71,3
65,5,71,4
62,6,72,1
63,6,72,2
64,6,72,3
65,6,72,4
67,3,74,1
68,3,74,2
69,3,74,3
70,3,74,4
71,3,74,5
72,3,74,6
74,1,76,1
74,2,76,2
74,3,76,3
74,4,76,4
67,2,78,1
69,2,78,2
70,1,79,1
76,0,79,2
68,1,80,1
76,0,80,2
72,1,81,1
71,2,81,2
69,1,82,1
76,0,82,2
71,1,83,1
70,2,83,2
67,1,84,1
76,0,84,2
68,2,85,1
72,2,85,2
78,1,87,1
79,1,87,2
80,1,88,1
81,1,88,2
82,1,89,1
83,1,89,2
84,1,90,1
85,1,90,2
87,1,92,1
88,1,92,2
89,1,93,1
90,1,93,2
92,1,95,1
93,1,95,2
124,0,101,1
125,0,101,2
126,0,101,3
127,0,101,4
124,0,102,1
125,0,102,2
126,0,102,3
127,0,102,4
124,0,103,1
125,0,103,2
126,0,103,3
127,0,103,4
124,0,104,1
125,0,104,2
126,0,104,3
127,0,104,4
124,0,105,1
125,0,105,2
126,0,105,3
127,0,105,4
124,0,106,1
125,0,106,2
126,0,106,3
127,0,106,4
124,0,107,1
125,0,107,2
126,0,107,3
127,0,107,4
124,0,108,1
125,0,108,2
126,0,108,3
127,0,108,4
101,1,110,1
102,1,110,2
103,1,110,3
104,1,110,4
105,1,110,5
106,1,110,6
107,1,110,7
108,1,110,8
101,2,111,1
102,2,111,2
103,2,111,3
104,2,111,4
105,2,111,5
106,2,111,6
107,2,111,7
108,2,111,8
111,0,113,1
110,0,113,2
111,0,114,1
110,0,114,2
111,0,115,1
110,0,115,2
111,0,116,1
110,0,116,2
111,0,117,1
110,0,117,2
111,0,118,1
110,0,118,2
111,0,119,1
110,0,119,2
111,0,120,1
110,0,120,2
113,1,122,1
114,1,122,2
115,1,122,3
116,1,122,4
117,1,122,5
118,1,122,6
119,1,122,7
120,1,122,8
122,1,124,1
122,2,124,2
122,3,125,1
122,4,125,2
122,5,126,1
122,6,126,2
122,7,127,1
122,8,127,2
124,1,129,1
125,1,129,2
126,1,129,3
127,1,129,4
129,1,131,1
129,2,131,2
129,3,132,1
129,4,132,2
131,1,134,1
132,1,134,2
137,15,139,1
137,4,139,2
137,9,139,3
137,11,139,4
137,13,140,1
137,5,140,2
137,6,140,3
137,2,140,4
137,16,141,1
137,7,141,2
137,10,141,3
137,12,141,4
137,14,142,1
137,3,142,2
137,8,142,3
137,1,142,4
139,1,144,1
140,2,144,2
142,1,145,1
141,2,145,2
140,1,146,1
139,2,146,2
141,1,147,1
142,2,147,2
144,1,149,1
145,1,149,2
146,1,150,1
147,1,150,2
149,2,152,1
150,2,152,2
149,1,154,1
150,1,154,2
157,1,166,1
158,1,166,2
159,1,166,3
160,1,166,4
161,1,166,5
162,1,166,6
163,1,166,7
164,1,166,8
157,2,167,1
158,2,167,2
159,2,167,3
160,2,167,4
161,2,167,5
162,2,167,6
163,2,167,7
164,2,167,8
167,8,169,1
166,1,169,2
167,1,170,1
166,8,170,2
167,5,171,1
166,4,171,2
167,4,172,1
166,5,172,2
167,7,173,1
166,2,173,2
167,2,174,1
166,7,174,2
167,6,175,1
166,3,175,2
167,3,176,1
166,6,176,2
170,1,178,1
169,1,178,2
172,1,179,1
171,1,179,2
174,1,180,1
173,1,180,2
176,1,181,1
175,1,181,2
179,1,183,1
178,1,183,2
181,1,184,1
180,1,184,2
184,1,186,1
183,1,186,2
189,1,203,1
189,2,203,2
189,3,203,3
189,4,203,4
190,1,204,1
190,2,204,2
190,3,204,3
190,4,204,4
191,1,205,1
191,2,205,2
191,3,205,3
191,4,205,4
192,1,206,1
192,2,206,2
192,3,206,3
192,4,206,4
193,1,207,1
193,2,207,2
193,3,207,3
193,4,207,4
194,1,208,1
194,2,208,2
194,3,208,3
194,4,208,4
195,1,209,1
195,2,209,2
195,3,209,3
195,4,209,4
196,1,210,1
196,2,210,2
196,3,210,3
196,4,210,4
197,1,211,1
197,2,211,2
197,3,211,3
197,4,211,4
198,1,212,1
198,2,212,2
198,3,212,3
198,4,212,4
199,1,213,1
199,2,213,2
199,3,213,3
199,4,213,4
200,1,214,1
200,2,214,2
200,3,214,3
200,4,214,4
201,0,216,1
201,0,216,2
201,0,216,3
201,0,216,4
201,0,216,5
201,0,216,6
201,0,216,7
201,0,216,8
203,1,218,1
204,1,218,2
205,1,218,3
206,1,218,4
207,1,218,5
208,1,218,6
209,1,218,7
210,1,218,8
211,1,218,9
212,1,218,10
213,1,218,11
214,1,218,12
216,1,218,13
216,2,218,14
216,3,218,15
216,4,218,16
203,2,219,1
204,2,219,2
205,2,219,3
206,2,219,4
207,2,219,5
208,2,219,6
209,2,219,7
210,2,219,8
211,2,219,9
212,2,219,10
213,2,219,11
214,2,219,12
216,5,219,13
216,6,219,14
216,7,219,15
216,8,219,16
219,0,221,1
218,0,221,2
219,0,222,1
218,0,222,2
219,0,223,1
218,0,223,2
219,0,224,1
218,0,224,2
219,0,225,1
218,0,225,2
219,0,226,1
218,0,226,2
219,0,227,1
218,0,227,2
219,0,228,1
218,0,228,2
219,0,229,1
218,0,229,2
219,0,230,1
218,0,230,2
219,0,231,1
218,0,231,2
219,0,232,1
218,0,232,2
219,0,233,1
218,0,233,2
219,0,234,1
218,0,234,2
219,0,235,1
218,0,235,2
219,0,236,1
218,0,236,2
221,1,238,1
222,1,238,2
223,1,238,3
224,1,238,4
225,1,238,5
226,1,238,6
227,1,238,7
228,1,238,8
229,1,238,9
230,1,238,10
231,1,238,11
232,1,238,12
233,1,238,13
234,1,238,14
235,1,238,15
236,1,238,16
238,1,240,1
238,2,240,2
238,3,241,1
238,4,241,2
238,5,242,1
238,6,242,2
238,7,243,1
238,8,243,2
238,9,244,1
238,10,244,2
238,11,245,1
238,12,245,2
238,13,246,1
238,14,246,2
238,15,247,1
238,16,247,2
240,1,249,1
241,1,249,2
242,1,249,3
243,1,249,4
244,1,249,5
245,1,249,6
246,1,249,7
247,1,249,8
249,1,251,1
249,2,251,2
249,3,252,1
249,4,252,2
249,5,253,1
249,6,253,2
249,7,254,1
249,8,254,2
251,1,256,1
252,1,256,2
253,1,256,3
254,1,256,4
256,1,258,1
256,2,258,2
256,3,259,1
256,4,259,2
258,1,261,1
259,1,261,2
264,0,266,1
264,0,266,2
264,0,266,3
264,0,266,4
264,0,267,1
264,0,267,2
264,0,267,3
264,0,267,4
266,1,269,1
267,2,269,2
267,1,270,1
266,2,270,2
269,1,272,1
270,1,272,2
275,0,277,1
275,0,277,2
275,0,277,3
275,0,277,4
275,0,278,1
275,0,278,2
275,0,278,3
275,0,278,4
277,1,280,1
278,2,280,2
278,1,281,1
277,2,281,2
280,1,283,1
281,1,283,2
286,0,288,1
286,0,288,2
286,0,288,3
286,0,288,4
286,0,289,1
286,0,289,2
286,0,289,3
286,0,289,4
286,0,290,1
286,0,290,2
286,0,290,3
286,0,290,4
286,0,291,1
286,0,291,2
286,0,291,3
286,0,291,4
288,1,293,1
289,2,293,2
291,1,294,1
290,2,294,2
289,1,295,1
288,2,295,2
290,1,296,1
291,2,296,2
293,1,298,1
294,1,298,2
295,1,299,1
296,1,299,2
298,1,301,1
299,1,301,2
306,7,308,1
306,9,308,2
306,8,309,1
306,10,309,2
306,1,311,1
308,1,311,2
306,2,312,1
309,1,312,2
306,3,313,1
306,6,313,2
306,4,314,1
306,5,314,2
311,1,316,1
314,1,316,2
312,1,317,1
313,1,317,2
316,1,319,1
317,1,319,2
326,1,328,1
326,16,328,2
326,2,329,1
326,15,329,2
326,3,330,1
326,14,330,2
326,4,331,1
326,13,331,2
326,5,332,1
326,12,332,2
326,6,333,1
326,11,333,2
326,7,334,1
326,10,334,2
326,8,335,1
326,9,335,2
328,1,337,1
335,1,337,2
329,1,338,1
334,1,338,2
330,1,339,1
333,1,339,2
331,1,340,1
332,1,340,2
337,1,342,1
340,1,342,2
338,1,343,1
339,1,343,2
342,1,345,1
343,1,345,2
348,1,350,1
348,2,350,2
348,3,350,3
348,4,350,4
348,5,350,5
348,6,350,6
354,5,356,1
354,12,356,2
354,6,357,1
354,11,357,2
354,7,358,1
354,10,358,2
354,8,359,1
354,9,359,2
354,1,361,1
359,1,361,2
354,2,362,1
358,1,362,2
354,3,363,1
357,1,363,2
354,4,364,1
356,1,364,2
361,1,366,1
364,1,366,2
362,1,367,1
363,1,367,2
366,1,369,1
367,1,369,2
379,1,381,1
379,2,381,2
379,3,381,3
379,4,381,4
379,5,381,5
379,6,381,6
379,7,381,7
379,8,381,8
379,9,381,9
379,10,381,10
379,11,381,11
379,12,381,12
379,13,381,13
379,14,381,14
379,15,381,15
379,16,381,16
379,17,381,17
379,18,381,18
379,19,381,19
379,20,381,20
379,21,381,21
379,22,381,22
379,23,381,23
379,24,381,24
381,1,383,1
381,2,383,2
381,3,384,1
381,4,384,2
381,5,385,1
381,6,385,2
381,7,386,1
381,8,386,2
381,9,387,1
381,10,387,2
381,11,388,1
381,12,388,2
381,13,389,1
381,14,389,2
381,15,390,1
381,16,390,2
383,2,392,1
383,1,392,2
384,2,393,1
384,1,393,2
385,2,394,1
385,1,394,2
386,2,395,1
386,1,395,2
387,2,396,1
387,1,396,2
388,2,397,1
388,1,397,2
389,2,398,1
389,1,398,2
390,2,399,1
390,1,399,2
381,17,401,25
381,18,401,26
381,19,401,27
381,20,401,28
381,21,401,29
381,22,401,30
381,23,401,31
381,24,401,32
392,1,401,33
393,1,401,34
394,1,401,35
395,1,401,36
396,1,401,37
397,1,401,38
398,1,401,39
399,1,401,40
401,1,403,1
401,2,403,2
401,3,404,1
401,4,404,2
401,5,405,1
401,6,405,2
401,7,406,1
401,8,406,2
401,9,407,1
401,10,407,2
401,11,408,1
401,12,408,2
401,13,409,1
401,14,409,2
401,15,410,1
401,16,410,2
401,17,411,1
401,18,411,2
401,19,412,1
401,20,412,2
401,21,413,1
401,22,413,2
401,23,414,1
401,24,414,2
401,25,415,1
401,26,415,2
401,27,416,1
401,28,416,2
401,29,417,1
401,30,417,2
401,31,418,1
401,32,418,2
401,33,419,1
401,34,419,2
401,35,420,1
401,36,420,2
401,37,421,1
401,38,421,2
401,39,422,1
401,40,422,2
403,2,424,1
403,1,424,2
404,2,425,1
404,1,425,2
405,2,426,1
405,1,426,2
406,2,427,1
406,1,427,2
407,2,428,1
407,1,428,2
408,2,429,1
408,1,429,2
409,2,430,1
409,1,430,2
410,2,431,1
410,1,431,2
411,2,432,1
411,1,432,2
412,2,433,1
412,1,433,2
413,2,434,1
413,1,434,2
414,2,435,1
414,1,435,2
415,2,436,1
415,1,436,2
416,2,437,1
416,1,437,2
417,2,438,1
417,1,438,2
418,2,439,1
418,1,439,2
419,2,440,1
419,1,440,2
420,2,441,1
420,1,441,2
421,2,442,1
421,1,442,2
422,2,443,1
422,1,443,2
424,1,445,45
425,1,445,46
426,1,445,47
427,1,445,48
428,1,445,49
429,1,445,50
430,1,445,51
431,1,445,52
432,1,445,53
433,1,445,54
434,1,445,55
435,1,445,56
436,1,445,57
437,1,445,58
438,1,445,59
439,1,445,60
440,1,445,61
441,1,445,62
442,1,445,63
443,1,445,64
445,1,447,1
445,2,447,2
445,3,448,1
445,4,448,2
445,5,449,1
445,6,449,2
445,7,450,1
445,8,450,2
445,9,451,1
445,10,451,2
445,11,452,1
445,12,452,2
445,13,453,1
445,14,453,2
445,15,454,1
445,16,454,2
445,17,455,1
445,18,455,2
445,19,456,1
445,20,456,2
445,21,457,1
445,22,457,2
445,23,458,1
445,24,458,2
445,25,459,1
445,26,459,2
445,27,460,1
445,28,460,2
445,29,461,1
445,30,461,2
445,31,462,1
445,32,462,2
445,33,463,1
445,34,463,2
445,35,464,1
445,36,464,2
445,37,465,1
445,38,465,2
445,39,466,1
445,40,466,2
445,41,467,1
445,42,467,2
445,43,468,1
445,44,468,2
445,45,469,1
445,46,469,2
445,47,470,1
445,48,470,2
445,49,471,1
445,50,471,2
445,51,472,1
445,52,472,2
445,53,473,1
445,54,473,2
445,55,474,1
445,56,474,2
445,57,475,1
445,58,475,2
445,59,476,1
445,60,476,2
445,61,477,1
445,62,477,2
445,63,478,1
445,64,478,2
447,2,480,1
447,1,480,2
448,2,481,1
448,1,481,2
449,2,482,1
449,1,482,2
450,2,483,1
450,1,483,2
451,2,484,1
451,1,484,2
452,2,485,1
452,1,485,2
453,2,486,1
453,1,486,2
454,2,487,1
454,1,487,2
455,2,488,1
455,1,488,2
456,2,489,1
456,1,489,2
457,2,490,1
457,1,490,2
458,2,491,1
458,1,491,2
459,2,492,1
459,1,492,2
460,2,493,1
460,1,493,2
461,2,494,1
461,1,494,2
462,2,495,1
462,1,495,2
463,2,496,1
463,1,496,2
464,2,497,1
464,1,497,2
465,2,498,1
465,1,498,2
466,2,499,1
466,1,499,2
467,2,500,1
467,1,500,2
468,2,501,1
468,1,501,2
469,2,502,1
469,1,502,2
470,2,503,1
470,1,503,2
471,2,504,1
471,1,504,2
472,2,505,1
472,1,505,2
473,2,506,1
473,1,506,2
474,2,507,1
474,1,507,2
475,2,508,1
475,1,508,2
476,2,509,1
476,1,509,2
477,2,510,1
477,1,510,2
478,2,511,1
478,1,511,2
480,1,513,1
481,1,513,2
482,1,513,3
483,1,513,4
484,1,513,5
485,1,513,6
486,1,513,7
487,1,513,8
488,1,513,9
489,1,513,10
490,1,513,11
491,1,513,12
492,1,513,13
493,1,513,14
494,1,513,15
495,1,513,16
496,1,513,17
497,1,513,18
498,1,513,19
499,1,513,20
500,1,513,21
501,1,513,22
502,1,513,23
503,1,513,24
504,1,513,25
505,1,513,26
506,1,513,27
507,1,513,28
508,1,513,29
509,1,513,30
510,1,513,31
511,1,513,32
513,1,515,1
513,2,515,2
513,3,516,1
513,4,516,2
513,5,517,1
513,6,517,2
513,7,518,1
513,8,518,2
513,9,519,1
513,10,519,2
513,11,520,1
513,12,520,2
513,13,521,1
513,14,521,2
513,15,522,1
513,16,522,2
513,17,523,1
513,18,523,2
513,19,524,1
513,20,524,2
513,21,525,1
513,22,525,2
513,23,526,1
513,24,526,2
513,25,527,1
513,26,527,2
513,27,528,1
513,28,528,2
513,29,529,1
513,30,529,2
513,31,530,1
513,32,530,2
515,2,532,1
515,1,532,2
516,2,533,1
516,1,533,2
517,2,534,1
517,1,534,2
518,2,535,1
518,1,535,2
519,2,536,1
519,1,536,2
520,2,537,1
520,1,537,2
521,2,538,1
521,1,538,2
522,2,539,1
522,1,539,2
523,2,540,1
523,1,540,2
524,2,541,1
524,1,541,2
525,2,542,1
525,1,542,2
526,2,543,1
526,1,543,2
527,2,544,1
527,1,544,2
528,2,545,1
528,1,545,2
529,2,546,1
529,1,546,2
530,2,547,1
530,1,547,2
532,1,549,1
533,1,549,2
534,1,549,3
535,1,549,4
536,1,549,5
537,1,549,6
538,1,549,7
539,1,549,8
540,1,549,9
541,1,549,10
542,1,549,11
543,1,549,12
544,1,549,13
545,1,549,14
546,1,549,15
547,1,549,16
549,1,551,1
549,2,551,2
549,3,552,1
549,4,552,2
549,5,553,1
549,6,553,2
549,7,554,1
549,8,554,2
549,9,555,1
549,10,555,2
549,11,556,1
549,12,556,2
549,13,557,1
549,14,557,2
549,15,558,1
549,16,558,2
551,2,560,1
551,1,560,2
552,2,561,1
552,1,561,2
553,2,562,1
553,1,562,2
554,2,563,1
554,1,563,2
555,2,564,1
555,1,564,2
556,2,565,1
556,1,565,2
557,2,566,1
557,1,566,2
558,2,567,1
558,1,567,2
560,1,569,1
561,1,569,2
562,1,569,3
563,1,569,4
564,1,569,5
565,1,569,6
566,1,569,7
567,1,569,8
569,1,571,1
569,2,571,2
569,3,572,1
569,4,572,2
569,5,573,1
569,6,573,2
569,7,574,1
569,8,574,2
571,2,576,1
571,1,576,2
572,2,577,1
572,1,577,2
573,2,578,1
573,1,578,2
574,2,579,1
574,1,579,2
576,1,581,1
577,1,581,2
578,1,581,3
579,1,581,4
581,1,583,1
581,2,583,2
581,3,584,1
581,4,584,2
583,1,586,1
584,1,586,2
589,1,592,1
589,2,592,2
589,3,592,3
589,4,592,4
589,5,592,5
589,6,592,6
589,7,592,7
589,8,592,8
589,9,592,9
589,10,592,10
589,11,592,11
589,12,592,12
589,13,592,13
589,14,592,14
589,15,592,15
589,16,592,16
589,17,592,17
589,18,592,18
589,19,592,19
589,20,592,20
589,21,592,21
589,22,592,22
589,23,592,23
589,24,592,24
589,25,592,25
589,26,592,26
589,27,592,27
589,28,592,28
589,29,592,29
589,30,592,30
589,31,592,31
589,32,592,32
589,33,592,33
589,34,592,34
589,35,592,35
589,36,592,36
589,37,592,37
589,38,592,38
589,39,592,39
589,40,592,40
589,41,592,41
589,42,592,42
589,43,592,43
589,44,592,44
589,45,592,45
589,46,592,46
589,47,592,47
589,48,592,48
589,49,592,49
589,50,592,50
589,51,592,51
589,52,592,52
589,53,592,53
589,54,592,54
589,55,592,55
589,56,592,56
589,57,592,57
589,58,592,58
589,59,592,59
589,60,592,60
589,61,592,61
589,62,592,62
589,63,592,63
589,64,592,64
589,65,592,65
589,66,592,66
589,67,592,67
589,68,592,68
589,69,592,69
589,70,592,70
589,71,592,71
589,72,592,72
592,1,594,1
592,2,594,2
592,3,595,1
592,4,595,2
592,5,596,1
592,6,596,2
592,7,597,1
592,8,597,2
592,9,598,1
592,10,598,2
592,11,599,1
592,12,599,2
592,13,600,1
592,14,600,2
592,15,601,1
592,16,601,2
592,17,602,1
592,18,602,2
592,19,603,1
592,20,603,2
592,21,604,1
592,22,604,2
592,23,605,1
592,24,605,2
592,25,606,1
592,26,606,2
592,27,607,1
592,28,607,2
592,29,608,1
592,30,608,2
592,31,609,1
592,32,609,2
592,33,610,1
592,34,610,2
592,35,611,1
592,36,611,2
592,37,612,1
592,38,612,2
592,39,613,1
592,40,613,2
592,41,614,1
592,42,614,2
592,43,615,1
592,44,615,2
592,45,616,1
592,46,616,2
592,47,617,1
592,48,617,2
592,49,618,1
592,50,618,2
592,51,619,1
592,52,619,2
592,53,620,1
592,54,620,2
592,55,621,1
592,56,621,2
592,57,622,1
592,58,622,2
592,59,623,1
592,60,623,2
592,61,624,1
592,62,624,2
592,63,625,1
592,64,625,2
592,65,626,1
592,66,626,2
592,67,627,1
592,68,627,2
592,69,628,1
592,70,628,2
592,71,629,1
592,72,629,2
590,9,631,1
590,10,631,2
590,11,631,3
590,12,631,4
590,13,631,5
590,14,631,6
590,15,631,7
590,16,631,8
590,17,631,9
590,18,631,10
590,19,631,11
590,20,631,12
594,1,631,13
595,1,631,14
596,1,631,15
597,1,631,16
598,1,631,17
599,1,631,18
600,1,631,19
601,1,631,20
602,1,631,21
603,1,631,22
604,1,631,23
605,1,631,24
606,1,631,25
607,1,631,26
608,1,631,27
609,1,631,28
610,1,631,29
611,1,631,30
612,1,631,31
613,1,631,32
614,1,631,33
615,1,631,34
616,1,631,35
617,1,631,36
618,1,631,37
619,1,631,38
620,1,631,39
621,1,631,40
622,1,631,41
623,1,631,42
624,1,631,43
625,1,631,44
626,1,631,45
627,1,631,46
628,1,631,47
629,1,631,48
631,1,633,1
631,2,633,2
631,3,634,1
631,4,634,2
631,5,635,1
631,6,635,2
631,7,636,1
631,8,636,2
631,9,637,1
631,10,637,2
631,11,638,1
631,12,638,2
631,13,639,1
631,14,639,2
631,15,640,1
631,16,640,2
631,17,641,1
631,18,641,2
631,19,642,1
631,20,642,2
631,21,643,1
631,22,643,2
631,23,644,1
631,24,644,2
631,25,645,1
631,26,645,2
631,27,646,1
631,28,646,2
631,29,647,1
631,30,647,2
631,31,648,1
631,32,648,2
631,33,649,1
631,34,649,2
631,35,650,1
631,36,650,2
631,37,651,1
631,38,651,2
631,39,652,1
631,40,652,2
631,41,653,1
631,42,653,2
631,43,654,1
631,44,654,2
631,45,655,1
631,46,655,2
631,47,656,1
631,48,656,2
590,1,658,1
590,2,658,2
590,3,658,3
590,4,658,4
590,5,658,5
590,6,658,6
590,7,658,7
590,8,658,8
633,1,658,9
634,1,658,10
635,1,658,11
636,1,658,12
637,1,658,13
638,1,658,14
639,1,658,15
640,1,658,16
641,1,658,17
642,1,658,18
643,1,658,19
644,1,658,20
645,1,658,21
646,1,658,22
647,1,658,23
648,1,658,24
649,1,658,25
650,1,658,26
651,1,658,27
652,1,658,28
653,1,658,29
654,1,658,30
655,1,658,31
656,1,658,32
658,1,660,1
658,2,660,2
658,3,661,1
658,4,661,2
658,5,662,1
658,6,662,2
658,7,663,1
658,8,663,2
658,9,664,1
658,10,664,2
658,11,665,1
658,12,665,2
658,13,666,1
658,14,666,2
658,15,667,1
658,16,667,2
658,17,668,1
658,18,668,2
658,19,669,1
658,20,669,2
658,21,670,1
658,22,670,2
658,23,671,1
658,24,671,2
658,25,672,1
658,26,672,2
658,27,673,1
658,28,673,2
658,29,674,1
658,30,674,2
658,31,675,1
658,32,675,2
660,1,677,1
661,1,677,2
662,1,677,3
663,1,677,4
664,1,677,5
665,1,677,6
666,1,677,7
667,1,677,8
668,1,677,9
669,1,677,10
670,1,677,11
671,1,677,12
672,1,677,13
673,1,677,14
674,1,677,15
675,1,677,16
677,1,679,1
677,2,679,2
677,3,680,1
677,4,680,2
677,5,681,1
677,6,681,2
677,7,682,1
677,8,682,2
677,9,683,1
677,10,683,2
677,11,684,1
677,12,684,2
677,13,685,1
677,14,685,2
677,15,686,1
677,16,686,2
679,1,688,1
680,1,688,2
681,1,688,3
682,1,688,4
683,1,688,5
684,1,688,6
685,1,688,7
686,1,688,8
688,1,690,1
688,2,690,2
688,3,691,1
688,4,691,2
688,5,692,1
688,6,692,2
688,7,693,1
688,8,693,2
690,1,695,1
691,1,695,2
692,1,695,3
693,1,695,4
695,1,697,1
695,2,697,2
695,3,698,1
695,4,698,2
697,1,700,1
698,1,700,2
703,1,705,1
703,2,705,2
703,3,705,3
703,4,705,4
703,5,705,5
703,6,705,6
703,7,705,7
703,8,705,8
703,9,705,9
703,10,705,10
703,11,705,11
703,12,705,12
703,13,705,13
703,14,705,14
703,15,705,15
703,16,705,16
703,17,705,17
703,18,705,18
703,19,705,19
703,20,705,20
703,21,705,21
703,22,705,22
703,23,705,23
703,24,705,24
703,25,705,25
703,26,705,26
703,27,705,27
703,28,705,28
703,29,705,29
703,30,705,30
703,31,705,31
703,32,705,32
703,33,705,33
703,34,705,34
703,35,705,35
703,36,705,36
703,37,705,37
703,38,705,38
703,39,705,39
703,40,705,40
703,41,705,41
703,42,705,42
703,43,705,43
703,44,705,44
703,45,705,45
703,46,705,46
703,47,705,47
703,48,705,48
705,1,707,1
705,2,707,2
705,3,707,3
705,4,707,4
705,5,707,5
705,6,707,6
705,7,707,7
705,8,707,8
705,25,708,1
705,26,708,2
705,27,708,3
705,28,708,4
705,29,708,5
705,30,708,6
705,31,708,7
705,32,708,8
705,9,711,1
705,10,711,2
705,11,712,1
705,12,712,2
705,13,713,1
705,14,713,2
705,15,714,1
705,16,714,2
705,17,716,1
705,18,716,2
705,19,717,1
705,20,717,2
705,21,718,1
705,22,718,2
705,23,719,1
705,24,719,2
705,33,721,1
705,34,721,2
705,35,722,1
705,36,722,2
705,37,723,1
705,38,723,2
705,39,724,1
705,40,724,2
705,41,726,1
705,42,726,2
705,43,727,1
705,44,727,2
705,45,728,1
705,46,728,2
705,47,729,1
705,48,729,2
707,1,731,1
707,2,731,2
707,3,731,3
707,4,731,4
707,5,731,5
707,6,731,6
707,7,731,7
707,8,731,8
711,1,731,9
712,1,731,10
713,1,731,11
714,1,731,12
716,1,731,13
717,1,731,14
718,1,731,15
719,1,731,16
708,1,732,1
708,2,732,2
708,3,732,3
708,4,732,4
708,5,732,5
708,6,732,6
708,7,732,7
708,8,732,8
721,1,732,9
722,1,732,10
723,1,732,11
724,1,732,12
726,1,732,13
727,1,732,14
728,1,732,15
729,1,732,16
731,1,735,1
731,2,735,2
731,3,736,1
731,4,736,2
731,5,737,1
731,6,737,2
731,7,738,1
731,8,738,2
731,9,739,1
731,10,739,2
731,11,740,1
731,12,740,2
731,13,741,1
731,14,741,2
731,15,742,1
731,16,742,2
732,1,744,1
732,2,744,2
732,3,745,1
732,4,745,2
732,5,746,1
732,6,746,2
732,7,747,1
732,8,747,2
732,9,748,1
732,10,748,2
732,11,749,1
732,12,749,2
732,13,750,1
732,14,750,2
732,15,751,1
732,16,751,2
735,1,753,1
736,1,753,2
737,1,753,3
738,1,753,4
739,1,753,5
740,1,753,6
741,1,753,7
742,1,753,8
744,1,754,1
745,1,754,2
746,1,754,3
747,1,754,4
748,1,754,5
749,1,754,6
750,1,754,7
751,1,754,8
753,1,757,1
753,2,757,2
753,3,758,1
753,4,758,2
753,5,759,1
753,6,759,2
753,7,760,1
753,8,760,2
754,1,762,1
754,2,762,2
754,3,763,1
754,4,763,2
754,5,764,1
754,6,764,2
754,7,765,1
754,8,765,2
757,1,767,1
758,1,767,2
759,1,767,3
760,1,767,4
762,1,768,1
763,1,768,2
764,1,768,3
765,1,768,4
767,1,771,1
767,2,771,2
767,3,772,1
767,4,772,2
768,1,774,1
768,2,774,2
768,3,775,1
768,4,775,2
771,1,777,1
772,1,777,2
774,1,778,1
775,1,778,2
777,1,780,1
778,1,780,2
786,6,797,1
786,3,797,2
786,5,798,1
786,4,798,2
798,1,800,1
797,1,800,2
789,6,805,1
789,3,805,2
789,5,806,1
789,4,806,2
806,1,808,1
805,1,808,2
792,7,813,1
792,4,813,2
792,6,814,1
792,5,814,2
814,1,816,1
813,1,816,2
824,1,826,1
824,2,826,2
824,3,826,3
824,4,826,4
824,5,826,5
824,6,826,6
824,7,826,7
824,8,826,8
824,9,826,9
824,10,826,10
824,11,826,11
824,12,826,12
824,13,826,13
824,14,826,14
824,15,826,15
824,16,826,16
824,17,826,17
824,18,826,18
824,19,826,19
824,20,826,20
826,1,828,1
826,2,828,2
826,3,829,1
826,4,829,2
826,5,830,1
826,6,830,2
826,7,831,1
826,8,831,2
826,9,832,1
826,10,832,2
826,11,833,1
826,12,833,2
826,13,834,1
826,14,834,2
826,15,835,1
826,16,835,2
823,1,837,1
823,2,837,2
823,3,837,3
823,4,837,4
823,5,837,5
823,6,837,6
823,7,837,7
823,8,837,8
823,9,837,9
823,10,837,10
823,11,837,11
823,12,837,12
823,13,837,13
823,14,837,14
823,15,837,15
823,16,837,16
823,17,837,17
823,18,837,18
823,19,837,19
823,20,837,20
826,17,837,21
826,18,837,22
826,19,837,23
826,20,837,24
828,1,837,25
829,1,837,26
830,1,837,27
831,1,837,28
832,1,837,29
833,1,837,30
834,1,837,31
835,1,837,32
837,1,839,1
837,2,839,2
837,3,840,1
837,4,840,2
837,5,841,1
837,6,841,2
837,7,842,1
837,8,842,2
837,9,843,1
837,10,843,2
837,11,844,1
837,12,844,2
837,13,845,1
837,14,845,2
837,15,846,1
837,16,846,2
837,17,847,1
837,18,847,2
837,19,848,1
837,20,848,2
837,21,849,1
837,22,849,2
837,23,850,1
837,24,850,2
837,25,851,1
837,26,851,2
837,27,852,1
837,28,852,2
837,29,853,1
837,30,853,2
837,31,854,1
837,32,854,2
839,1,856,1
840,1,856,2
841,1,856,3
842,1,856,4
843,1,856,5
844,1,856,6
845,1,856,7
846,1,856,8
847,1,856,9
848,1,856,10
849,1,856,11
850,1,856,12
851,1,856,13
852,1,856,14
853,1,856,15
854,1,856,16
856,1,858,1
856,2,858,2
856,3,859,1
856,4,859,2
856,5,860,1
856,6,860,2
856,7,861,1
856,8,861,2
856,9,862,1
856,10,862,2
856,11,863,1
856,12,863,2
856,13,864,1
856,14,864,2
856,15,865,1
856,16,865,2
858,1,867,1
859,1,867,2
860,1,867,3
861,1,867,4
862,1,867,5
863,1,867,6
864,1,867,7
865,1,867,8
867,1,869,1
867,2,869,2
867,3,870,1
867,4,870,2
867,5,871,1
867,6,871,2
867,7,872,1
867,8,872,2
869,1,874,1
870,1,874,2
871,1,874,3
872,1,874,4
874,1,876,1
874,2,876,2
874,3,877,1
874,4,877,2
876,1,879,1
877,1,879,2
883,1,885,1
883,2,885,2
883,3,885,3
883,4,885,4
883,5,885,5
883,6,885,6
883,7,885,7
883,8,885,8
883,9,885,9
883,10,885,10
883,11,885,11
883,12,885,12
883,13,885,13
883,14,885,14
883,15,885,15
883,16,885,16
883,17,885,17
883,18,885,18
883,19,885,19
883,20,885,20
885,1,887,1
885,2,887,2
885,3,888,1
885,4,888,2
885,5,889,1
885,6,889,2
885,7,890,1
885,8,890,2
885,9,891,1
885,10,891,2
885,11,892,1
885,12,892,2
885,13,893,1
885,14,893,2
885,15,894,1
885,16,894,2
882,1,896,1
882,2,896,2
882,3,896,3
882,4,896,4
882,5,896,5
882,6,896,6
882,7,896,7
882,8,896,8
882,9,896,9
882,10,896,10
882,11,896,11
882,12,896,12
882,13,896,13
882,14,896,14
882,15,896,15
882,16,896,16
882,17,896,17
882,18,896,18
882,19,896,19
882,20,896,20
885,17,896,21
885,18,896,22
885,19,896,23
885,20,896,24
887,1,896,25
888,1,896,26
889,1,896,27
890,1,896,28
891,1,896,29
892,1,896,30
893,1,896,31
894,1,896,32
896,1,898,1
896,2,898,2
896,3,899,1
896,4,899,2
896,5,900,1
896,6,900,2
896,7,901,1
896,8,901,2
896,9,902,1
896,10,902,2
896,11,903,1
896,12,903,2
896,13,904,1
896,14,904,2
896,15,905,1
896,16,905,2
896,17,906,1
896,18,906,2
896,19,907,1
896,20,907,2
896,21,908,1
896,22,908,2
896,23,909,1
896,24,909,2
896,25,910,1
896,26,910,2
896,27,911,1
896,28,911,2
896,29,912,1
896,30,912,2
896,31,913,1
896,32,913,2
898,1,915,1
899,1,915,2
900,1,915,3
901,1,915,4
902,1,915,5
903,1,915,6
904,1,915,7
905,1,915,8
906,1,915,9
907,1,915,10
908,1,915,11
909,1,915,12
910,1,915,13
911,1,915,14
912,1,915,15
913,1,915,16
915,1,917,1
915,2,917,2
915,3,918,1
915,4,918,2
915,5,919,1
915,6,919,2
915,7,920,1
915,8,920,2
915,9,921,1
915,10,921,2
915,11,922,1
915,12,922,2
915,13,923,1
915,14,923,2
915,15,924,1
915,16,924,2
917,1,926,1
918,1,926,2
919,1,926,3
920,1,926,4
921,1,926,5
922,1,926,6
923,1,926,7
924,1,926,8
926,1,928,1
926,2,928,2
926,3,929,1
926,4,929,2
926,5,930,1
926,6,930,2
926,7,931,1
926,8,931,2
928,1,933,1
929,1,933,2
930,1,933,3
931,1,933,4
933,1,935,1
933,2,935,2
933,3,936,1
933,4,936,2
935,1,938,1
936,1,938,2
946,1,948,1
946,2,948,2
946,3,948,3
946,4,948,4
946,5,948,5
946,6,948,6
946,7,948,7
946,8,948,8
946,9,948,9
946,10,948,10
946,11,948,11
946,12,948,12
946,13,948,13
946,14,948,14
946,15,948,15
946,16,948,16
946,17,948,17
946,18,948,18
948,1,950,1
948,2,950,2
948,3,951,1
948,4,951,2
948,5,952,1
948,6,952,2
948,7,953,1
948,8,953,2
945,1,955,1
945,2,955,2
945,3,955,3
945,4,955,4
945,5,955,5
945,6,955,6
945,7,955,7
945,8,955,8
945,9,955,9
945,10,955,10
945,11,955,11
945,12,955,12
945,13,955,13
945,14,955,14
945,15,955,15
945,16,955,16
945,17,955,17
945,18,955,18
948,9,955,19
948,10,955,20
948,11,955,21
948,12,955,22
948,13,955,23
948,14,955,24
948,15,955,25
948,16,955,26
948,17,955,27
948,18,955,28
950,1,955,29
951,1,955,30
952,1,955,31
953,1,955,32
955,1,957,1
955,2,957,2
955,3,958,1
955,4,958,2
955,5,959,1
955,6,959,2
955,7,960,1
955,8,960,2
955,9,961,1
955,10,961,2
955,11,962,1
955,12,962,2
955,13,963,1
955,14,963,2
955,15,964,1
955,16,964,2
955,17,965,1
955,18,965,2
955,19,966,1
955,20,966,2
955,21,967,1
955,22,967,2
955,23,968,1
955,24,968,2
955,25,969,1
955,26,969,2
955,27,970,1
955,28,970,2
955,29,971,1
955,30,971,2
955,31,972,1
955,32,972,2
957,1,974,1
958,1,974,2
959,1,974,3
960,1,974,4
961,1,974,5
962,1,974,6
963,1,974,7
964,1,974,8
965,1,974,9
966,1,974,10
967,1,974,11
968,1,974,12
969,1,974,13
970,1,974,14
971,1,974,15
972,1,974,16
974,1,976,1
974,2,976,2
974,3,977,1
974,4,977,2
974,5,978,1
974,6,978,2
974,7,979,1
974,8,979,2
974,9,980,1
974,10,980,2
974,11,981,1
974,12,981,2
974,13,982,1
974,14,982,2
974,15,983,1
974,16,983,2
976,1,985,1
977,1,985,2
978,1,985,3
979,1,985,4
980,1,985,5
981,1,985,6
982,1,985,7
983,1,985,8
985,1,987,1
985,2,987,2
985,3,988,1
985,4,988,2
985,5,989,1
985,6,989,2
985,7,990,1
985,8,990,2
987,1,992,1
988,1,992,2
989,1,992,3
990,1,992,4
992,1,994,1
992,2,994,2
992,3,995,1
992,4,995,2
994,1,997,1
995,1,997,2
1004,6,1006,1
1004,11,1006,2
1004,7,1007,1
1004,10,1007,2
1004,8,1008,1
1004,9,1008,2
1004,5,1009,1
1004,12,1009,2
1006,2,1011,1
1006,1,1011,2
1007,2,1012,1
1007,1,1012,2
1008,2,1013,1
1008,1,1013,2
1009,2,1014,1
1009,1,1014,2
1004,1,1016,1
1011,1,1016,2
1004,2,1017,1
1012,1,1017,2
1004,3,1018,1
1013,1,1018,2
1004,4,1019,1
1014,1,1019,2
1016,2,1021,1
1016,1,1021,2
1017,2,1022,1
1017,1,1022,2
1018,2,1023,1
1018,1,1023,2
1019,2,1024,1
1019,1,1024,2
1021,1,1026,1
1024,1,1026,2
1022,1,1027,1
1023,1,1027,2
1026,1,1029,1
1027,1,1029,2
1040,1,1042,1
1040,2,1042,2
1040,3,1042,3
1040,4,1042,4
1040,5,1042,5
1040,6,1042,6
1040,7,1042,7
1040,8,1042,8
1040,9,1042,9
1040,10,1042,10
1040,11,1042,11
1040,12,1042,12
1040,13,1042,13
1040,14,1042,14
1040,15,1042,15
1040,16,1042,16
1040,17,1042,17
1040,18,1042,18
1040,19,1042,19
1040,20,1042,20
1040,21,1042,21
1040,22,1042,22
1042,19,1044,1
1042,20,1044,2
1042,21,1045,1
1042,22,1045,2
1039,9,1047,1
1042,1,1047,2
1042,16,1048,1
1045,1,1048,2
1039,13,1049,1
1042,5,1049,2
1039,20,1050,1
1042,12,1050,2
1039,12,1051,1
1042,4,1051,2
1042,13,1052,1
1042,18,1052,2
1039,16,1053,1
1042,8,1053,2
1039,17,1054,1
1042,9,1054,2
1039,10,1055,1
1042,2,1055,2
1042,15,1056,1
1044,1,1056,2
1039,14,1057,1
1042,6,1057,2
1039,19,1058,1
1042,11,1058,2
1039,11,1059,1
1042,3,1059,2
1042,14,1060,1
1042,17,1060,2
1039,15,1061,1
1042,7,1061,2
1039,18,1062,1
1042,10,1062,2
1047,1,1064,1
1048,1,1064,2
1049,1,1065,1
1050,1,1065,2
1051,1,1066,1
1052,1,1066,2
1053,1,1067,1
1054,1,1067,2
1055,1,1068,1
1056,1,1068,2
1057,1,1069,1
1058,1,1069,2
1059,1,1070,1
1060,1,1070,2
1061,1,1071,1
1062,1,1071,2
1039,1,1073,1
1071,1,1073,2
1039,8,1074,1
1064,1,1074,2
1039,4,1075,1
1068,1,1075,2
1039,5,1076,1
1067,1,1076,2
1039,2,1077,1
1070,1,1077,2
1039,7,1078,1
1065,1,1078,2
1039,3,1079,1
1069,1,1079,2
1039,6,1080,1
1066,1,1080,2
1073,1,1082,1
1074,1,1082,2
1075,1,1083,1
1076,1,1083,2
1077,1,1084,1
1078,1,1084,2
1079,1,1085,1
1080,1,1085,2
1082,1,1087,1
1083,1,1087,2
1084,1,1088,1
1085,1,1088,2
1087,1,1090,1
1088,1,1090,2
1097,15,1099,1
1097,18,1099,2
1097,16,1100,1
1097,17,1100,2
1097,1,1102,1
1099,1,1102,2
1097,2,1103,1
1100,1,1103,2
1097,3,1104,1
1097,14,1104,2
1097,4,1105,1
1097,13,1105,2
1097,5,1106,1
1097,12,1106,2
1097,6,1107,1
1097,11,1107,2
1097,7,1108,1
1097,10,1108,2
1097,8,1109,1
1097,9,1109,2
1102,1,1111,1
1109,1,1111,2
1103,1,1112,1
1108,1,1112,2
1104,1,1113,1
1107,1,1113,2
1105,1,1114,1
1106,1,1114,2
1111,1,1116,1
1114,1,1116,2
1112,1,1117,1
1113,1,1117,2
1116,1,1119,1
1117,1,1119,2
1126,1,1128,1
1126,16,1128,2
1126,2,1129,1
1126,15,1129,2
1126,3,1130,1
1126,14,1130,2
1126,4,1131,1
1126,13,1131,2
1126,5,1132,1
1126,12,1132,2
1126,6,1133,1
1126,11,1133,2
1126,7,1134,1
1126,10,1134,2
1126,8,1135,1
1126,9,1135,2
1128,1,1137,1
1135,1,1137,2
1129,1,1138,1
1134,1,1138,2
1130,1,1139,1
1133,1,1139,2
1131,1,1140,1
1132,1,1140,2
1137,1,1142,1
1140,1,1142,2
1138,1,1143,1
1139,1,1143,2
1142,1,1145,1
1143,1,1145,2
1152,1,1154,1
1152,16,1154,2
1152,2,1155,1
1152,15,1155,2
1152,3,1156,1
1152,14,1156,2
1152,4,1157,1
1152,13,1157,2
1152,5,1158,1
1152,12,1158,2
1152,6,1159,1
1152,11,1159,2
1152,7,1160,1
1152,10,1160,2
1152,8,1161,1
1152,9,1161,2
1154,1,1163,1
1161,1,1163,2
1155,1,1164,1
1160,1,1164,2
1156,1,1165,1
1159,1,1165,2
1157,1,1166,1
1158,1,1166,2
1163,1,1168,1
1166,1,1168,2
1164,1,1169,1
1165,1,1169,2
1168,1,1171,1
1169,1,1171,2
1174,1,1176,1
1174,2,1176,2
1174,3,1176,3
1174,4,1176,4
1174,5,1176,5
1174,6,1176,6
1174,7,1176,7
1174,8,1176,8
1174,9,1177,1
1174,10,1177,2
1174,11,1177,3
1174,12,1177,4
1174,13,1177,5
1174,14,1177,6
1174,15,1177,7
1174,16,1177,8
1181,1,1183,1
1181,16,1183,2
1181,2,1184,1
1181,15,1184,2
1181,3,1185,1
1181,14,1185,2
1181,4,1186,1
1181,13,1186,2
1181,5,1187,1
1181,12,1187,2
1181,6,1188,1
1181,11,1188,2
1181,7,1189,1
1181,10,1189,2
1181,8,1190,1
1181,9,1190,2
1183,1,1192,1
1190,1,1192,2
1184,1,1193,1
1189,1,1193,2
1185,1,1194,1
1188,1,1194,2
1186,1,1195,1
1187,1,1195,2
1192,1,1197,1
1195,1,1197,2
1193,1,1198,1
1194,1,1198,2
1197,1,1200,1
1198,1,1200,2
1207,1,1209,1
1207,16,1209,2
1207,2,1210,1
1207,15,1210,2
1207,3,1211,1
1207,14,1211,2
1207,4,1212,1
1207,13,1212,2
1207,5,1213,1
1207,12,1213,2
1207,6,1214,1
1207,11,1214,2
1207,7,1215,1
1207,10,1215,2
1207,8,1216,1
1207,9,1216,2
1209,1,1218,1
1216,1,1218,2
1210,1,1219,1
1215,1,1219,2
1211,1,1220,1
1214,1,1220,2
1212,1,1221,1
1213,1,1221,2
1218,1,1223,1
1221,1,1223,2
1219,1,1224,1
1220,1,1224,2
1223,1,1226,1
1224,1,1226,2
1233,5,1235,1
1233,12,1235,2
1233,6,1236,1
1233,11,1236,2
1233,7,1237,1
1233,10,1237,2
1233,8,1238,1
1233,9,1238,2
1235,2,1240,1
1235,1,1240,2
1236,2,1241,1
1236,1,1241,2
1237,2,1242,1
1237,1,1242,2
1238,2,1243,1
1238,1,1243,2
1233,1,1245,1
1240,1,1245,2
1233,2,1246,1
1241,1,1246,2
1233,3,1247,1
1242,1,1247,2
1233,4,1248,1
1243,1,1248,2
1245,2,1250,1
1245,1,1250,2
1246,2,1251,1
1246,1,1251,2
1247,2,1252,1
1247,1,1252,2
1248,2,1253,1
1248,1,1253,2
1250,1,1255,1
1253,1,1255,2
1251,1,1256,1
1252,1,1256,2
1255,1,1258,1
1256,1,1258,2
1261,1,1263,1
1261,2,1263,2
1261,3,1263,3
1261,4,1263,4
1261,5,1263,5
1261,6,1263,6
1261,7,1264,1
1261,8,1264,2
1261,9,1264,3
1261,10,1264,4
1261,11,1264,5
1261,12,1264,6
1272,1,1274,1
1272,2,1274,2
1272,3,1274,3
1272,4,1274,4
1272,5,1274,5
1272,6,1274,6
1272,7,1274,7
1272,8,1274,8
1272,9,1274,9
1272,10,1274,10
1272,11,1274,11
1272,12,1274,12
1272,13,1274,13
1272,14,1274,14
1272,15,1274,15
1272,16,1274,16
1272,17,1274,17
1272,18,1274,18
1272,19,1274,19
1272,20,1274,20
1272,21,1274,21
1272,22,1274,22
1274,3,1276,1
1274,4,1276,2
1274,5,1277,1
1274,6,1277,2
1274,7,1278,1
1274,8,1278,2
1274,9,1279,1
1274,10,1279,2
1274,11,1280,1
1274,12,1280,2
1274,13,1281,1
1274,14,1281,2
1274,15,1282,1
1274,16,1282,2
1274,17,1283,1
1274,18,1283,2
1274,19,1284,1
1274,20,1284,2
1274,21,1285,1
1274,22,1285,2
1271,1,1287,1
1274,1,1287,2
1271,8,1288,1
1280,1,1288,2
1271,9,1289,1
1279,1,1289,2
1271,16,1290,1
1271,17,1290,2
1271,4,1291,1
1284,1,1291,2
1271,5,1292,1
1283,1,1292,2
1271,12,1293,1
1276,1,1293,2
1271,13,1294,1
1271,20,1294,2
1271,2,1295,1
1274,2,1295,2
1271,7,1296,1
1281,1,1296,2
1271,10,1297,1
1278,1,1297,2
1271,15,1298,1
1271,18,1298,2
1271,3,1299,1
1285,1,1299,2
1271,6,1300,1
1282,1,1300,2
1271,11,1301,1
1277,1,1301,2
1271,14,1302,1
1271,19,1302,2
1287,1,1304,1
1288,1,1304,2
1289,1,1305,1
1290,1,1305,2
1291,1,1306,1
1292,1,1306,2
1293,1,1307,1
1294,1,1307,2
1295,1,1308,1
1296,1,1308,2
1297,1,1309,1
1298,1,1309,2
1299,1,1310,1
1300,1,1310,2
1301,1,1311,1
1302,1,1311,2
1304,1,1313,1
1305,1,1313,2
1306,1,1314,1
1307,1,1314,2
1308,1,1315,1
1309,1,1315,2
1310,1,1316,1
1311,1,1316,2
1313,1,1318,1
1314,1,1318,2
1315,1,1319,1
1316,1,1319,2
1318,1,1321,1
1319,1,1321,2
1328,1,1330,1
1328,16,1330,2
1328,2,1331,1
1328,15,1331,2
1328,3,1332,1
1328,14,1332,2
1328,4,1333,1
1328,13,1333,2
1328,5,1334,1
1328,12,1334,2
1328,6,1335,1
1328,11,1335,2
1328,7,1336,1
1328,10,1336,2
1328,8,1337,1
1328,9,1337,2
1330,1,1339,1
1337,1,1339,2
1331,1,1340,1
1336,1,1340,2
1332,1,1341,1
1335,1,1341,2
1333,1,1342,1
1334,1,1342,2
1339,1,1344,1
1342,1,1344,2
1340,1,1345,1
1341,1,1345,2
1344,1,1347,1
1345,1,1347,2
1354,7,1356,1
1354,10,1356,2
1354,8,1357,1
1354,9,1357,2
1354,1,1359,1
1356,1,1359,2
1354,2,1360,1
1357,1,1360,2
1354,3,1361,1
1354,6,1361,2
1354,4,1362,1
1354,5,1362,2
1359,1,1364,1
1362,1,1364,2
1360,1,1365,1
1361,1,1365,2
1364,1,1367,1
1365,1,1367,2
1379,0,1381,1
1379,0,1381,2
1379,0,1381,3
1379,0,1381,4
1379,0,1381,5
1379,0,1381,6
1379,0,1381,7
1379,0,1381,8
1379,0,1381,9
1379,0,1381,10
1379,0,1381,11
1379,0,1381,12
1379,0,1381,13
1379,0,1381,14
1379,0,1381,15
1379,0,1381,16
1379,0,1381,17
1381,1,1383,1
1381,2,1383,2
1381,3,1385,1
1383,1,1385,2
1381,4,1386,1
1381,5,1386,2
1381,6,1387,1
1381,7,1387,2
1381,8,1388,1
1381,9,1388,2
1381,10,1389,1
1381,11,1389,2
1381,12,1390,1
1381,13,1390,2
1381,14,1391,1
1381,15,1391,2
1381,16,1392,1
1381,17,1392,2
1385,1,1394,1
1391,1,1394,2
1387,1,1395,1
1390,1,1395,2
1386,1,1396,1
1392,1,1396,2
1389,1,1397,1
1388,1,1397,2
1394,1,1399,1
1395,1,1399,2
1396,1,1400,1
1397,1,1400,2
1399,1,1402,1
1400,1,1402,2
1405,4,1408,1
1405,5,1408,2
1406,4,1409,1
1406,5,1409,2
1408,1,1412,1
1405,1,1412,2
1405,3,1413,1
1405,2,1413,2
1409,1,1415,1
1406,1,1415,2
1406,3,1416,1
1406,2,1416,2
1412,1,1418,1
1413,1,1418,2
1415,1,1419,1
1416,1,1419,2
1418,2,1421,1
1418,1,1421,2
1419,2,1422,1
1419,1,1422,2
1421,1,1424,1
1422,1,1424,2
1424,1,1426,1
1424,2,1426,2
1430,8,1432,1
1430,1,1432,2
1430,7,1433,1
1430,2,1433,2
1430,6,1434,1
1430,3,1434,2
1430,5,1435,1
1430,4,1435,2
1432,1,1437,1
1433,1,1437,2
1434,1,1437,3
1435,1,1437,4
1437,4,1439,1
1437,1,1439,2
1437,3,1440,1
1437,2,1440,2
1439,1,1442,1
1440,1,1442,2
1442,2,1444,1
1442,1,1444,2
1449,3,1451,1
1449,6,1451,2
1449,4,1452,1
1449,5,1452,2
1451,1,1454,1
1452,1,1454,2
1449,1,1456,1
1454,2,1456,2
1449,2,1457,1
1454,1,1457,2
1456,1,1459,1
1457,1,1459,2
1459,1,1461,1
1459,2,1461,2
1465,1,1467,1
1465,2,1467,2
1465,3,1467,3
1465,4,1467,4
1465,5,1467,5
1465,6,1467,6
1465,7,1468,1
1465,8,1468,2
1465,9,1468,3
1465,10,1468,4
1465,11,1468,5
1465,12,1468,6
1478,8,1480,1
1478,1,1480,2
1478,7,1481,1
1478,2,1481,2
1478,6,1482,1
1478,3,1482,2
1478,5,1483,1
1478,4,1483,2
1480,1,1485,1
1481,1,1485,2
1482,1,1485,3
1483,1,1485,4
1485,4,1487,1
1485,1,1487,2
1485,3,1488,1
1485,2,1488,2
1487,1,1490,1
1488,1,1490,2
1490,2,1492,1
1490,1,1492,2
1496,1,1498,1
1496,3,1498,2
1496,5,1498,3
1496,7,1498,4
1496,2,1499,1
1496,4,1499,2
1496,6,1499,3
1496,8,1499,4
1498,1,1501,1
1499,1,1501,2
1501,2,1503,1
1501,1,1503,2
