3,0
3,1
3,2
3,3
3,4
3,5
3,6
3,7
5,0
5,1
5,2
5,3
6,0
6,1
6,2
6,3
8,0
8,1
9,0
9,1
11,0
11,1
13,0
13,1
16,0
16,1
16,2
16,3
16,4
17,0
17,1
17,2
17,3
17,4
18,0
18,1
18,2
19,0
19,1
19,2
19,3
19,4
19,5
19,6
19,7
19,8
19,9
19,10
19,11
19,12
19,13
20,0
20,1
20,2
20,3
20,4
22,0
22,1
22,2
22,3
23,0
23,1
23,2
23,3
24,0
24,1
24,2
24,3
25,0
25,1
25,2
25,3
26,0
26,1
26,2
26,3
27,0
27,1
27,2
27,3
28,0
28,1
28,2
28,3
29,0
29,1
29,2
29,3
31,0
31,1
31,2
31,3
32,0
32,1
32,2
32,3
33,0
33,1
33,2
33,3
34,0
34,1
34,2
34,3
35,0
35,1
35,2
35,3
36,0
36,1
36,2
36,3
37,0
37,1
37,2
37,3
38,0
38,1
38,2
38,3
40,0
40,1
41,0
41,1
42,0
42,1
43,0
43,1
44,0
44,1
45,0
45,1
46,0
46,1
47,0
47,1
49,0
49,1
50,0
50,1
51,0
51,1
52,0
52,1
54,0
54,1
55,0
55,1
57,0
57,1
59,0
59,1
62,0
62,1
62,2
62,3
62,4
62,5
63,0
63,1
63,2
63,3
63,4
63,5
64,0
64,1
64,2
64,3
64,4
64,5
65,0
65,1
65,2
65,3
65,4
65,5
67,0
67,1
67,2
67,3
68,0
68,1
68,2
68,3
69,0
69,1
69,2
69,3
70,0
70,1
70,2
70,3
71,0
71,1
71,2
71,3
72,0
72,1
72,2
72,3
74,0
74,1
74,2
74,3
74,4
74,5
76,0
76,1
76,2
76,3
78,0
78,1
79,0
79,1
80,0
80,1
81,0
81,1
82,0
82,1
83,0
83,1
84,0
84,1
85,0
85,1
87,0
87,1
88,0
88,1
89,0
89,1
90,0
90,1
92,0
92,1
93,0
93,1
95,0
95,1
98,0
98,1
101,0
101,1
101,2
101,3
102,0
102,1
102,2
102,3
103,0
103,1
103,2
103,3
104,0
104,1
104,2
104,3
105,0
105,1
105,2
105,3
106,0
106,1
106,2
106,3
107,0
107,1
107,2
107,3
108,0
108,1
108,2
108,3
110,0
110,1
110,2
110,3
110,4
110,5
110,6
110,7
111,0
111,1
111,2
111,3
111,4
111,5
111,6
111,7
113,0
113,1
114,0
114,1
115,0
115,1
116,0
116,1
117,0
117,1
118,0
118,1
119,0
119,1
120,0
120,1
122,0
122,1
122,2
122,3
122,4
122,5
122,6
122,7
124,0
124,1
125,0
125,1
126,0
126,1
127,0
127,1
129,0
129,1
129,2
129,3
131,0
131,1
132,0
132,1
134,0
134,1
137,0
137,1
137,2
137,3
137,4
137,5
137,6
137,7
137,8
137,9
137,10
137,11
137,12
137,13
137,14
137,15
139,0
139,1
139,2
139,3
140,0
140,1
140,2
140,3
141,0
141,1
141,2
141,3
142,0
142,1
142,2
142,3
144,0
144,1
145,0
145,1
146,0
146,1
147,0
147,1
149,0
149,1
150,0
150,1
152,0
152,1
154,0
154,1
157,0
157,1
157,2
157,3
158,0
158,1
158,2
158,3
159,0
159,1
159,2
159,3
160,0
160,1
160,2
160,3
161,0
161,1
161,2
161,3
162,0
162,1
162,2
162,3
163,0
163,1
163,2
163,3
164,0
164,1
164,2
164,3
166,0
166,1
166,2
166,3
166,4
166,5
166,6
166,7
167,0
167,1
167,2
167,3
167,4
167,5
167,6
167,7
169,0
169,1
170,0
170,1
171,0
171,1
172,0
172,1
173,0
173,1
174,0
174,1
175,0
175,1
176,0
176,1
178,0
178,1
179,0
179,1
180,0
180,1
181,0
181,1
183,0
183,1
184,0
184,1
186,0
186,1
189,0
189,1
189,2
189,3
190,0
190,1
190,2
190,3
191,0
191,1
191,2
191,3
192,0
192,1
192,2
192,3
193,0
193,1
193,2
193,3
194,0
194,1
194,2
194,3
195,0
195,1
195,2
195,3
196,0
196,1
196,2
196,3
197,0
197,1
197,2
197,3
198,0
198,1
198,2
198,3
199,0
199,1
199,2
199,3
200,0
200,1
200,2
200,3
201,0
201,1
201,2
201,3
201,4
201,5
201,6
201,7
203,0
203,1
203,2
203,3
204,0
204,1
204,2
204,3
205,0
205,1
205,2
205,3
206,0
206,1
206,2
206,3
207,0
207,1
207,2
207,3
208,0
208,1
208,2
208,3
209,0
209,1
209,2
209,3
210,0
210,1
210,2
210,3
211,0
211,1
211,2
211,3
212,0
212,1
212,2
212,3
213,0
213,1
213,2
213,3
214,0
214,1
214,2
214,3
216,0
216,1
216,2
216,3
216,4
216,5
216,6
216,7
218,0
218,1
218,2
218,3
218,4
218,5
218,6
218,7
218,8
218,9
218,10
218,11
218,12
218,13
218,14
218,15
219,0
219,1
219,2
219,3
219,4
219,5
219,6
219,7
219,8
219,9
219,10
219,11
219,12
219,13
219,14
219,15
221,0
221,1
222,0
222,1
223,0
223,1
224,0
224,1
225,0
225,1
226,0
226,1
227,0
227,1
228,0
228,1
229,0
229,1
230,0
230,1
231,0
231,1
232,0
232,1
233,0
233,1
234,0
234,1
235,0
235,1
236,0
236,1
238,0
238,1
238,2
238,3
238,4
238,5
238,6
238,7
238,8
238,9
238,10
238,11
238,12
238,13
238,14
238,15
240,0
240,1
241,0
241,1
242,0
242,1
243,0
243,1
244,0
244,1
245,0
245,1
246,0
246,1
247,0
247,1
249,0
249,1
249,2
249,3
249,4
249,5
249,6
249,7
251,0
251,1
252,0
252,1
253,0
253,1
254,0
254,1
256,0
256,1
256,2
256,3
258,0
258,1
259,0
259,1
261,0
261,1
264,0
264,1
264,2
264,3
264,4
264,5
264,6
264,7
266,0
266,1
266,2
266,3
267,0
267,1
267,2
267,3
269,0
269,1
270,0
270,1
272,0
272,1
275,0
275,1
275,2
275,3
275,4
275,5
275,6
275,7
277,0
277,1
277,2
277,3
278,0
278,1
278,2
278,3
280,0
280,1
281,0
281,1
283,0
283,1
286,0
286,1
286,2
286,3
286,4
286,5
286,6
286,7
286,8
286,9
286,10
286,11
286,12
286,13
286,14
286,15
288,0
288,1
288,2
288,3
289,0
289,1
289,2
289,3
290,0
290,1
290,2
290,3
291,0
291,1
291,2
291,3
293,0
293,1
294,0
294,1
295,0
295,1
296,0
296,1
298,0
298,1
299,0
299,1
301,0
301,1
306,0
306,1
306,2
306,3
306,4
306,5
306,6
306,7
306,8
306,9
308,0
308,1
309,0
309,1
311,0
311,1
312,0
312,1
313,0
313,1
314,0
314,1
316,0
316,1
317,0
317,1
319,0
319,1
322,0
322,1
322,2
322,3
322,4
322,5
322,6
322,7
322,8
322,9
326,0
326,1
326,2
326,3
326,4
326,5
326,6
326,7
326,8
326,9
326,10
326,11
326,12
326,13
326,14
326,15
328,0
328,1
329,0
329,1
330,0
330,1
331,0
331,1
332,0
332,1
333,0
333,1
334,0
334,1
335,0
335,1
337,0
337,1
338,0
338,1
339,0
339,1
340,0
340,1
342,0
342,1
343,0
343,1
345,0
345,1
348,0
348,1
348,2
348,3
348,4
348,5
348,6
348,7
348,8
348,9
348,10
348,11
348,12
348,13
348,14
348,15
350,0
350,1
350,2
350,3
350,4
350,5
354,0
354,1
354,2
354,3
354,4
354,5
354,6
354,7
354,8
354,9
354,10
354,11
356,0
356,1
357,0
357,1
358,0
358,1
359,0
359,1
361,0
361,1
362,0
362,1
363,0
363,1
364,0
364,1
366,0
366,1
367,0
367,1
369,0
369,1
372,0
372,1
372,2
372,3
372,4
372,5
372,6
372,7
372,8
372,9
372,10
372,11
376,0
376,1
379,0
379,1
379,2
379,3
379,4
379,5
379,6
379,7
379,8
379,9
379,10
379,11
379,12
379,13
379,14
379,15
379,16
379,17
379,18
379,19
379,20
379,21
379,22
379,23
381,0
381,1
381,2
381,3
381,4
381,5
381,6
381,7
381,8
381,9
381,10
381,11
381,12
381,13
381,14
381,15
381,16
381,17
381,18
381,19
381,20
381,21
381,22
381,23
383,0
383,1
384,0
384,1
385,0
385,1
386,0
386,1
387,0
387,1
388,0
388,1
389,0
389,1
390,0
390,1
392,0
392,1
393,0
393,1
394,0
394,1
395,0
395,1
396,0
396,1
397,0
397,1
398,0
398,1
399,0
399,1
401,0
401,1
401,2
401,3
401,4
401,5
401,6
401,7
401,8
401,9
401,10
401,11
401,12
401,13
401,14
401,15
401,16
401,17
401,18
401,19
401,20
401,21
401,22
401,23
401,24
401,25
401,26
401,27
401,28
401,29
401,30
401,31
401,32
401,33
401,34
401,35
401,36
401,37
401,38
401,39
403,0
403,1
404,0
404,1
405,0
405,1
406,0
406,1
407,0
407,1
408,0
408,1
409,0
409,1
410,0
410,1
411,0
411,1
412,0
412,1
413,0
413,1
414,0
414,1
415,0
415,1
416,0
416,1
417,0
417,1
418,0
418,1
419,0
419,1
420,0
420,1
421,0
421,1
422,0
422,1
424,0
424,1
425,0
425,1
426,0
426,1
427,0
427,1
428,0
428,1
429,0
429,1
430,0
430,1
431,0
431,1
432,0
432,1
433,0
433,1
434,0
434,1
435,0
435,1
436,0
436,1
437,0
437,1
438,0
438,1
439,0
439,1
440,0
440,1
441,0
441,1
442,0
442,1
443,0
443,1
445,0
445,1
445,2
445,3
445,4
445,5
445,6
445,7
445,8
445,9
445,10
445,11
445,12
445,13
445,14
445,15
445,16
445,17
445,18
445,19
445,20
445,21
445,22
445,23
445,24
445,25
445,26
445,27
445,28
445,29
445,30
445,31
445,32
445,33
445,34
445,35
445,36
445,37
445,38
445,39
445,40
445,41
445,42
445,43
445,44
445,45
445,46
445,47
445,48
445,49
445,50
445,51
445,52
445,53
445,54
445,55
445,56
445,57
445,58
445,59
445,60
445,61
445,62
445,63
447,0
447,1
448,0
448,1
449,0
449,1
450,0
450,1
451,0
451,1
452,0
452,1
453,0
453,1
454,0
454,1
455,0
455,1
456,0
456,1
457,0
457,1
458,0
458,1
459,0
459,1
460,0
460,1
461,0
461,1
462,0
462,1
463,0
463,1
464,0
464,1
465,0
465,1
466,0
466,1
467,0
467,1
468,0
468,1
469,0
469,1
470,0
470,1
471,0
471,1
472,0
472,1
473,0
473,1
474,0
474,1
475,0
475,1
476,0
476,1
477,0
477,1
478,0
478,1
480,0
480,1
481,0
481,1
482,0
482,1
483,0
483,1
484,0
484,1
485,0
485,1
486,0
486,1
487,0
487,1
488,0
488,1
489,0
489,1
490,0
490,1
491,0
491,1
492,0
492,1
493,0
493,1
494,0
494,1
495,0
495,1
496,0
496,1
497,0
497,1
498,0
498,1
499,0
499,1
500,0
500,1
501,0
501,1
502,0
502,1
503,0
503,1
504,0
504,1
505,0
505,1
506,0
506,1
507,0
507,1
508,0
508,1
509,0
509,1
510,0
510,1
511,0
511,1
513,0
513,1
513,2
513,3
513,4
513,5
513,6
513,7
513,8
513,9
513,10
513,11
513,12
513,13
513,14
513,15
513,16
513,17
513,18
513,19
513,20
513,21
513,22
513,23
513,24
513,25
513,26
513,27
513,28
513,29
513,30
513,31
515,0
515,1
516,0
516,1
517,0
517,1
518,0
518,1
519,0
519,1
520,0
520,1
521,0
521,1
522,0
522,1
523,0
523,1
524,0
524,1
525,0
525,1
526,0
526,1
527,0
527,1
528,0
528,1
529,0
529,1
530,0
530,1
532,0
532,1
533,0
533,1
534,0
534,1
535,0
535,1
536,0
536,1
537,0
537,1
538,0
538,1
539,0
539,1
540,0
540,1
541,0
541,1
542,0
542,1
543,0
543,1
544,0
544,1
545,0
545,1
546,0
546,1
547,0
547,1
549,0
549,1
549,2
549,3
549,4
549,5
549,6
549,7
549,8
549,9
549,10
549,11
549,12
549,13
549,14
549,15
551,0
551,1
552,0
552,1
553,0
553,1
554,0
554,1
555,0
555,1
556,0
556,1
557,0
557,1
558,0
558,1
560,0
560,1
561,0
561,1
562,0
562,1
563,0
563,1
564,0
564,1
565,0
565,1
566,0
566,1
567,0
567,1
569,0
569,1
569,2
569,3
569,4
569,5
569,6
569,7
571,0
571,1
572,0
572,1
573,0
573,1
574,0
574,1
576,0
576,1
577,0
577,1
578,0
578,1
579,0
579,1
581,0
581,1
581,2
581,3
583,0
583,1
584,0
584,1
586,0
586,1
589,0
589,1
589,2
589,3
589,4
589,5
589,6
589,7
589,8
589,9
589,10
589,11
589,12
589,13
589,14
589,15
589,16
589,17
589,18
589,19
589,20
589,21
589,22
589,23
589,24
589,25
589,26
589,27
589,28
589,29
589,30
589,31
589,32
589,33
589,34
589,35
589,36
589,37
589,38
589,39
589,40
589,41
589,42
589,43
589,44
589,45
589,46
589,47
589,48
589,49
589,50
589,51
589,52
589,53
589,54
589,55
589,56
589,57
589,58
589,59
589,60
589,61
589,62
589,63
589,64
589,65
589,66
589,67
589,68
589,69
589,70
589,71
590,0
590,1
590,2
590,3
590,4
590,5
590,6
590,7
590,8
590,9
590,10
590,11
590,12
590,13
590,14
590,15
590,16
590,17
590,18
590,19
592,0
592,1
592,2
592,3
592,4
592,5
592,6
592,7
592,8
592,9
592,10
592,11
592,12
592,13
592,14
592,15
592,16
592,17
592,18
592,19
592,20
592,21
592,22
592,23
592,24
592,25
592,26
592,27
592,28
592,29
592,30
592,31
592,32
592,33
592,34
592,35
592,36
592,37
592,38
592,39
592,40
592,41
592,42
592,43
592,44
592,45
592,46
592,47
592,48
592,49
592,50
592,51
592,52
592,53
592,54
592,55
592,56
592,57
592,58
592,59
592,60
592,61
592,62
592,63
592,64
592,65
592,66
592,67
592,68
592,69
592,70
592,71
594,0
594,1
595,0
595,1
596,0
596,1
597,0
597,1
598,0
598,1
599,0
599,1
600,0
600,1
601,0
601,1
602,0
602,1
603,0
603,1
604,0
604,1
605,0
605,1
606,0
606,1
607,0
607,1
608,0
608,1
609,0
609,1
610,0
610,1
611,0
611,1
612,0
612,1
613,0
613,1
614,0
614,1
615,0
615,1
616,0
616,1
617,0
617,1
618,0
618,1
619,0
619,1
620,0
620,1
621,0
621,1
622,0
622,1
623,0
623,1
624,0
624,1
625,0
625,1
626,0
626,1
627,0
627,1
628,0
628,1
629,0
629,1
631,0
631,1
631,2
631,3
631,4
631,5
631,6
631,7
631,8
631,9
631,10
631,11
631,12
631,13
631,14
631,15
631,16
631,17
631,18
631,19
631,20
631,21
631,22
631,23
631,24
631,25
631,26
631,27
631,28
631,29
631,30
631,31
631,32
631,33
631,34
631,35
631,36
631,37
631,38
631,39
631,40
631,41
631,42
631,43
631,44
631,45
631,46
631,47
633,0
633,1
634,0
634,1
635,0
635,1
636,0
636,1
637,0
637,1
638,0
638,1
639,0
639,1
640,0
640,1
641,0
641,1
642,0
642,1
643,0
643,1
644,0
644,1
645,0
645,1
646,0
646,1
647,0
647,1
648,0
648,1
649,0
649,1
650,0
650,1
651,0
651,1
652,0
652,1
653,0
653,1
654,0
654,1
655,0
655,1
656,0
656,1
658,0
658,1
658,2
658,3
658,4
658,5
658,6
658,7
658,8
658,9
658,10
658,11
658,12
658,13
658,14
658,15
658,16
658,17
658,18
658,19
658,20
658,21
658,22
658,23
658,24
658,25
658,26
658,27
658,28
658,29
658,30
658,31
660,0
660,1
661,0
661,1
662,0
662,1
663,0
663,1
664,0
664,1
665,0
665,1
666,0
666,1
667,0
667,1
668,0
668,1
669,0
669,1
670,0
670,1
671,0
671,1
672,0
672,1
673,0
673,1
674,0
674,1
675,0
675,1
677,0
677,1
677,2
677,3
677,4
677,5
677,6
677,7
677,8
677,9
677,10
677,11
677,12
677,13
677,14
677,15
679,0
679,1
680,0
680,1
681,0
681,1
682,0
682,1
683,0
683,1
684,0
684,1
685,0
685,1
686,0
686,1
688,0
688,1
688,2
688,3
688,4
688,5
688,6
688,7
690,0
690,1
691,0
691,1
692,0
692,1
693,0
693,1
695,0
695,1
695,2
695,3
697,0
697,1
698,0
698,1
700,0
700,1
703,0
703,1
703,2
703,3
703,4
703,5
703,6
703,7
703,8
703,9
703,10
703,11
703,12
703,13
703,14
703,15
703,16
703,17
703,18
703,19
703,20
703,21
703,22
703,23
703,24
703,25
703,26
703,27
703,28
703,29
703,30
703,31
703,32
703,33
703,34
703,35
703,36
703,37
703,38
703,39
703,40
703,41
703,42
703,43
703,44
703,45
703,46
703,47
705,0
705,1
705,2
705,3
705,4
705,5
705,6
705,7
705,8
705,9
705,10
705,11
705,12
705,13
705,14
705,15
705,16
705,17
705,18
705,19
705,20
705,21
705,22
705,23
705,24
705,25
705,26
705,27
705,28
705,29
705,30
705,31
705,32
705,33
705,34
705,35
705,36
705,37
705,38
705,39
705,40
705,41
705,42
705,43
705,44
705,45
705,46
705,47
707,0
707,1
707,2
707,3
707,4
707,5
707,6
707,7
708,0
708,1
708,2
708,3
708,4
708,5
708,6
708,7
711,0
711,1
712,0
712,1
713,0
713,1
714,0
714,1
716,0
716,1
717,0
717,1
718,0
718,1
719,0
719,1
721,0
721,1
722,0
722,1
723,0
723,1
724,0
724,1
726,0
726,1
727,0
727,1
728,0
728,1
729,0
729,1
731,0
731,1
731,2
731,3
731,4
731,5
731,6
731,7
731,8
731,9
731,10
731,11
731,12
731,13
731,14
731,15
732,0
732,1
732,2
732,3
732,4
732,5
732,6
732,7
732,8
732,9
732,10
732,11
732,12
732,13
732,14
732,15
735,0
735,1
736,0
736,1
737,0
737,1
738,0
738,1
739,0
739,1
740,0
740,1
741,0
741,1
742,0
742,1
744,0
744,1
745,0
745,1
746,0
746,1
747,0
747,1
748,0
748,1
749,0
749,1
750,0
750,1
751,0
751,1
753,0
753,1
753,2
753,3
753,4
753,5
753,6
753,7
754,0
754,1
754,2
754,3
754,4
754,5
754,6
754,7
757,0
757,1
758,0
758,1
759,0
759,1
760,0
760,1
762,0
762,1
763,0
763,1
764,0
764,1
765,0
765,1
767,0
767,1
767,2
767,3
768,0
768,1
768,2
768,3
771,0
771,1
772,0
772,1
774,0
774,1
775,0
775,1
777,0
777,1
778,0
778,1
780,0
780,1
783,0
783,1
783,2
783,3
783,4
783,5
783,6
783,7
783,8
783,9
783,10
783,11
783,12
783,13
783,14
783,15
783,16
783,17
783,18
783,19
786,0
786,1
786,2
786,3
786,4
786,5
786,6
786,7
786,8
786,9
786,10
786,11
786,12
786,13
786,14
786,15
786,16
786,17
786,18
786,19
786,20
786,21
786,22
786,23
789,0
789,1
789,2
789,3
789,4
789,5
789,6
789,7
789,8
789,9
789,10
789,11
789,12
789,13
789,14
789,15
789,16
789,17
789,18
789,19
789,20
789,21
789,22
789,23
792,0
792,1
792,2
792,3
792,4
792,5
792,6
792,7
792,8
792,9
792,10
792,11
792,12
792,13
792,14
792,15
792,16
792,17
792,18
792,19
792,20
792,21
792,22
792,23
797,0
797,1
798,0
798,1
800,0
800,1
805,0
805,1
806,0
806,1
808,0
808,1
813,0
813,1
814,0
814,1
816,0
816,1
820,0
820,1
823,0
823,1
823,2
823,3
823,4
823,5
823,6
823,7
823,8
823,9
823,10
823,11
823,12
823,13
823,14
823,15
823,16
823,17
823,18
823,19
824,0
824,1
824,2
824,3
824,4
824,5
824,6
824,7
824,8
824,9
824,10
824,11
824,12
824,13
824,14
824,15
824,16
824,17
824,18
824,19
826,0
826,1
826,2
826,3
826,4
826,5
826,6
826,7
826,8
826,9
826,10
826,11
826,12
826,13
826,14
826,15
826,16
826,17
826,18
826,19
828,0
828,1
829,0
829,1
830,0
830,1
831,0
831,1
832,0
832,1
833,0
833,1
834,0
834,1
835,0
835,1
837,0
837,1
837,2
837,3
837,4
837,5
837,6
837,7
837,8
837,9
837,10
837,11
837,12
837,13
837,14
837,15
837,16
837,17
837,18
837,19
837,20
837,21
837,22
837,23
837,24
837,25
837,26
837,27
837,28
837,29
837,30
837,31
839,0
839,1
840,0
840,1
841,0
841,1
842,0
842,1
843,0
843,1
844,0
844,1
845,0
845,1
846,0
846,1
847,0
847,1
848,0
848,1
849,0
849,1
850,0
850,1
851,0
851,1
852,0
852,1
853,0
853,1
854,0
854,1
856,0
856,1
856,2
856,3
856,4
856,5
856,6
856,7
856,8
856,9
856,10
856,11
856,12
856,13
856,14
856,15
858,0
858,1
859,0
859,1
860,0
860,1
861,0
861,1
862,0
862,1
863,0
863,1
864,0
864,1
865,0
865,1
867,0
867,1
867,2
867,3
867,4
867,5
867,6
867,7
869,0
869,1
870,0
870,1
871,0
871,1
872,0
872,1
874,0
874,1
874,2
874,3
876,0
876,1
877,0
877,1
879,0
879,1
882,0
882,1
882,2
882,3
882,4
882,5
882,6
882,7
882,8
882,9
882,10
882,11
882,12
882,13
882,14
882,15
882,16
882,17
882,18
882,19
883,0
883,1
883,2
883,3
883,4
883,5
883,6
883,7
883,8
883,9
883,10
883,11
883,12
883,13
883,14
883,15
883,16
883,17
883,18
883,19
885,0
885,1
885,2
885,3
885,4
885,5
885,6
885,7
885,8
885,9
885,10
885,11
885,12
885,13
885,14
885,15
885,16
885,17
885,18
885,19
887,0
887,1
888,0
888,1
889,0
889,1
890,0
890,1
891,0
891,1
892,0
892,1
893,0
893,1
894,0
894,1
896,0
896,1
896,2
896,3
896,4
896,5
896,6
896,7
896,8
896,9
896,10
896,11
896,12
896,13
896,14
896,15
896,16
896,17
896,18
896,19
896,20
896,21
896,22
896,23
896,24
896,25
896,26
896,27
896,28
896,29
896,30
896,31
898,0
898,1
899,0
899,1
900,0
900,1
901,0
901,1
902,0
902,1
903,0
903,1
904,0
904,1
905,0
905,1
906,0
906,1
907,0
907,1
908,0
908,1
909,0
909,1
910,0
910,1
911,0
911,1
912,0
912,1
913,0
913,1
915,0
915,1
915,2
915,3
915,4
915,5
915,6
915,7
915,8
915,9
915,10
915,11
915,12
915,13
915,14
915,15
917,0
917,1
918,0
918,1
919,0
919,1
920,0
920,1
921,0
921,1
922,0
922,1
923,0
923,1
924,0
924,1
926,0
926,1
926,2
926,3
926,4
926,5
926,6
926,7
928,0
928,1
929,0
929,1
930,0
930,1
931,0
931,1
933,0
933,1
933,2
933,3
935,0
935,1
936,0
936,1
938,0
938,1
941,0
941,1
941,2
941,3
941,4
941,5
941,6
941,7
941,8
941,9
941,10
941,11
941,12
941,13
941,14
941,15
941,16
941,17
941,18
941,19
945,0
945,1
945,2
945,3
945,4
945,5
945,6
945,7
945,8
945,9
945,10
945,11
945,12
945,13
945,14
945,15
945,16
945,17
946,0
946,1
946,2
946,3
946,4
946,5
946,6
946,7
946,8
946,9
946,10
946,11
946,12
946,13
946,14
946,15
946,16
946,17
948,0
948,1
948,2
948,3
948,4
948,5
948,6
948,7
948,8
948,9
948,10
948,11
948,12
948,13
948,14
948,15
948,16
948,17
950,0
950,1
951,0
951,1
952,0
952,1
953,0
953,1
955,0
955,1
955,2
955,3
955,4
955,5
955,6
955,7
955,8
955,9
955,10
955,11
955,12
955,13
955,14
955,15
955,16
955,17
955,18
955,19
955,20
955,21
955,22
955,23
955,24
955,25
955,26
955,27
955,28
955,29
955,30
955,31
957,0
957,1
958,0
958,1
959,0
959,1
960,0
960,1
961,0
961,1
962,0
962,1
963,0
963,1
964,0
964,1
965,0
965,1
966,0
966,1
967,0
967,1
968,0
968,1
969,0
969,1
970,0
970,1
971,0
971,1
972,0
972,1
974,0
974,1
974,2
974,3
974,4
974,5
974,6
974,7
974,8
974,9
974,10
974,11
974,12
974,13
974,14
974,15
976,0
976,1
977,0
977,1
978,0
978,1
979,0
979,1
980,0
980,1
981,0
981,1
982,0
982,1
983,0
983,1
985,0
985,1
985,2
985,3
985,4
985,5
985,6
985,7
987,0
987,1
988,0
988,1
989,0
989,1
990,0
990,1
992,0
992,1
992,2
992,3
994,0
994,1
995,0
995,1
997,0
997,1
1000,0
1000,1
1000,2
1000,3
1000,4
1000,5
1000,6
1000,7
1000,8
1000,9
1000,10
1000,11
1000,12
1000,13
1000,14
1000,15
1000,16
1000,17
1004,0
1004,1
1004,2
1004,3
1004,4
1004,5
1004,6
1004,7
1004,8
1004,9
1004,10
1004,11
1006,0
1006,1
1007,0
1007,1
1008,0
1008,1
1009,0
1009,1
1011,0
1011,1
1012,0
1012,1
1013,0
1013,1
1014,0
1014,1
1016,0
1016,1
1017,0
1017,1
1018,0
1018,1
1019,0
1019,1
1021,0
1021,1
1022,0
1022,1
1023,0
1023,1
1024,0
1024,1
1026,0
1026,1
1027,0
1027,1
1029,0
1029,1
1032,0
1032,1
1032,2
1032,3
1032,4
1032,5
1032,6
1032,7
1032,8
1032,9
1032,10
1032,11
1036,0
1036,1
1039,0
1039,1
1039,2
1039,3
1039,4
1039,5
1039,6
1039,7
1039,8
1039,9
1039,10
1039,11
1039,12
1039,13
1039,14
1039,15
1039,16
1039,17
1039,18
1039,19
1040,0
1040,1
1040,2
1040,3
1040,4
1040,5
1040,6
1040,7
1040,8
1040,9
1040,10
1040,11
1040,12
1040,13
1040,14
1040,15
1040,16
1040,17
1040,18
1040,19
1040,20
1040,21
1042,0
1042,1
1042,2
1042,3
1042,4
1042,5
1042,6
1042,7
1042,8
1042,9
1042,10
1042,11
1042,12
1042,13
1042,14
1042,15
1042,16
1042,17
1042,18
1042,19
1042,20
1042,21
1044,0
1044,1
1045,0
1045,1
1047,0
1047,1
1048,0
1048,1
1049,0
1049,1
1050,0
1050,1
1051,0
1051,1
1052,0
1052,1
1053,0
1053,1
1054,0
1054,1
1055,0
1055,1
1056,0
1056,1
1057,0
1057,1
1058,0
1058,1
1059,0
1059,1
1060,0
1060,1
1061,0
1061,1
1062,0
1062,1
1064,0
1064,1
1065,0
1065,1
1066,0
1066,1
1067,0
1067,1
1068,0
1068,1
1069,0
1069,1
1070,0
1070,1
1071,0
1071,1
1073,0
1073,1
1074,0
1074,1
1075,0
1075,1
1076,0
1076,1
1077,0
1077,1
1078,0
1078,1
1079,0
1079,1
1080,0
1080,1
1082,0
1082,1
1083,0
1083,1
1084,0
1084,1
1085,0
1085,1
1087,0
1087,1
1088,0
1088,1
1090,0
1090,1
1093,0
1093,1
1093,2
1093,3
1093,4
1093,5
1093,6
1093,7
1093,8
1093,9
1093,10
1093,11
1093,12
1093,13
1093,14
1093,15
1093,16
1093,17
1093,18
1093,19
1097,0
1097,1
1097,2
1097,3
1097,4
1097,5
1097,6
1097,7
1097,8
1097,9
1097,10
1097,11
1097,12
1097,13
1097,14
1097,15
1097,16
1097,17
1099,0
1099,1
1100,0
1100,1
1102,0
1102,1
1103,0
1103,1
1104,0
1104,1
1105,0
1105,1
1106,0
1106,1
1107,0
1107,1
1108,0
1108,1
1109,0
1109,1
1111,0
1111,1
1112,0
1112,1
1113,0
1113,1
1114,0
1114,1
1116,0
1116,1
1117,0
1117,1
1119,0
1119,1
1122,0
1122,1
1122,2
1122,3
1122,4
1122,5
1122,6
1122,7
1122,8
1122,9
1122,10
1122,11
1122,12
1122,13
1122,14
1122,15
1122,16
1122,17
1126,0
1126,1
1126,2
1126,3
1126,4
1126,5
1126,6
1126,7
1126,8
1126,9
1126,10
1126,11
1126,12
1126,13
1126,14
1126,15
1128,0
1128,1
1129,0
1129,1
1130,0
1130,1
1131,0
1131,1
1132,0
1132,1
1133,0
1133,1
1134,0
1134,1
1135,0
1135,1
1137,0
1137,1
1138,0
1138,1
1139,0
1139,1
1140,0
1140,1
1142,0
1142,1
1143,0
1143,1
1145,0
1145,1
1148,0
1148,1
1148,2
1148,3
1148,4
1148,5
1148,6
1148,7
1148,8
1148,9
1148,10
1148,11
1148,12
1148,13
1148,14
1148,15
1152,0
1152,1
1152,2
1152,3
1152,4
1152,5
1152,6
1152,7
1152,8
1152,9
1152,10
1152,11
1152,12
1152,13
1152,14
1152,15
1154,0
1154,1
1155,0
1155,1
1156,0
1156,1
1157,0
1157,1
1158,0
1158,1
1159,0
1159,1
1160,0
1160,1
1161,0
1161,1
1163,0
1163,1
1164,0
1164,1
1165,0
1165,1
1166,0
1166,1
1168,0
1168,1
1169,0
1169,1
1171,0
1171,1
1174,0
1174,1
1174,2
1174,3
1174,4
1174,5
1174,6
1174,7
1174,8
1174,9
1174,10
1174,11
1174,12
1174,13
1174,14
1174,15
1176,0
1176,1
1176,2
1176,3
1176,4
1176,5
1176,6
1176,7
1177,0
1177,1
1177,2
1177,3
1177,4
1177,5
1177,6
1177,7
1181,0
1181,1
1181,2
1181,3
1181,4
1181,5
1181,6
1181,7
1181,8
1181,9
1181,10
1181,11
1181,12
1181,13
1181,14
1181,15
1183,0
1183,1
1184,0
1184,1
1185,0
1185,1
1186,0
1186,1
1187,0
1187,1
1188,0
1188,1
1189,0
1189,1
1190,0
1190,1
1192,0
1192,1
1193,0
1193,1
1194,0
1194,1
1195,0
1195,1
1197,0
1197,1
1198,0
1198,1
1200,0
1200,1
1203,0
1203,1
1203,2
1203,3
1203,4
1203,5
1203,6
1203,7
1203,8
1203,9
1203,10
1203,11
1203,12
1203,13
1203,14
1203,15
1203,16
1203,17
1207,0
1207,1
1207,2
1207,3
1207,4
1207,5
1207,6
1207,7
1207,8
1207,9
1207,10
1207,11
1207,12
1207,13
1207,14
1207,15
1209,0
1209,1
1210,0
1210,1
1211,0
1211,1
1212,0
1212,1
1213,0
1213,1
1214,0
1214,1
1215,0
1215,1
1216,0
1216,1
1218,0
1218,1
1219,0
1219,1
1220,0
1220,1
1221,0
1221,1
1223,0
1223,1
1224,0
1224,1
1226,0
1226,1
1229,0
1229,1
1229,2
1229,3
1229,4
1229,5
1229,6
1229,7
1229,8
1229,9
1229,10
1229,11
1229,12
1229,13
1229,14
1229,15
1233,0
1233,1
1233,2
1233,3
1233,4
1233,5
1233,6
1233,7
1233,8
1233,9
1233,10
1233,11
1235,0
1235,1
1236,0
1236,1
1237,0
1237,1
1238,0
1238,1
1240,0
1240,1
1241,0
1241,1
1242,0
1242,1
1243,0
1243,1
1245,0
1245,1
1246,0
1246,1
1247,0
1247,1
1248,0
1248,1
1250,0
1250,1
1251,0
1251,1
1252,0
1252,1
1253,0
1253,1
1255,0
1255,1
1256,0
1256,1
1258,0
1258,1
1261,0
1261,1
1261,2
1261,3
1261,4
1261,5
1261,6
1261,7
1261,8
1261,9
1261,10
1261,11
1263,0
1263,1
1263,2
1263,3
1263,4
1263,5
1264,0
1264,1
1264,2
1264,3
1264,4
1264,5
1268,0
1268,1
1271,0
1271,1
1271,2
1271,3
1271,4
1271,5
1271,6
1271,7
1271,8
1271,9
1271,10
1271,11
1271,12
1271,13
1271,14
1271,15
1271,16
1271,17
1271,18
1271,19
1272,0
1272,1
1272,2
1272,3
1272,4
1272,5
1272,6
1272,7
1272,8
1272,9
1272,10
1272,11
1272,12
1272,13
1272,14
1272,15
1272,16
1272,17
1272,18
1272,19
1272,20
1272,21
1274,0
1274,1
1274,2
1274,3
1274,4
1274,5
1274,6
1274,7
1274,8
1274,9
1274,10
1274,11
1274,12
1274,13
1274,14
1274,15
1274,16
1274,17
1274,18
1274,19
1274,20
1274,21
1276,0
1276,1
1277,0
1277,1
1278,0
1278,1
1279,0
1279,1
1280,0
1280,1
1281,0
1281,1
1282,0
1282,1
1283,0
1283,1
1284,0
1284,1
1285,0
1285,1
1287,0
1287,1
1288,0
1288,1
1289,0
1289,1
1290,0
1290,1
1291,0
1291,1
1292,0
1292,1
1293,0
1293,1
1294,0
1294,1
1295,0
1295,1
1296,0
1296,1
1297,0
1297,1
1298,0
1298,1
1299,0
1299,1
1300,0
1300,1
1301,0
1301,1
1302,0
1302,1
1304,0
1304,1
1305,0
1305,1
1306,0
1306,1
1307,0
1307,1
1308,0
1308,1
1309,0
1309,1
1310,0
1310,1
1311,0
1311,1
1313,0
1313,1
1314,0
1314,1
1315,0
1315,1
1316,0
1316,1
1318,0
1318,1
1319,0
1319,1
1321,0
1321,1
1324,0
1324,1
1324,2
1324,3
1324,4
1324,5
1324,6
1324,7
1324,8
1324,9
1324,10
1324,11
1324,12
1324,13
1324,14
1324,15
1324,16
1324,17
1324,18
1324,19
1328,0
1328,1
1328,2
1328,3
1328,4
1328,5
1328,6
1328,7
1328,8
1328,9
1328,10
1328,11
1328,12
1328,13
1328,14
1328,15
1330,0
1330,1
1331,0
1331,1
1332,0
1332,1
1333,0
1333,1
1334,0
1334,1
1335,0
1335,1
1336,0
1336,1
1337,0
1337,1
1339,0
1339,1
1340,0
1340,1
1341,0
1341,1
1342,0
1342,1
1344,0
1344,1
1345,0
1345,1
1347,0
1347,1
1350,0
1350,1
1350,2
1350,3
1350,4
1350,5
1350,6
1350,7
1350,8
1350,9
1350,10
1350,11
1350,12
1350,13
1350,14
1350,15
1354,0
1354,1
1354,2
1354,3
1354,4
1354,5
1354,6
1354,7
1354,8
1354,9
1356,0
1356,1
1357,0
1357,1
1359,0
1359,1
1360,0
1360,1
1361,0
1361,1
1362,0
1362,1
1364,0
1364,1
1365,0
1365,1
1367,0
1367,1
1370,0
1370,1
1370,2
1370,3
1370,4
1370,5
1370,6
1370,7
1370,8
1370,9
1374,0
1374,1
1374,2
1374,3
1374,4
1374,5
1374,6
1374,7
1374,8
1374,9
1374,10
1374,11
1374,12
1374,13
1374,14
1374,15
1374,16
1374,17
1379,0
1379,1
1379,2
1379,3
1379,4
1379,5
1379,6
1379,7
1379,8
1379,9
1379,10
1379,11
1379,12
1379,13
1379,14
1379,15
1379,16
1381,0
1381,1
1381,2
1381,3
1381,4
1381,5
1381,6
1381,7
1381,8
1381,9
1381,10
1381,11
1381,12
1381,13
1381,14
1381,15
1381,16
1383,0
1383,1
1385,0
1385,1
1386,0
1386,1
1387,0
1387,1
1388,0
1388,1
1389,0
1389,1
1390,0
1390,1
1391,0
1391,1
1392,0
1392,1
1394,0
1394,1
1395,0
1395,1
1396,0
1396,1
1397,0
1397,1
1399,0
1399,1
1400,0
1400,1
1402,0
1402,1
1405,0
1405,1
1405,2
1405,3
1405,4
1405,5
1405,6
1405,7
1405,8
1405,9
1406,0
1406,1
1406,2
1406,3
1406,4
1406,5
1406,6
1406,7
1406,8
1406,9
1408,0
1408,1
1409,0
1409,1
1412,0
1412,1
1413,0
1413,1
1415,0
1415,1
1416,0
1416,1
1418,0
1418,1
1419,0
1419,1
1421,0
1421,1
1422,0
1422,1
1424,0
1424,1
1426,0
1426,1
1430,0
1430,1
1430,2
1430,3
1430,4
1430,5
1430,6
1430,7
1430,8
1430,9
1430,10
1430,11
1430,12
1430,13
1430,14
1430,15
1430,16
1430,17
1432,0
1432,1
1433,0
1433,1
1434,0
1434,1
1435,0
1435,1
1437,0
1437,1
1437,2
1437,3
1439,0
1439,1
1440,0
1440,1
1442,0
1442,1
1444,0
1444,1
1449,0
1449,1
1449,2
1449,3
1449,4
1449,5
1449,6
1449,7
1449,8
1449,9
1451,0
1451,1
1452,0
1452,1
1454,0
1454,1
1456,0
1456,1
1457,0
1457,1
1459,0
1459,1
1461,0
1461,1
1465,0
1465,1
1465,2
1465,3
1465,4
1465,5
1465,6
1465,7
1465,8
1465,9
1465,10
1465,11
1467,0
1467,1
1467,2
1467,3
1467,4
1467,5
1468,0
1468,1
1468,2
1468,3
1468,4
1468,5
1474,0
1474,1
1474,2
1474,3
1474,4
1474,5
1474,6
1474,7
1474,8
1474,9
1474,10
1474,11
1474,12
1474,13
1474,14
1474,15
1474,16
1474,17
1474,18
1474,19
1474,20
1474,21
1474,22
1474,23
1474,24
1474,25
1474,26
1474,27
1474,28
1474,29
1478,0
1478,1
1478,2
1478,3
1478,4
1478,5
1478,6
1478,7
1478,8
1478,9
1478,10
1478,11
1478,12
1478,13
1478,14
1478,15
1480,0
1480,1
1481,0
1481,1
1482,0
1482,1
1483,0
1483,1
1485,0
1485,1
1485,2
1485,3
1487,0
1487,1
1488,0
1488,1
1490,0
1490,1
1492,0
1492,1
1496,0
1496,1
1496,2
1496,3
1496,4
1496,5
1496,6
1496,7
1496,8
1496,9
1496,10
1496,11
1496,12
1496,13
1496,14
1496,15
1496,16
1496,17
1496,18
1496,19
1498,0
1498,1
1498,2
1498,3
1499,0
1499,1
1499,2
1499,3
1501,0
1501,1
1503,0
1503,1
1510,0
1510,1
1510,2
1510,3
1510,4
1510,5
1510,6
1510,7
1510,8
1510,9
1510,10
1510,11
1510,12
1510,13
1510,14
1510,15
1510,16
1510,17
1510,18
1510,19
1510,20
1510,21
1510,22
1510,23
1510,24
1510,25
1510,26
1510,27
1510,28
1510,29
1510,30
1510,31
1510,32
1510,33
1510,34
1510,35
1510,36
1510,37
1510,38
1510,39
1510,40
1510,41
1510,42
1510,43
1510,44
1510,45
1510,46
1510,47
