1
14
70
81
102
105
150
225
235
248
277
301
314
334
337
353
366
380
396
400
422
428
446
450
453
663
777
857
860
863
866
869
877
885
894
897
956
1015
1018
1022
1077
1080
1083
1088
1092
1120
1124
1127
1181
1184
1188
1213
1217
1239
1243
1265
1272
1294
1298
1320
1324
1352
1359
1362
1415
1418
1421
1430
1452
1456
1472
1476
1480
1492
1516
1541
1558
1576
1579
1591
1607
1615
1619
1622
1628
1631
1635
1645
1656
1659
1690
1693
