3,0
3,1
3,2
3,3
3,4
3,5
3,6
3,7
5,0
5,1
5,2
5,3
6,0
6,1
6,2
6,3
8,0
8,1
9,0
9,1
11,0
11,1
13,0
13,1
16,0
16,1
16,2
16,3
17,0
17,1
17,2
18,0
18,1
18,2
18,3
19,0
19,1
19,2
19,3
19,4
19,5
19,6
19,7
19,8
19,9
19,10
19,11
19,12
19,13
19,14
19,15
20,0
20,1
20,2
20,3
20,4
22,0
22,1
22,2
22,3
22,4
22,5
23,0
23,1
23,2
24,0
24,1
24,2
24,3
24,4
24,5
24,6
24,7
24,8
25,0
25,1
26,0
26,1
26,2
27,0
27,1
27,2
27,3
28,0
28,1
29,0
30,0
30,1
32,0
32,1
32,2
32,3
33,0
33,1
33,2
33,3
34,0
34,1
34,2
34,3
35,0
35,1
35,2
35,3
36,0
36,1
36,2
36,3
37,0
37,1
37,2
37,3
38,0
38,1
38,2
38,3
39,0
39,1
39,2
39,3
41,0
41,1
41,2
41,3
42,0
42,1
42,2
42,3
43,0
43,1
43,2
43,3
44,0
44,1
44,2
44,3
45,0
45,1
45,2
45,3
46,0
46,1
46,2
46,3
47,0
47,1
47,2
47,3
48,0
48,1
48,2
48,3
50,0
50,1
51,0
51,1
52,0
52,1
53,0
53,1
54,0
54,1
55,0
55,1
56,0
56,1
57,0
57,1
59,0
59,1
60,0
60,1
61,0
61,1
62,0
62,1
64,0
64,1
65,0
65,1
67,0
67,1
69,0
69,1
72,0
72,1
73,0
73,1
75,0
75,1
76,0
76,1
78,0
78,1
80,0
80,1
83,0
83,1
83,2
83,3
84,0
84,1
84,2
84,3
85,0
85,1
85,2
85,3
86,0
86,1
86,2
86,3
88,0
88,1
88,2
88,3
89,0
89,1
89,2
89,3
90,0
90,1
90,2
90,3
91,0
91,1
91,2
91,3
93,0
93,1
94,0
94,1
95,0
95,1
96,0
96,1
98,0
98,1
99,0
99,1
101,0
101,1
104,0
104,1
107,0
107,1
107,2
107,3
108,0
108,1
108,2
108,3
109,0
109,1
109,2
109,3
110,0
110,1
110,2
110,3
111,0
111,1
111,2
111,3
112,0
112,1
112,2
112,3
113,0
113,1
113,2
113,3
114,0
114,1
114,2
114,3
116,0
116,1
116,2
116,3
117,0
117,1
117,2
117,3
118,0
118,1
118,2
118,3
119,0
119,1
119,2
119,3
120,0
120,1
120,2
120,3
121,0
121,1
121,2
121,3
122,0
122,1
122,2
122,3
123,0
123,1
123,2
123,3
125,0
125,1
125,2
125,3
125,4
125,5
125,6
125,7
126,0
126,1
126,2
126,3
126,4
126,5
126,6
126,7
128,0
128,1
129,0
129,1
130,0
130,1
131,0
131,1
132,0
132,1
133,0
133,1
134,0
134,1
135,0
135,1
137,0
137,1
137,2
137,3
137,4
137,5
137,6
137,7
139,0
139,1
140,0
140,1
141,0
141,1
142,0
142,1
144,0
144,1
144,2
144,3
146,0
146,1
147,0
147,1
149,0
149,1
152,0
152,1
152,2
152,3
153,0
153,1
153,2
153,3
154,0
154,1
154,2
154,3
155,0
155,1
155,2
155,3
156,0
156,1
156,2
156,3
157,0
157,1
157,2
157,3
158,0
158,1
158,2
158,3
159,0
159,1
159,2
159,3
160,0
160,1
160,2
160,3
161,0
161,1
161,2
161,3
162,0
162,1
162,2
162,3
163,0
163,1
163,2
163,3
164,0
164,1
164,2
164,3
164,4
164,5
164,6
164,7
166,0
166,1
166,2
166,3
167,0
167,1
167,2
167,3
168,0
168,1
168,2
168,3
169,0
169,1
169,2
169,3
170,0
170,1
170,2
170,3
171,0
171,1
171,2
171,3
172,0
172,1
172,2
172,3
173,0
173,1
173,2
173,3
174,0
174,1
174,2
174,3
175,0
175,1
175,2
175,3
176,0
176,1
176,2
176,3
177,0
177,1
177,2
177,3
179,0
179,1
179,2
179,3
179,4
179,5
179,6
179,7
181,0
181,1
181,2
181,3
181,4
181,5
181,6
181,7
181,8
181,9
181,10
181,11
181,12
181,13
181,14
181,15
182,0
182,1
182,2
182,3
182,4
182,5
182,6
182,7
182,8
182,9
182,10
182,11
182,12
182,13
182,14
182,15
184,0
184,1
185,0
185,1
186,0
186,1
187,0
187,1
188,0
188,1
189,0
189,1
190,0
190,1
191,0
191,1
192,0
192,1
193,0
193,1
194,0
194,1
195,0
195,1
196,0
196,1
197,0
197,1
198,0
198,1
199,0
199,1
201,0
201,1
201,2
201,3
201,4
201,5
201,6
201,7
201,8
201,9
201,10
201,11
201,12
201,13
201,14
201,15
203,0
203,1
204,0
204,1
205,0
205,1
206,0
206,1
207,0
207,1
208,0
208,1
209,0
209,1
210,0
210,1
212,0
212,1
212,2
212,3
212,4
212,5
212,6
212,7
214,0
214,1
215,0
215,1
216,0
216,1
217,0
217,1
219,0
219,1
219,2
219,3
221,0
221,1
222,0
222,1
224,0
224,1
227,0
227,1
227,2
227,3
229,0
229,1
230,0
230,1
232,0
232,1
234,0
234,1
237,0
237,1
237,2
237,3
237,4
237,5
239,0
239,1
239,2
240,0
240,1
240,2
242,0
242,1
243,0
243,1
245,0
245,1
247,0
247,1
250,0
250,1
250,2
250,3
250,4
250,5
250,6
250,7
250,8
250,9
251,0
251,1
253,0
253,1
253,2
254,0
254,1
254,2
255,0
255,1
255,2
256,0
256,1
256,2
258,0
258,1
258,2
258,3
259,0
259,1
259,2
259,3
260,0
260,1
260,2
260,3
262,0
262,1
262,2
264,0
264,1
266,0
266,1
267,0
267,1
268,0
268,1
269,0
269,1
271,0
271,1
272,0
272,1
274,0
274,1
276,0
276,1
279,0
279,1
279,2
279,3
279,4
279,5
279,6
279,7
279,8
279,9
279,10
279,11
279,12
279,13
279,14
279,15
281,0
281,1
281,2
281,3
282,0
282,1
282,2
282,3
283,0
283,1
283,2
283,3
284,0
284,1
284,2
284,3
286,0
286,1
286,2
286,3
286,4
286,5
286,6
286,7
288,0
288,1
289,0
289,1
290,0
290,1
291,0
291,1
293,0
293,1
293,2
293,3
295,0
295,1
296,0
296,1
298,0
298,1
300,0
300,1
303,0
303,1
303,2
303,3
303,4
303,5
303,6
303,7
305,0
305,1
305,2
305,3
306,0
306,1
306,2
306,3
308,0
308,1
309,0
309,1
311,0
311,1
313,0
313,1
316,0
316,1
316,2
316,3
316,4
316,5
316,6
316,7
316,8
316,9
316,10
316,11
316,12
316,13
318,0
318,1
319,0
319,1
320,0
320,1
321,0
321,1
322,0
322,1
323,0
323,1
325,0
325,1
326,0
326,1
327,0
327,1
328,0
328,1
330,0
330,1
331,0
331,1
333,0
333,1
336,0
336,1
336,2
336,3
336,4
336,5
336,6
336,7
336,8
336,9
336,10
336,11
336,12
336,13
339,0
339,1
339,2
339,3
339,4
339,5
339,6
339,7
341,0
341,1
342,0
342,1
343,0
343,1
344,0
344,1
346,0
346,1
347,0
347,1
349,0
349,1
351,0
351,1
355,0
355,1
355,2
355,3
355,4
355,5
356,0
356,1
356,2
356,3
356,4
356,5
356,6
356,7
356,8
356,9
356,10
357,0
357,1
357,2
357,3
357,4
357,5
357,6
357,7
357,8
357,9
357,10
357,11
357,12
357,13
359,0
359,1
359,2
359,3
359,4
359,5
360,0
360,1
360,2
360,3
360,4
361,0
361,1
361,2
361,3
361,4
361,5
361,6
361,7
361,8
361,9
361,10
361,11
361,12
361,13
361,14
363,0
363,1
363,2
363,3
363,4
363,5
363,6
363,7
363,8
363,9
363,10
365,0
365,1
365,2
365,3
365,4
365,5
368,0
368,1
368,2
368,3
368,4
368,5
369,0
369,1
369,2
369,3
369,4
369,5
369,6
369,7
369,8
369,9
369,10
370,0
370,1
370,2
370,3
370,4
370,5
370,6
370,7
370,8
370,9
370,10
370,11
370,12
370,13
372,0
372,1
372,2
372,3
372,4
372,5
373,0
373,1
373,2
373,3
373,4
374,0
374,1
374,2
374,3
374,4
374,5
374,6
374,7
374,8
374,9
374,10
374,11
374,12
374,13
374,14
376,0
376,1
376,2
376,3
376,4
376,5
376,6
376,7
376,8
378,0
378,1
378,2
378,3
378,4
378,5
382,0
382,1
382,2
382,3
382,4
382,5
382,6
382,7
382,8
382,9
384,0
384,1
385,0
385,1
387,0
387,1
388,0
388,1
389,0
389,1
390,0
390,1
392,0
392,1
393,0
393,1
395,0
395,1
398,0
398,1
398,2
398,3
398,4
398,5
398,6
398,7
398,8
398,9
402,0
402,1
402,2
402,3
402,4
402,5
402,6
402,7
402,8
402,9
402,10
402,11
402,12
402,13
402,14
402,15
404,0
404,1
405,0
405,1
406,0
406,1
407,0
407,1
408,0
408,1
409,0
409,1
410,0
410,1
411,0
411,1
413,0
413,1
414,0
414,1
415,0
415,1
416,0
416,1
418,0
418,1
419,0
419,1
421,0
421,1
424,0
424,1
424,2
424,3
424,4
424,5
424,6
424,7
424,8
424,9
424,10
424,11
424,12
424,13
424,14
424,15
426,0
426,1
426,2
426,3
426,4
426,5
430,0
430,1
430,2
430,3
430,4
430,5
430,6
430,7
430,8
430,9
430,10
430,11
432,0
432,1
433,0
433,1
434,0
434,1
435,0
435,1
437,0
437,1
438,0
438,1
439,0
439,1
440,0
440,1
442,0
442,1
443,0
443,1
445,0
445,1
448,0
448,1
448,2
448,3
448,4
448,5
448,6
448,7
448,8
448,9
448,10
448,11
452,0
452,1
455,0
455,1
455,2
455,3
455,4
455,5
455,6
455,7
455,8
455,9
455,10
455,11
455,12
455,13
455,14
455,15
455,16
455,17
455,18
455,19
455,20
455,21
455,22
455,23
457,0
457,1
457,2
457,3
457,4
457,5
457,6
457,7
457,8
457,9
457,10
457,11
457,12
457,13
457,14
457,15
457,16
457,17
457,18
457,19
457,20
457,21
457,22
457,23
459,0
459,1
460,0
460,1
461,0
461,1
462,0
462,1
463,0
463,1
464,0
464,1
465,0
465,1
466,0
466,1
468,0
468,1
469,0
469,1
470,0
470,1
471,0
471,1
472,0
472,1
473,0
473,1
474,0
474,1
475,0
475,1
477,0
477,1
477,2
477,3
477,4
477,5
477,6
477,7
477,8
477,9
477,10
477,11
477,12
477,13
477,14
477,15
477,16
477,17
477,18
477,19
477,20
477,21
477,22
477,23
477,24
477,25
477,26
477,27
477,28
477,29
477,30
477,31
477,32
477,33
477,34
477,35
477,36
477,37
477,38
477,39
479,0
479,1
480,0
480,1
481,0
481,1
482,0
482,1
483,0
483,1
484,0
484,1
485,0
485,1
486,0
486,1
487,0
487,1
488,0
488,1
489,0
489,1
490,0
490,1
491,0
491,1
492,0
492,1
493,0
493,1
494,0
494,1
495,0
495,1
496,0
496,1
497,0
497,1
498,0
498,1
500,0
500,1
501,0
501,1
502,0
502,1
503,0
503,1
504,0
504,1
505,0
505,1
506,0
506,1
507,0
507,1
508,0
508,1
509,0
509,1
510,0
510,1
511,0
511,1
512,0
512,1
513,0
513,1
514,0
514,1
515,0
515,1
516,0
516,1
517,0
517,1
518,0
518,1
519,0
519,1
521,0
521,1
521,2
521,3
521,4
521,5
521,6
521,7
521,8
521,9
521,10
521,11
521,12
521,13
521,14
521,15
521,16
521,17
521,18
521,19
521,20
521,21
521,22
521,23
521,24
521,25
521,26
521,27
521,28
521,29
521,30
521,31
521,32
521,33
521,34
521,35
521,36
521,37
521,38
521,39
521,40
521,41
521,42
521,43
521,44
521,45
521,46
521,47
521,48
521,49
521,50
521,51
521,52
521,53
521,54
521,55
521,56
521,57
521,58
521,59
521,60
521,61
521,62
521,63
523,0
523,1
524,0
524,1
525,0
525,1
526,0
526,1
527,0
527,1
528,0
528,1
529,0
529,1
530,0
530,1
531,0
531,1
532,0
532,1
533,0
533,1
534,0
534,1
535,0
535,1
536,0
536,1
537,0
537,1
538,0
538,1
539,0
539,1
540,0
540,1
541,0
541,1
542,0
542,1
543,0
543,1
544,0
544,1
545,0
545,1
546,0
546,1
547,0
547,1
548,0
548,1
549,0
549,1
550,0
550,1
551,0
551,1
552,0
552,1
553,0
553,1
554,0
554,1
556,0
556,1
557,0
557,1
558,0
558,1
559,0
559,1
560,0
560,1
561,0
561,1
562,0
562,1
563,0
563,1
564,0
564,1
565,0
565,1
566,0
566,1
567,0
567,1
568,0
568,1
569,0
569,1
570,0
570,1
571,0
571,1
572,0
572,1
573,0
573,1
574,0
574,1
575,0
575,1
576,0
576,1
577,0
577,1
578,0
578,1
579,0
579,1
580,0
580,1
581,0
581,1
582,0
582,1
583,0
583,1
584,0
584,1
585,0
585,1
586,0
586,1
587,0
587,1
589,0
589,1
589,2
589,3
589,4
589,5
589,6
589,7
589,8
589,9
589,10
589,11
589,12
589,13
589,14
589,15
589,16
589,17
589,18
589,19
589,20
589,21
589,22
589,23
589,24
589,25
589,26
589,27
589,28
589,29
589,30
589,31
591,0
591,1
592,0
592,1
593,0
593,1
594,0
594,1
595,0
595,1
596,0
596,1
597,0
597,1
598,0
598,1
599,0
599,1
600,0
600,1
601,0
601,1
602,0
602,1
603,0
603,1
604,0
604,1
605,0
605,1
606,0
606,1
608,0
608,1
609,0
609,1
610,0
610,1
611,0
611,1
612,0
612,1
613,0
613,1
614,0
614,1
615,0
615,1
616,0
616,1
617,0
617,1
618,0
618,1
619,0
619,1
620,0
620,1
621,0
621,1
622,0
622,1
623,0
623,1
625,0
625,1
625,2
625,3
625,4
625,5
625,6
625,7
625,8
625,9
625,10
625,11
625,12
625,13
625,14
625,15
627,0
627,1
628,0
628,1
629,0
629,1
630,0
630,1
631,0
631,1
632,0
632,1
633,0
633,1
634,0
634,1
636,0
636,1
637,0
637,1
638,0
638,1
639,0
639,1
640,0
640,1
641,0
641,1
642,0
642,1
643,0
643,1
645,0
645,1
645,2
645,3
645,4
645,5
645,6
645,7
647,0
647,1
648,0
648,1
649,0
649,1
650,0
650,1
652,0
652,1
653,0
653,1
654,0
654,1
655,0
655,1
657,0
657,1
657,2
657,3
659,0
659,1
660,0
660,1
662,0
662,1
665,0
665,1
665,2
665,3
665,4
665,5
665,6
665,7
665,8
665,9
665,10
665,11
665,12
665,13
665,14
665,15
665,16
665,17
665,18
665,19
665,20
665,21
665,22
665,23
665,24
665,25
665,26
665,27
665,28
665,29
665,30
665,31
665,32
665,33
665,34
665,35
665,36
665,37
665,38
665,39
665,40
665,41
665,42
665,43
665,44
665,45
665,46
665,47
665,48
665,49
665,50
665,51
665,52
665,53
665,54
665,55
665,56
665,57
665,58
665,59
665,60
665,61
665,62
665,63
665,64
665,65
665,66
665,67
665,68
665,69
665,70
665,71
666,0
666,1
666,2
666,3
666,4
666,5
666,6
666,7
666,8
666,9
666,10
666,11
666,12
666,13
666,14
666,15
666,16
666,17
666,18
666,19
668,0
668,1
668,2
668,3
668,4
668,5
668,6
668,7
668,8
668,9
668,10
668,11
668,12
668,13
668,14
668,15
668,16
668,17
668,18
668,19
668,20
668,21
668,22
668,23
668,24
668,25
668,26
668,27
668,28
668,29
668,30
668,31
668,32
668,33
668,34
668,35
668,36
668,37
668,38
668,39
668,40
668,41
668,42
668,43
668,44
668,45
668,46
668,47
668,48
668,49
668,50
668,51
668,52
668,53
668,54
668,55
668,56
668,57
668,58
668,59
668,60
668,61
668,62
668,63
668,64
668,65
668,66
668,67
668,68
668,69
668,70
668,71
670,0
670,1
671,0
671,1
672,0
672,1
673,0
673,1
674,0
674,1
675,0
675,1
676,0
676,1
677,0
677,1
678,0
678,1
679,0
679,1
680,0
680,1
681,0
681,1
682,0
682,1
683,0
683,1
684,0
684,1
685,0
685,1
686,0
686,1
687,0
687,1
688,0
688,1
689,0
689,1
690,0
690,1
691,0
691,1
692,0
692,1
693,0
693,1
694,0
694,1
695,0
695,1
696,0
696,1
697,0
697,1
698,0
698,1
699,0
699,1
700,0
700,1
701,0
701,1
702,0
702,1
703,0
703,1
704,0
704,1
705,0
705,1
707,0
707,1
707,2
707,3
707,4
707,5
707,6
707,7
707,8
707,9
707,10
707,11
707,12
707,13
707,14
707,15
707,16
707,17
707,18
707,19
707,20
707,21
707,22
707,23
707,24
707,25
707,26
707,27
707,28
707,29
707,30
707,31
707,32
707,33
707,34
707,35
707,36
707,37
707,38
707,39
707,40
707,41
707,42
707,43
707,44
707,45
707,46
707,47
709,0
709,1
710,0
710,1
711,0
711,1
712,0
712,1
713,0
713,1
714,0
714,1
715,0
715,1
716,0
716,1
717,0
717,1
718,0
718,1
719,0
719,1
720,0
720,1
721,0
721,1
722,0
722,1
723,0
723,1
724,0
724,1
725,0
725,1
726,0
726,1
727,0
727,1
728,0
728,1
729,0
729,1
730,0
730,1
731,0
731,1
732,0
732,1
734,0
734,1
734,2
734,3
734,4
734,5
734,6
734,7
734,8
734,9
734,10
734,11
734,12
734,13
734,14
734,15
734,16
734,17
734,18
734,19
734,20
734,21
734,22
734,23
734,24
734,25
734,26
734,27
734,28
734,29
734,30
734,31
736,0
736,1
737,0
737,1
738,0
738,1
739,0
739,1
740,0
740,1
741,0
741,1
742,0
742,1
743,0
743,1
744,0
744,1
745,0
745,1
746,0
746,1
747,0
747,1
748,0
748,1
749,0
749,1
750,0
750,1
751,0
751,1
753,0
753,1
753,2
753,3
753,4
753,5
753,6
753,7
753,8
753,9
753,10
753,11
753,12
753,13
753,14
753,15
755,0
755,1
756,0
756,1
757,0
757,1
758,0
758,1
759,0
759,1
760,0
760,1
761,0
761,1
762,0
762,1
764,0
764,1
764,2
764,3
764,4
764,5
764,6
764,7
766,0
766,1
767,0
767,1
768,0
768,1
769,0
769,1
771,0
771,1
771,2
771,3
773,0
773,1
774,0
774,1
776,0
776,1
779,0
779,1
779,2
779,3
779,4
779,5
779,6
779,7
779,8
779,9
779,10
779,11
779,12
779,13
779,14
779,15
779,16
779,17
779,18
779,19
779,20
779,21
779,22
779,23
779,24
779,25
779,26
779,27
779,28
779,29
779,30
779,31
779,32
779,33
779,34
779,35
779,36
779,37
779,38
779,39
779,40
779,41
779,42
779,43
779,44
779,45
779,46
779,47
781,0
781,1
781,2
781,3
781,4
781,5
781,6
781,7
781,8
781,9
781,10
781,11
781,12
781,13
781,14
781,15
781,16
781,17
781,18
781,19
781,20
781,21
781,22
781,23
781,24
781,25
781,26
781,27
781,28
781,29
781,30
781,31
781,32
781,33
781,34
781,35
781,36
781,37
781,38
781,39
781,40
781,41
781,42
781,43
781,44
781,45
781,46
781,47
783,0
783,1
783,2
783,3
783,4
783,5
783,6
783,7
784,0
784,1
784,2
784,3
784,4
784,5
784,6
784,7
787,0
787,1
788,0
788,1
789,0
789,1
790,0
790,1
792,0
792,1
793,0
793,1
794,0
794,1
795,0
795,1
797,0
797,1
798,0
798,1
799,0
799,1
800,0
800,1
802,0
802,1
803,0
803,1
804,0
804,1
805,0
805,1
807,0
807,1
807,2
807,3
807,4
807,5
807,6
807,7
807,8
807,9
807,10
807,11
807,12
807,13
807,14
807,15
808,0
808,1
808,2
808,3
808,4
808,5
808,6
808,7
808,8
808,9
808,10
808,11
808,12
808,13
808,14
808,15
811,0
811,1
812,0
812,1
813,0
813,1
814,0
814,1
815,0
815,1
816,0
816,1
817,0
817,1
818,0
818,1
820,0
820,1
821,0
821,1
822,0
822,1
823,0
823,1
824,0
824,1
825,0
825,1
826,0
826,1
827,0
827,1
829,0
829,1
829,2
829,3
829,4
829,5
829,6
829,7
830,0
830,1
830,2
830,3
830,4
830,5
830,6
830,7
833,0
833,1
834,0
834,1
835,0
835,1
836,0
836,1
838,0
838,1
839,0
839,1
840,0
840,1
841,0
841,1
843,0
843,1
843,2
843,3
844,0
844,1
844,2
844,3
847,0
847,1
848,0
848,1
850,0
850,1
851,0
851,1
853,0
853,1
854,0
854,1
856,0
856,1
859,0
859,1
859,2
859,3
859,4
859,5
859,6
859,7
859,8
859,9
859,10
859,11
859,12
859,13
859,14
859,15
859,16
859,17
859,18
859,19
862,0
862,1
862,2
862,3
862,4
862,5
862,6
862,7
862,8
862,9
862,10
862,11
862,12
862,13
862,14
862,15
862,16
862,17
862,18
862,19
862,20
862,21
862,22
862,23
865,0
865,1
865,2
865,3
865,4
865,5
865,6
865,7
865,8
865,9
865,10
865,11
865,12
865,13
865,14
865,15
865,16
865,17
865,18
865,19
865,20
865,21
865,22
865,23
868,0
868,1
868,2
868,3
868,4
868,5
868,6
868,7
868,8
868,9
868,10
868,11
868,12
868,13
868,14
868,15
868,16
868,17
868,18
868,19
868,20
868,21
868,22
868,23
873,0
873,1
874,0
874,1
876,0
876,1
881,0
881,1
882,0
882,1
884,0
884,1
889,0
889,1
890,0
890,1
892,0
892,1
896,0
896,1
899,0
899,1
899,2
899,3
899,4
899,5
899,6
899,7
899,8
899,9
899,10
899,11
899,12
899,13
899,14
899,15
899,16
899,17
899,18
899,19
900,0
900,1
900,2
900,3
900,4
900,5
900,6
900,7
900,8
900,9
900,10
900,11
900,12
900,13
900,14
900,15
900,16
900,17
900,18
900,19
902,0
902,1
902,2
902,3
902,4
902,5
902,6
902,7
902,8
902,9
902,10
902,11
902,12
902,13
902,14
902,15
902,16
902,17
902,18
902,19
904,0
904,1
905,0
905,1
906,0
906,1
907,0
907,1
908,0
908,1
909,0
909,1
910,0
910,1
911,0
911,1
913,0
913,1
913,2
913,3
913,4
913,5
913,6
913,7
913,8
913,9
913,10
913,11
913,12
913,13
913,14
913,15
913,16
913,17
913,18
913,19
913,20
913,21
913,22
913,23
913,24
913,25
913,26
913,27
913,28
913,29
913,30
913,31
915,0
915,1
916,0
916,1
917,0
917,1
918,0
918,1
919,0
919,1
920,0
920,1
921,0
921,1
922,0
922,1
923,0
923,1
924,0
924,1
925,0
925,1
926,0
926,1
927,0
927,1
928,0
928,1
929,0
929,1
930,0
930,1
932,0
932,1
932,2
932,3
932,4
932,5
932,6
932,7
932,8
932,9
932,10
932,11
932,12
932,13
932,14
932,15
934,0
934,1
935,0
935,1
936,0
936,1
937,0
937,1
938,0
938,1
939,0
939,1
940,0
940,1
941,0
941,1
943,0
943,1
943,2
943,3
943,4
943,5
943,6
943,7
945,0
945,1
946,0
946,1
947,0
947,1
948,0
948,1
950,0
950,1
950,2
950,3
952,0
952,1
953,0
953,1
955,0
955,1
958,0
958,1
958,2
958,3
958,4
958,5
958,6
958,7
958,8
958,9
958,10
958,11
958,12
958,13
958,14
958,15
958,16
958,17
958,18
958,19
959,0
959,1
959,2
959,3
959,4
959,5
959,6
959,7
959,8
959,9
959,10
959,11
959,12
959,13
959,14
959,15
959,16
959,17
959,18
959,19
961,0
961,1
961,2
961,3
961,4
961,5
961,6
961,7
961,8
961,9
961,10
961,11
961,12
961,13
961,14
961,15
961,16
961,17
961,18
961,19
963,0
963,1
964,0
964,1
965,0
965,1
966,0
966,1
967,0
967,1
968,0
968,1
969,0
969,1
970,0
970,1
972,0
972,1
972,2
972,3
972,4
972,5
972,6
972,7
972,8
972,9
972,10
972,11
972,12
972,13
972,14
972,15
972,16
972,17
972,18
972,19
972,20
972,21
972,22
972,23
972,24
972,25
972,26
972,27
972,28
972,29
972,30
972,31
974,0
974,1
975,0
975,1
976,0
976,1
977,0
977,1
978,0
978,1
979,0
979,1
980,0
980,1
981,0
981,1
982,0
982,1
983,0
983,1
984,0
984,1
985,0
985,1
986,0
986,1
987,0
987,1
988,0
988,1
989,0
989,1
991,0
991,1
991,2
991,3
991,4
991,5
991,6
991,7
991,8
991,9
991,10
991,11
991,12
991,13
991,14
991,15
993,0
993,1
994,0
994,1
995,0
995,1
996,0
996,1
997,0
997,1
998,0
998,1
999,0
999,1
1000,0
1000,1
1002,0
1002,1
1002,2
1002,3
1002,4
1002,5
1002,6
1002,7
1004,0
1004,1
1005,0
1005,1
1006,0
1006,1
1007,0
1007,1
1009,0
1009,1
1009,2
1009,3
1011,0
1011,1
1012,0
1012,1
1014,0
1014,1
1017,0
1017,1
1017,2
1017,3
1017,4
1017,5
1017,6
1017,7
1017,8
1017,9
1017,10
1017,11
1017,12
1017,13
1017,14
1017,15
1017,16
1017,17
1017,18
1017,19
1020,0
1020,1
1020,2
1020,3
1020,4
1020,5
1020,6
1020,7
1020,8
1020,9
1020,10
1020,11
1020,12
1020,13
1020,14
1020,15
1020,16
1020,17
1020,18
1020,19
1024,0
1024,1
1024,2
1024,3
1024,4
1024,5
1024,6
1024,7
1024,8
1024,9
1024,10
1024,11
1024,12
1024,13
1024,14
1024,15
1024,16
1024,17
1025,0
1025,1
1025,2
1025,3
1025,4
1025,5
1025,6
1025,7
1025,8
1025,9
1025,10
1025,11
1025,12
1025,13
1025,14
1025,15
1025,16
1025,17
1027,0
1027,1
1027,2
1027,3
1027,4
1027,5
1027,6
1027,7
1027,8
1027,9
1027,10
1027,11
1027,12
1027,13
1027,14
1027,15
1027,16
1027,17
1029,0
1029,1
1030,0
1030,1
1031,0
1031,1
1032,0
1032,1
1034,0
1034,1
1034,2
1034,3
1034,4
1034,5
1034,6
1034,7
1034,8
1034,9
1034,10
1034,11
1034,12
1034,13
1034,14
1034,15
1034,16
1034,17
1034,18
1034,19
1034,20
1034,21
1034,22
1034,23
1034,24
1034,25
1034,26
1034,27
1034,28
1034,29
1034,30
1034,31
1036,0
1036,1
1037,0
1037,1
1038,0
1038,1
1039,0
1039,1
1040,0
1040,1
1041,0
1041,1
1042,0
1042,1
1043,0
1043,1
1044,0
1044,1
1045,0
1045,1
1046,0
1046,1
1047,0
1047,1
1048,0
1048,1
1049,0
1049,1
1050,0
1050,1
1051,0
1051,1
1053,0
1053,1
1053,2
1053,3
1053,4
1053,5
1053,6
1053,7
1053,8
1053,9
1053,10
1053,11
1053,12
1053,13
1053,14
1053,15
1055,0
1055,1
1056,0
1056,1
1057,0
1057,1
1058,0
1058,1
1059,0
1059,1
1060,0
1060,1
1061,0
1061,1
1062,0
1062,1
1064,0
1064,1
1064,2
1064,3
1064,4
1064,5
1064,6
1064,7
1066,0
1066,1
1067,0
1067,1
1068,0
1068,1
1069,0
1069,1
1071,0
1071,1
1071,2
1071,3
1073,0
1073,1
1074,0
1074,1
1076,0
1076,1
1079,0
1079,1
1079,2
1079,3
1079,4
1079,5
1079,6
1079,7
1079,8
1079,9
1079,10
1079,11
1079,12
1079,13
1079,14
1079,15
1079,16
1079,17
1082,0
1082,1
1082,2
1082,3
1082,4
1082,5
1082,6
1082,7
1082,8
1082,9
1082,10
1082,11
1082,12
1082,13
1082,14
1082,15
1082,16
1082,17
1087,0
1087,1
1090,0
1090,1
1094,0
1094,1
1094,2
1094,3
1094,4
1094,5
1094,6
1094,7
1094,8
1094,9
1094,10
1094,11
1096,0
1096,1
1097,0
1097,1
1098,0
1098,1
1099,0
1099,1
1101,0
1101,1
1102,0
1102,1
1103,0
1103,1
1104,0
1104,1
1106,0
1106,1
1107,0
1107,1
1108,0
1108,1
1109,0
1109,1
1111,0
1111,1
1112,0
1112,1
1113,0
1113,1
1114,0
1114,1
1116,0
1116,1
1117,0
1117,1
1119,0
1119,1
1122,0
1122,1
1122,2
1122,3
1122,4
1122,5
1122,6
1122,7
1122,8
1122,9
1122,10
1122,11
1126,0
1126,1
1129,0
1129,1
1129,2
1129,3
1129,4
1129,5
1129,6
1129,7
1129,8
1129,9
1129,10
1129,11
1129,12
1129,13
1129,14
1129,15
1129,16
1129,17
1129,18
1129,19
1130,0
1130,1
1130,2
1130,3
1130,4
1130,5
1130,6
1130,7
1130,8
1130,9
1130,10
1130,11
1130,12
1130,13
1130,14
1130,15
1130,16
1130,17
1130,18
1130,19
1130,20
1130,21
1132,0
1132,1
1132,2
1132,3
1132,4
1132,5
1132,6
1132,7
1132,8
1132,9
1132,10
1132,11
1132,12
1132,13
1132,14
1132,15
1132,16
1132,17
1132,18
1132,19
1132,20
1132,21
1134,0
1134,1
1135,0
1135,1
1137,0
1137,1
1138,0
1138,1
1139,0
1139,1
1140,0
1140,1
1141,0
1141,1
1142,0
1142,1
1143,0
1143,1
1144,0
1144,1
1145,0
1145,1
1146,0
1146,1
1147,0
1147,1
1148,0
1148,1
1149,0
1149,1
1150,0
1150,1
1151,0
1151,1
1152,0
1152,1
1154,0
1154,1
1155,0
1155,1
1156,0
1156,1
1157,0
1157,1
1158,0
1158,1
1159,0
1159,1
1160,0
1160,1
1161,0
1161,1
1163,0
1163,1
1164,0
1164,1
1165,0
1165,1
1166,0
1166,1
1167,0
1167,1
1168,0
1168,1
1169,0
1169,1
1170,0
1170,1
1172,0
1172,1
1173,0
1173,1
1174,0
1174,1
1175,0
1175,1
1177,0
1177,1
1178,0
1178,1
1180,0
1180,1
1183,0
1183,1
1183,2
1183,3
1183,4
1183,5
1183,6
1183,7
1183,8
1183,9
1183,10
1183,11
1183,12
1183,13
1183,14
1183,15
1183,16
1183,17
1183,18
1183,19
1186,0
1186,1
1186,2
1186,3
1186,4
1186,5
1186,6
1186,7
1186,8
1186,9
1186,10
1186,11
1186,12
1186,13
1186,14
1186,15
1186,16
1186,17
1186,18
1186,19
1186,20
1186,21
1190,0
1190,1
1190,2
1190,3
1190,4
1190,5
1190,6
1190,7
1190,8
1190,9
1190,10
1190,11
1190,12
1190,13
1190,14
1190,15
1190,16
1190,17
1192,0
1192,1
1193,0
1193,1
1195,0
1195,1
1196,0
1196,1
1197,0
1197,1
1198,0
1198,1
1199,0
1199,1
1200,0
1200,1
1201,0
1201,1
1202,0
1202,1
1204,0
1204,1
1205,0
1205,1
1206,0
1206,1
1207,0
1207,1
1209,0
1209,1
1210,0
1210,1
1212,0
1212,1
1215,0
1215,1
1215,2
1215,3
1215,4
1215,5
1215,6
1215,7
1215,8
1215,9
1215,10
1215,11
1215,12
1215,13
1215,14
1215,15
1215,16
1215,17
1219,0
1219,1
1219,2
1219,3
1219,4
1219,5
1219,6
1219,7
1219,8
1219,9
1219,10
1219,11
1219,12
1219,13
1219,14
1219,15
1221,0
1221,1
1222,0
1222,1
1223,0
1223,1
1224,0
1224,1
1225,0
1225,1
1226,0
1226,1
1227,0
1227,1
1228,0
1228,1
1230,0
1230,1
1231,0
1231,1
1232,0
1232,1
1233,0
1233,1
1235,0
1235,1
1236,0
1236,1
1238,0
1238,1
1241,0
1241,1
1241,2
1241,3
1241,4
1241,5
1241,6
1241,7
1241,8
1241,9
1241,10
1241,11
1241,12
1241,13
1241,14
1241,15
1245,0
1245,1
1245,2
1245,3
1245,4
1245,5
1245,6
1245,7
1245,8
1245,9
1245,10
1245,11
1245,12
1245,13
1245,14
1245,15
1247,0
1247,1
1248,0
1248,1
1249,0
1249,1
1250,0
1250,1
1251,0
1251,1
1252,0
1252,1
1253,0
1253,1
1254,0
1254,1
1256,0
1256,1
1257,0
1257,1
1258,0
1258,1
1259,0
1259,1
1261,0
1261,1
1262,0
1262,1
1264,0
1264,1
1267,0
1267,1
1267,2
1267,3
1267,4
1267,5
1267,6
1267,7
1267,8
1267,9
1267,10
1267,11
1267,12
1267,13
1267,14
1267,15
1269,0
1269,1
1269,2
1269,3
1269,4
1269,5
1269,6
1269,7
1270,0
1270,1
1270,2
1270,3
1270,4
1270,5
1270,6
1270,7
1274,0
1274,1
1274,2
1274,3
1274,4
1274,5
1274,6
1274,7
1274,8
1274,9
1274,10
1274,11
1274,12
1274,13
1274,14
1274,15
1276,0
1276,1
1277,0
1277,1
1278,0
1278,1
1279,0
1279,1
1280,0
1280,1
1281,0
1281,1
1282,0
1282,1
1283,0
1283,1
1285,0
1285,1
1286,0
1286,1
1287,0
1287,1
1288,0
1288,1
1290,0
1290,1
1291,0
1291,1
1293,0
1293,1
1296,0
1296,1
1296,2
1296,3
1296,4
1296,5
1296,6
1296,7
1296,8
1296,9
1296,10
1296,11
1296,12
1296,13
1296,14
1296,15
1296,16
1296,17
1300,0
1300,1
1300,2
1300,3
1300,4
1300,5
1300,6
1300,7
1300,8
1300,9
1300,10
1300,11
1300,12
1300,13
1300,14
1300,15
1302,0
1302,1
1303,0
1303,1
1304,0
1304,1
1305,0
1305,1
1306,0
1306,1
1307,0
1307,1
1308,0
1308,1
1309,0
1309,1
1311,0
1311,1
1312,0
1312,1
1313,0
1313,1
1314,0
1314,1
1316,0
1316,1
1317,0
1317,1
1319,0
1319,1
1322,0
1322,1
1322,2
1322,3
1322,4
1322,5
1322,6
1322,7
1322,8
1322,9
1322,10
1322,11
1322,12
1322,13
1322,14
1322,15
1326,0
1326,1
1326,2
1326,3
1326,4
1326,5
1326,6
1326,7
1326,8
1326,9
1326,10
1326,11
1328,0
1328,1
1329,0
1329,1
1330,0
1330,1
1331,0
1331,1
1333,0
1333,1
1334,0
1334,1
1335,0
1335,1
1336,0
1336,1
1338,0
1338,1
1339,0
1339,1
1340,0
1340,1
1341,0
1341,1
1343,0
1343,1
1344,0
1344,1
1345,0
1345,1
1346,0
1346,1
1348,0
1348,1
1349,0
1349,1
1351,0
1351,1
1354,0
1354,1
1354,2
1354,3
1354,4
1354,5
1354,6
1354,7
1354,8
1354,9
1354,10
1354,11
1356,0
1356,1
1356,2
1356,3
1356,4
1356,5
1357,0
1357,1
1357,2
1357,3
1357,4
1357,5
1361,0
1361,1
1364,0
1364,1
1364,2
1364,3
1364,4
1364,5
1364,6
1364,7
1364,8
1364,9
1364,10
1364,11
1364,12
1364,13
1364,14
1364,15
1364,16
1364,17
1364,18
1364,19
1365,0
1365,1
1365,2
1365,3
1365,4
1365,5
1365,6
1365,7
1365,8
1365,9
1365,10
1365,11
1365,12
1365,13
1365,14
1365,15
1365,16
1365,17
1365,18
1365,19
1365,20
1365,21
1367,0
1367,1
1367,2
1367,3
1367,4
1367,5
1367,6
1367,7
1367,8
1367,9
1367,10
1367,11
1367,12
1367,13
1367,14
1367,15
1367,16
1367,17
1367,18
1367,19
1367,20
1367,21
1369,0
1369,1
1370,0
1370,1
1371,0
1371,1
1372,0
1372,1
1373,0
1373,1
1374,0
1374,1
1375,0
1375,1
1376,0
1376,1
1377,0
1377,1
1378,0
1378,1
1380,0
1380,1
1381,0
1381,1
1382,0
1382,1
1383,0
1383,1
1384,0
1384,1
1385,0
1385,1
1386,0
1386,1
1387,0
1387,1
1388,0
1388,1
1389,0
1389,1
1390,0
1390,1
1391,0
1391,1
1392,0
1392,1
1393,0
1393,1
1394,0
1394,1
1395,0
1395,1
1397,0
1397,1
1398,0
1398,1
1399,0
1399,1
1400,0
1400,1
1401,0
1401,1
1402,0
1402,1
1403,0
1403,1
1404,0
1404,1
1406,0
1406,1
1407,0
1407,1
1408,0
1408,1
1409,0
1409,1
1411,0
1411,1
1412,0
1412,1
1414,0
1414,1
1417,0
1417,1
1417,2
1417,3
1417,4
1417,5
1417,6
1417,7
1417,8
1417,9
1417,10
1417,11
1417,12
1417,13
1417,14
1417,15
1417,16
1417,17
1417,18
1417,19
1420,0
1420,1
1420,2
1420,3
1420,4
1420,5
1420,6
1420,7
1420,8
1420,9
1420,10
1420,11
1420,12
1420,13
1420,14
1420,15
1420,16
1420,17
1420,18
1420,19
1420,20
1420,21
1425,0
1425,1
1426,0
1426,1
1428,0
1428,1
1432,0
1432,1
1432,2
1432,3
1432,4
1432,5
1432,6
1432,7
1432,8
1432,9
1432,10
1432,11
1432,12
1432,13
1432,14
1432,15
1434,0
1434,1
1435,0
1435,1
1436,0
1436,1
1437,0
1437,1
1438,0
1438,1
1439,0
1439,1
1440,0
1440,1
1441,0
1441,1
1443,0
1443,1
1444,0
1444,1
1445,0
1445,1
1446,0
1446,1
1448,0
1448,1
1449,0
1449,1
1451,0
1451,1
1454,0
1454,1
1454,2
1454,3
1454,4
1454,5
1454,6
1454,7
1454,8
1454,9
1454,10
1454,11
1454,12
1454,13
1454,14
1454,15
1458,0
1458,1
1458,2
1458,3
1458,4
1458,5
1458,6
1458,7
1458,8
1458,9
1460,0
1460,1
1461,0
1461,1
1463,0
1463,1
1464,0
1464,1
1465,0
1465,1
1466,0
1466,1
1468,0
1468,1
1469,0
1469,1
1471,0
1471,1
1474,0
1474,1
1474,2
1474,3
1474,4
1474,5
1474,6
1474,7
1474,8
1474,9
1478,0
1478,1
1478,2
1478,3
1478,4
1478,5
1478,6
1478,7
1478,8
1478,9
1478,10
1478,11
1478,12
1478,13
1478,14
1478,15
1478,16
1478,17
1482,0
1482,1
1482,2
1482,3
1482,4
1482,5
1482,6
1482,7
1484,0
1484,1
1484,2
1484,3
1485,0
1485,1
1485,2
1485,3
1487,0
1487,1
1488,0
1488,1
1490,0
1490,1
1494,0
1494,1
1494,2
1494,3
1494,4
1494,5
1494,6
1494,7
1494,8
1494,9
1494,10
1494,11
1494,12
1494,13
1494,14
1494,15
1496,0
1496,1
1497,0
1497,1
1499,0
1499,1
1500,0
1500,1
1501,0
1501,1
1502,0
1502,1
1504,0
1504,1
1505,0
1505,1
1507,0
1507,1
1508,0
1508,1
1509,0
1509,1
1510,0
1510,1
1512,0
1512,1
1513,0
1513,1
1515,0
1515,1
1518,0
1518,1
1518,2
1518,3
1518,4
1518,5
1518,6
1518,7
1518,8
1518,9
1519,0
1519,1
1519,2
1519,3
1519,4
1519,5
1519,6
1519,7
1519,8
1519,9
1521,0
1521,1
1522,0
1522,1
1523,0
1523,1
1524,0
1524,1
1526,0
1526,1
1527,0
1527,1
1528,0
1528,1
1529,0
1529,1
1531,0
1531,1
1532,0
1532,1
1534,0
1534,1
1535,0
1535,1
1537,0
1537,1
1539,0
1539,1
1543,0
1543,1
1543,2
1543,3
1543,4
1543,5
1543,6
1543,7
1543,8
1543,9
1543,10
1543,11
1543,12
1543,13
1543,14
1543,15
1543,16
1543,17
1545,0
1545,1
1546,0
1546,1
1547,0
1547,1
1548,0
1548,1
1550,0
1550,1
1550,2
1550,3
1552,0
1552,1
1553,0
1553,1
1555,0
1555,1
1557,0
1557,1
1560,0
1560,1
1560,2
1560,3
1560,4
1560,5
1560,6
1560,7
1560,8
1560,9
1560,10
1560,11
1560,12
1560,13
1560,14
1560,15
1560,16
1560,17
1562,0
1562,1
1563,0
1563,1
1564,0
1564,1
1565,0
1565,1
1567,0
1567,1
1567,2
1567,3
1569,0
1569,1
1570,0
1570,1
1572,0
1572,1
1574,0
1574,1
1578,0
1578,1
1578,2
1578,3
1578,4
1578,5
1581,0
1581,1
1581,2
1581,3
1581,4
1581,5
1581,6
1581,7
1583,0
1583,1
1583,2
1583,3
1584,0
1584,1
1584,2
1584,3
1586,0
1586,1
1587,0
1587,1
1589,0
1589,1
1593,0
1593,1
1593,2
1593,3
1593,4
1593,5
1593,6
1593,7
1593,8
1593,9
1595,0
1595,1
1596,0
1596,1
1598,0
1598,1
1600,0
1600,1
1601,0
1601,1
1603,0
1603,1
1605,0
1605,1
1609,0
1609,1
1609,2
1609,3
1609,4
1609,5
1609,6
1609,7
1609,8
1609,9
1609,10
1609,11
1611,0
1611,1
1611,2
1611,3
1611,4
1611,5
1612,0
1612,1
1612,2
1612,3
1612,4
1612,5
1617,0
1617,1
1617,2
1617,3
1617,4
1617,5
1617,6
1617,7
1617,8
1617,9
1621,0
1621,1
1621,2
1621,3
1621,4
1621,5
1621,6
1621,7
1621,8
1621,9
1621,10
1621,11
1621,12
1621,13
1621,14
1621,15
1621,16
1621,17
1621,18
1621,19
1624,0
1624,1
1624,2
1624,3
1624,4
1624,5
1624,6
1624,7
1624,8
1624,9
1624,10
1624,11
1624,12
1624,13
1624,14
1624,15
1624,16
1624,17
1624,18
1624,19
1626,0
1626,1
1630,0
1630,1
1630,2
1630,3
1630,4
1630,5
1630,6
1630,7
1630,8
1630,9
1630,10
1630,11
1630,12
1630,13
1630,14
1630,15
1630,16
1630,17
1633,0
1633,1
1633,2
1633,3
1633,4
1633,5
1633,6
1633,7
1633,8
1633,9
1633,10
1633,11
1633,12
1633,13
1633,14
1633,15
1633,16
1633,17
1637,0
1637,1
1637,2
1637,3
1637,4
1637,5
1637,6
1637,7
1637,8
1637,9
1637,10
1637,11
1637,12
1637,13
1637,14
1637,15
1637,16
1637,17
1639,0
1639,1
1639,2
1639,3
1640,0
1640,1
1640,2
1640,3
1642,0
1642,1
1644,0
1644,1
1647,0
1647,1
1647,2
1647,3
1647,4
1647,5
1647,6
1647,7
1647,8
1647,9
1647,10
1647,11
1647,12
1647,13
1647,14
1647,15
1647,16
1647,17
1649,0
1649,1
1649,2
1649,3
1650,0
1650,1
1650,2
1650,3
1652,0
1652,1
1654,0
1654,1
1658,0
1658,1
1658,2
1658,3
1658,4
1658,5
1658,6
1658,7
1658,8
1658,9
1658,10
1658,11
1658,12
1658,13
1658,14
1658,15
1658,16
1658,17
1658,18
1658,19
1661,0
1661,1
1661,2
1661,3
1661,4
1661,5
1661,6
1661,7
1661,8
1661,9
1661,10
1661,11
1661,12
1661,13
1661,14
1661,15
1661,16
1661,17
1661,18
1661,19
1663,0
1663,1
1664,0
1664,1
1665,0
1665,1
1666,0
1666,1
1668,0
1668,1
1669,0
1669,1
1670,0
1670,1
1671,0
1671,1
1672,0
1672,1
1673,0
1673,1
1674,0
1674,1
1675,0
1675,1
1677,0
1677,1
1678,0
1678,1
1679,0
1679,1
1680,0
1680,1
1682,0
1682,1
1683,0
1683,1
1685,0
1685,1
1692,0
1692,1
1692,2
1692,3
1692,4
1692,5
1692,6
1692,7
1692,8
1692,9
1692,10
1692,11
1692,12
1692,13
1692,14
1692,15
1692,16
1692,17
1692,18
1692,19
1692,20
1692,21
1692,22
1692,23
1692,24
1692,25
1692,26
1692,27
1692,28
1692,29
1692,30
1692,31
1692,32
1692,33
1692,34
1692,35
1692,36
1692,37
1692,38
1692,39
1692,40
1692,41
1692,42
1692,43
1692,44
1692,45
1692,46
1692,47
1692,48
1692,49
1692,50
1692,51
1692,52
1692,53
1692,54
1692,55
1692,56
1692,57
1692,58
1692,59
1695,0
1695,1
1695,2
1695,3
1695,4
1695,5
1695,6
1695,7
1695,8
1695,9
1695,10
1695,11
1695,12
1695,13
1695,14
1695,15
1695,16
1695,17
1695,18
1695,19
1695,20
1695,21
1695,22
1695,23
1695,24
1695,25
1695,26
1695,27
1695,28
1695,29
1695,30
1695,31
1695,32
1695,33
1695,34
1695,35
1695,36
1695,37
1695,38
1695,39
