1
14
70
81
85
98
119
132
135
207
309
325
329
351
357
375
379
382
592
706
709
712
715
718
726
734
743
746
805
864
867
871
926
929
932
937
941
969
973
976
1030
1033
1037
1062
1066
1088
1092
1114
1121
1143
1147
1169
1173
1201
1208
1211
1264
1267
1270
1279
1301
1305
1321
1325
1328
1354
1364
1376
1400
1425
1442
1460
1463
1474
1488
1504
1511
1531
1534
1550
1553
1582
1606
1628
1632
1635
1676
1679
1683
1693
1704
1707
1735
1751
1754
