3,0,5,1
3,0,5,2
3,0,5,3
3,0,5,4
3,0,6,1
3,0,6,2
3,0,6,3
3,0,6,4
5,1,8,1
6,2,8,2
6,1,9,1
5,2,9,2
8,2,11,1
9,2,11,2
8,1,13,1
9,1,13,2
19,1,22,1
19,2,22,2
19,3,22,3
19,4,22,4
19,5,22,5
19,6,22,6
19,7,23,1
19,8,23,2
19,9,23,3
19,10,24,1
19,11,24,2
19,12,24,3
19,13,24,4
19,14,24,5
19,15,24,6
19,16,24,7
19,17,24,8
19,18,24,9
20,1,25,1
20,2,25,2
20,3,26,1
20,4,26,2
20,5,26,3
16,0,27,1
16,0,27,2
16,0,27,3
16,0,27,4
17,1,28,1
17,2,28,2
17,3,29,1
18,1,30,1
18,2,30,2
18,3,30,3
22,0,32,1
23,0,32,2
24,0,32,3
26,0,32,4
22,0,33,1
24,0,33,2
30,0,33,3
26,0,33,4
22,0,34,1
24,0,34,2
28,0,34,3
26,0,34,4
25,0,35,1
23,0,35,2
24,0,35,3
29,0,35,4
22,0,36,1
24,0,36,2
24,0,36,3
27,0,36,4
22,0,37,1
24,0,37,2
30,0,37,3
27,0,37,4
22,0,38,1
24,0,38,2
28,0,38,3
27,0,38,4
25,0,39,1
23,0,39,2
24,0,39,3
27,0,39,4
32,1,41,1
32,2,41,2
32,3,41,3
32,4,41,4
33,1,42,1
33,2,42,2
33,3,42,3
33,4,42,4
34,1,43,1
34,2,43,2
34,3,43,3
34,4,43,4
35,1,44,1
35,2,44,2
35,3,44,3
35,4,44,4
36,1,45,1
36,2,45,2
36,3,45,3
36,4,45,4
37,1,46,1
37,2,46,2
37,3,46,3
37,4,46,4
38,1,47,1
38,2,47,2
38,3,47,3
38,4,47,4
39,1,48,1
39,2,48,2
39,3,48,3
39,4,48,4
41,1,50,1
42,2,50,2
43,1,51,1
44,2,51,2
45,1,52,1
46,2,52,2
47,1,53,1
48,2,53,2
42,1,54,1
41,2,54,2
44,1,55,1
43,2,55,2
46,1,56,1
45,2,56,2
48,1,57,1
47,2,57,2
50,1,59,1
51,1,59,2
52,1,60,1
53,1,60,2
54,1,61,1
55,1,61,2
56,1,62,1
57,1,62,2
59,1,64,1
60,1,64,2
61,1,65,1
62,1,65,2
64,2,67,1
65,2,67,2
64,1,69,1
65,1,69,2
72,0,75,1
73,0,75,2
72,0,76,1
73,0,76,2
75,1,78,1
76,1,78,2
82,0,86,1
83,0,86,2
83,0,86,3
83,0,86,4
84,0,86,5
84,0,86,6
82,0,87,1
82,0,87,2
82,0,87,3
82,0,87,4
82,0,87,5
83,0,88,1
83,0,88,2
83,0,88,3
83,0,88,4
83,0,88,5
83,0,88,6
83,0,88,7
83,0,88,8
84,0,88,9
84,0,88,10
84,0,88,11
84,0,88,12
84,0,88,13
84,0,88,14
84,0,88,15
88,0,90,1
88,0,90,2
88,0,90,3
88,0,90,4
88,0,90,5
88,0,90,6
88,0,90,7
88,0,90,8
88,0,90,9
88,0,90,10
88,0,90,11
86,1,92,1
86,2,92,2
86,3,92,3
86,4,92,4
86,5,92,5
86,6,92,6
95,0,100,1
96,0,100,2
97,0,100,3
98,0,100,4
95,0,101,1
96,0,101,2
97,0,101,3
98,0,101,4
95,0,102,1
96,0,102,2
97,0,102,3
98,0,102,4
95,0,103,1
96,0,103,2
97,0,103,3
98,0,103,4
100,1,105,1
101,2,105,2
102,1,106,1
103,2,106,2
101,1,107,1
100,2,107,2
103,1,108,1
102,2,108,2
105,1,110,1
106,1,110,2
107,1,111,1
108,1,111,2
110,1,113,1
111,1,113,2
116,0,120,1
117,0,120,2
117,0,120,3
117,0,120,4
118,0,120,5
118,0,120,6
116,0,121,1
116,0,121,2
116,0,121,3
116,0,121,4
116,0,121,5
117,0,122,1
117,0,122,2
117,0,122,3
117,0,122,4
117,0,122,5
117,0,122,6
117,0,122,7
117,0,122,8
118,0,122,9
118,0,122,10
118,0,122,11
118,0,122,12
118,0,122,13
118,0,122,14
118,0,122,15
122,0,124,1
122,0,124,2
122,0,124,3
122,0,124,4
122,0,124,5
122,0,124,6
122,0,124,7
122,0,124,8
122,0,124,9
120,1,126,1
120,2,126,2
120,3,126,3
120,4,126,4
120,5,126,5
120,6,126,6
134,1,136,1
134,2,136,2
134,3,136,3
134,4,136,4
134,5,136,5
134,6,136,6
134,7,136,7
134,8,136,8
134,9,136,9
134,10,136,10
134,11,136,11
134,12,136,12
134,13,136,13
134,14,136,14
134,15,136,15
134,16,136,16
134,17,136,17
134,18,136,18
134,19,136,19
134,20,136,20
136,1,138,1
136,2,138,2
136,3,138,3
136,4,138,4
136,5,138,5
136,6,138,6
136,7,138,7
136,8,138,8
136,9,138,9
136,10,138,10
136,11,139,1
136,12,139,2
136,13,139,3
136,14,139,4
136,15,139,5
136,16,139,6
136,17,139,7
136,18,139,8
136,19,139,9
136,20,139,10
139,0,141,1
138,0,141,2
139,0,142,1
138,0,142,2
139,0,143,1
138,0,143,2
139,0,144,1
138,0,144,2
139,0,145,1
138,0,145,2
139,0,146,1
138,0,146,2
139,0,147,1
138,0,147,2
139,0,148,1
138,0,148,2
139,0,149,1
138,0,149,2
139,0,150,1
138,0,150,2
132,1,152,1
133,1,153,1
133,2,153,2
133,3,153,3
133,4,153,4
133,5,153,5
133,6,153,6
133,7,153,7
133,8,153,8
133,9,153,9
133,10,153,10
133,11,153,11
133,12,153,12
133,13,153,13
133,14,153,14
133,15,153,15
133,16,153,16
133,17,153,17
133,18,153,18
133,19,153,19
133,20,153,20
133,21,153,21
141,1,153,22
142,1,153,23
143,1,153,24
144,1,153,25
145,1,153,26
146,1,153,27
147,1,153,28
148,1,153,29
149,1,153,30
150,1,153,31
152,1,155,1
153,1,155,2
153,2,155,3
153,3,155,4
153,4,155,5
153,5,155,6
153,6,155,7
153,7,155,8
153,8,156,1
153,9,156,2
153,10,156,3
153,11,156,4
153,12,156,5
153,13,156,6
153,14,156,7
153,15,156,8
153,16,157,1
153,17,157,2
153,18,157,3
153,19,157,4
153,20,157,5
153,21,157,6
153,22,157,7
153,23,157,8
153,24,158,1
153,25,158,2
153,26,158,3
153,27,158,4
153,28,158,5
153,29,158,6
153,30,158,7
153,31,158,8
155,0,160,1
156,0,160,2
157,0,160,3
158,0,160,4
155,0,161,1
156,0,161,2
157,0,161,3
158,0,161,4
155,0,162,1
156,0,162,2
157,0,162,3
158,0,162,4
155,0,163,1
156,0,163,2
157,0,163,3
158,0,163,4
155,0,164,1
156,0,164,2
157,0,164,3
158,0,164,4
155,0,165,1
156,0,165,2
157,0,165,3
158,0,165,4
155,0,166,1
156,0,166,2
157,0,166,3
158,0,166,4
155,0,167,1
156,0,167,2
157,0,167,3
158,0,167,4
160,1,169,1
161,1,169,2
162,1,169,3
163,1,169,4
164,1,169,5
165,1,169,6
166,1,169,7
167,1,169,8
160,2,170,1
161,2,170,2
162,2,170,3
163,2,170,4
164,2,170,5
165,2,170,6
166,2,170,7
167,2,170,8
170,0,172,1
169,0,172,2
170,0,173,1
169,0,173,2
170,0,174,1
169,0,174,2
170,0,175,1
169,0,175,2
170,0,176,1
169,0,176,2
170,0,177,1
169,0,177,2
170,0,178,1
169,0,178,2
170,0,179,1
169,0,179,2
172,1,181,1
173,1,181,2
174,1,181,3
175,1,181,4
176,1,181,5
177,1,181,6
178,1,181,7
179,1,181,8
181,1,183,1
181,2,183,2
181,3,184,1
181,4,184,2
181,5,185,1
181,6,185,2
181,7,186,1
181,8,186,2
183,1,188,1
184,1,188,2
185,1,188,3
186,1,188,4
188,1,190,1
188,2,190,2
188,3,191,1
188,4,191,2
190,1,193,1
191,1,193,2
198,1,200,1
198,2,200,2
198,3,200,3
198,4,200,4
198,5,200,5
198,6,200,6
198,7,200,7
198,8,200,8
198,9,200,9
198,10,200,10
198,11,200,11
198,12,200,12
198,13,200,13
198,14,200,14
198,15,200,15
198,16,200,16
198,17,200,17
198,18,200,18
198,19,200,19
198,20,200,20
198,21,200,21
198,22,200,22
198,23,200,23
198,24,200,24
198,25,200,25
198,26,200,26
198,27,200,27
198,28,200,28
198,29,200,29
198,30,200,30
198,31,200,31
198,32,200,32
198,33,200,33
198,34,200,34
198,35,200,35
198,36,200,36
198,37,200,37
198,38,200,38
198,39,200,39
198,40,200,40
198,41,200,41
198,42,200,42
198,43,200,43
198,44,200,44
200,1,202,1
200,2,202,2
200,3,202,3
200,4,202,4
200,5,202,5
200,6,202,6
200,7,202,7
200,8,202,8
200,9,202,9
200,10,202,10
200,11,202,11
200,12,202,12
200,13,202,13
200,14,202,14
200,15,202,15
200,16,202,16
200,17,202,17
200,18,202,18
200,19,202,19
200,20,202,20
200,21,202,21
200,22,202,22
200,23,203,1
200,24,203,2
200,25,203,3
200,26,203,4
200,27,203,5
200,28,203,6
200,29,203,7
200,30,203,8
200,31,203,9
200,32,203,10
200,33,203,11
200,34,203,12
200,35,203,13
200,36,203,14
200,37,203,15
200,38,203,16
200,39,203,17
200,40,203,18
200,41,203,19
200,42,203,20
200,43,203,21
200,44,203,22
202,0,205,1
203,0,205,2
202,0,206,1
203,0,206,2
202,0,207,1
203,0,207,2
202,0,208,1
203,0,208,2
202,0,209,1
203,0,209,2
202,0,210,1
203,0,210,2
202,0,211,1
203,0,211,2
202,0,212,1
203,0,212,2
202,0,213,1
203,0,213,2
202,0,214,1
203,0,214,2
202,0,215,1
203,0,215,2
202,0,216,1
203,0,216,2
202,0,217,1
203,0,217,2
202,0,218,1
203,0,218,2
202,0,219,1
203,0,219,2
202,0,220,1
203,0,220,2
202,0,221,1
203,0,221,2
202,0,222,1
203,0,222,2
202,0,223,1
203,0,223,2
202,0,224,1
203,0,224,2
202,0,225,1
203,0,225,2
202,0,226,1
203,0,226,2
196,1,228,1
197,1,229,1
197,2,229,2
197,3,229,3
197,4,229,4
197,5,229,5
197,6,229,6
197,7,229,7
197,8,229,8
197,9,229,9
197,10,229,10
197,11,229,11
197,12,229,12
197,13,229,13
197,14,229,14
197,15,229,15
205,1,229,16
206,1,229,17
207,1,229,18
208,1,229,19
209,1,229,20
210,1,229,21
211,1,229,22
212,1,229,23
213,1,229,24
214,1,229,25
215,1,229,26
216,1,229,27
217,1,229,28
218,1,229,29
219,1,229,30
220,1,229,31
221,1,229,32
222,1,229,33
223,1,229,34
224,1,229,35
225,1,229,36
226,1,229,37
141,2,229,38
142,2,229,39
143,2,229,40
144,2,229,41
145,2,229,42
146,2,229,43
147,2,229,44
148,2,229,45
149,2,229,46
150,2,229,47
228,1,231,1
229,1,231,2
229,2,231,3
229,3,231,4
229,4,231,5
229,5,231,6
229,6,231,7
229,7,231,8
229,8,231,9
229,9,231,10
229,10,231,11
229,11,231,12
229,12,232,1
229,13,232,2
229,14,232,3
229,15,232,4
229,16,232,5
229,17,232,6
229,18,232,7
229,19,232,8
229,20,232,9
229,21,232,10
229,22,232,11
229,23,232,12
229,24,233,1
229,25,233,2
229,26,233,3
229,27,233,4
229,28,233,5
229,29,233,6
229,30,233,7
229,31,233,8
229,32,233,9
229,33,233,10
229,34,233,11
229,35,233,12
229,36,234,1
229,37,234,2
229,38,234,3
229,39,234,4
229,40,234,5
229,41,234,6
229,42,234,7
229,43,234,8
229,44,234,9
229,45,234,10
229,46,234,11
229,47,234,12
231,0,236,1
232,0,236,2
233,0,236,3
234,0,236,4
231,0,237,1
232,0,237,2
233,0,237,3
234,0,237,4
231,0,238,1
232,0,238,2
233,0,238,3
234,0,238,4
231,0,239,1
232,0,239,2
233,0,239,3
234,0,239,4
231,0,240,1
232,0,240,2
233,0,240,3
234,0,240,4
231,0,241,1
232,0,241,2
233,0,241,3
234,0,241,4
231,0,242,1
232,0,242,2
233,0,242,3
234,0,242,4
231,0,243,1
232,0,243,2
233,0,243,3
234,0,243,4
231,0,244,1
232,0,244,2
233,0,244,3
234,0,244,4
231,0,245,1
232,0,245,2
233,0,245,3
234,0,245,4
231,0,246,1
232,0,246,2
233,0,246,3
234,0,246,4
231,0,247,1
232,0,247,2
233,0,247,3
234,0,247,4
160,3,249,1
161,3,249,2
162,3,249,3
163,3,249,4
164,3,249,5
165,3,249,6
166,3,249,7
167,3,249,8
236,1,251,1
237,1,251,2
238,1,251,3
239,1,251,4
240,1,251,5
241,1,251,6
242,1,251,7
243,1,251,8
244,1,251,9
245,1,251,10
246,1,251,11
247,1,251,12
249,1,251,13
249,2,251,14
249,3,251,15
249,4,251,16
236,2,252,1
237,2,252,2
238,2,252,3
239,2,252,4
240,2,252,5
241,2,252,6
242,2,252,7
243,2,252,8
244,2,252,9
245,2,252,10
246,2,252,11
247,2,252,12
249,5,252,13
249,6,252,14
249,7,252,15
249,8,252,16
252,0,254,1
251,0,254,2
252,0,255,1
251,0,255,2
252,0,256,1
251,0,256,2
252,0,257,1
251,0,257,2
252,0,258,1
251,0,258,2
252,0,259,1
251,0,259,2
252,0,260,1
251,0,260,2
252,0,261,1
251,0,261,2
252,0,262,1
251,0,262,2
252,0,263,1
251,0,263,2
252,0,264,1
251,0,264,2
252,0,265,1
251,0,265,2
252,0,266,1
251,0,266,2
252,0,267,1
251,0,267,2
252,0,268,1
251,0,268,2
252,0,269,1
251,0,269,2
254,1,271,1
255,1,271,2
256,1,271,3
257,1,271,4
258,1,271,5
259,1,271,6
260,1,271,7
261,1,271,8
262,1,271,9
263,1,271,10
264,1,271,11
265,1,271,12
266,1,271,13
267,1,271,14
268,1,271,15
269,1,271,16
271,1,273,1
271,2,273,2
271,3,274,1
271,4,274,2
271,5,275,1
271,6,275,2
271,7,276,1
271,8,276,2
271,9,277,1
271,10,277,2
271,11,278,1
271,12,278,2
271,13,279,1
271,14,279,2
271,15,280,1
271,16,280,2
273,1,282,1
274,1,282,2
275,1,282,3
276,1,282,4
277,1,282,5
278,1,282,6
279,1,282,7
280,1,282,8
282,1,284,1
282,2,284,2
282,3,285,1
282,4,285,2
282,5,286,1
282,6,286,2
282,7,287,1
282,8,287,2
284,1,289,1
285,1,289,2
286,1,289,3
287,1,289,4
289,1,291,1
289,2,291,2
289,3,292,1
289,4,292,2
291,1,294,1
292,1,294,2
298,7,300,1
298,9,300,2
298,8,301,1
298,10,301,2
298,1,303,1
300,1,303,2
298,2,304,1
301,1,304,2
298,3,305,1
298,6,305,2
298,4,306,1
298,5,306,2
303,1,308,1
306,1,308,2
304,1,309,1
305,1,309,2
308,1,311,1
309,1,311,2
318,1,320,1
318,16,320,2
318,2,321,1
318,15,321,2
318,3,322,1
318,14,322,2
318,4,323,1
318,13,323,2
318,5,324,1
318,12,324,2
318,6,325,1
318,11,325,2
318,7,326,1
318,10,326,2
318,8,327,1
318,9,327,2
320,1,329,1
327,1,329,2
321,1,330,1
326,1,330,2
322,1,331,1
325,1,331,2
323,1,332,1
324,1,332,2
329,1,334,1
332,1,334,2
330,1,335,1
331,1,335,2
334,1,337,1
335,1,337,2
340,1,342,1
340,2,342,2
340,3,342,3
340,4,342,4
340,5,342,5
340,6,342,6
346,5,348,1
346,12,348,2
346,6,349,1
346,11,349,2
346,7,350,1
346,10,350,2
346,8,351,1
346,9,351,2
346,1,353,1
351,1,353,2
346,2,354,1
350,1,354,2
346,3,355,1
349,1,355,2
346,4,356,1
348,1,356,2
353,1,358,1
356,1,358,2
354,1,359,1
355,1,359,2
358,1,361,1
359,1,361,2
371,1,373,1
371,2,373,2
371,3,373,3
371,4,373,4
371,5,373,5
371,6,373,6
371,7,373,7
371,8,373,8
371,9,373,9
371,10,373,10
371,11,373,11
371,12,373,12
371,13,373,13
371,14,373,14
371,15,373,15
371,16,373,16
371,17,373,17
371,18,373,18
371,19,373,19
371,20,373,20
371,21,373,21
371,22,373,22
371,23,373,23
371,24,373,24
373,1,375,1
373,2,375,2
373,3,376,1
373,4,376,2
373,5,377,1
373,6,377,2
373,7,378,1
373,8,378,2
373,9,379,1
373,10,379,2
373,11,380,1
373,12,380,2
373,13,381,1
373,14,381,2
373,15,382,1
373,16,382,2
375,2,384,1
375,1,384,2
376,2,385,1
376,1,385,2
377,2,386,1
377,1,386,2
378,2,387,1
378,1,387,2
379,2,388,1
379,1,388,2
380,2,389,1
380,1,389,2
381,2,390,1
381,1,390,2
382,2,391,1
382,1,391,2
373,17,393,25
373,18,393,26
373,19,393,27
373,20,393,28
373,21,393,29
373,22,393,30
373,23,393,31
373,24,393,32
384,1,393,33
385,1,393,34
386,1,393,35
387,1,393,36
388,1,393,37
389,1,393,38
390,1,393,39
391,1,393,40
393,1,395,1
393,2,395,2
393,3,396,1
393,4,396,2
393,5,397,1
393,6,397,2
393,7,398,1
393,8,398,2
393,9,399,1
393,10,399,2
393,11,400,1
393,12,400,2
393,13,401,1
393,14,401,2
393,15,402,1
393,16,402,2
393,17,403,1
393,18,403,2
393,19,404,1
393,20,404,2
393,21,405,1
393,22,405,2
393,23,406,1
393,24,406,2
393,25,407,1
393,26,407,2
393,27,408,1
393,28,408,2
393,29,409,1
393,30,409,2
393,31,410,1
393,32,410,2
393,33,411,1
393,34,411,2
393,35,412,1
393,36,412,2
393,37,413,1
393,38,413,2
393,39,414,1
393,40,414,2
395,2,416,1
395,1,416,2
396,2,417,1
396,1,417,2
397,2,418,1
397,1,418,2
398,2,419,1
398,1,419,2
399,2,420,1
399,1,420,2
400,2,421,1
400,1,421,2
401,2,422,1
401,1,422,2
402,2,423,1
402,1,423,2
403,2,424,1
403,1,424,2
404,2,425,1
404,1,425,2
405,2,426,1
405,1,426,2
406,2,427,1
406,1,427,2
407,2,428,1
407,1,428,2
408,2,429,1
408,1,429,2
409,2,430,1
409,1,430,2
410,2,431,1
410,1,431,2
411,2,432,1
411,1,432,2
412,2,433,1
412,1,433,2
413,2,434,1
413,1,434,2
414,2,435,1
414,1,435,2
416,1,437,45
417,1,437,46
418,1,437,47
419,1,437,48
420,1,437,49
421,1,437,50
422,1,437,51
423,1,437,52
424,1,437,53
425,1,437,54
426,1,437,55
427,1,437,56
428,1,437,57
429,1,437,58
430,1,437,59
431,1,437,60
432,1,437,61
433,1,437,62
434,1,437,63
435,1,437,64
437,1,439,1
437,2,439,2
437,3,440,1
437,4,440,2
437,5,441,1
437,6,441,2
437,7,442,1
437,8,442,2
437,9,443,1
437,10,443,2
437,11,444,1
437,12,444,2
437,13,445,1
437,14,445,2
437,15,446,1
437,16,446,2
437,17,447,1
437,18,447,2
437,19,448,1
437,20,448,2
437,21,449,1
437,22,449,2
437,23,450,1
437,24,450,2
437,25,451,1
437,26,451,2
437,27,452,1
437,28,452,2
437,29,453,1
437,30,453,2
437,31,454,1
437,32,454,2
437,33,455,1
437,34,455,2
437,35,456,1
437,36,456,2
437,37,457,1
437,38,457,2
437,39,458,1
437,40,458,2
437,41,459,1
437,42,459,2
437,43,460,1
437,44,460,2
437,45,461,1
437,46,461,2
437,47,462,1
437,48,462,2
437,49,463,1
437,50,463,2
437,51,464,1
437,52,464,2
437,53,465,1
437,54,465,2
437,55,466,1
437,56,466,2
437,57,467,1
437,58,467,2
437,59,468,1
437,60,468,2
437,61,469,1
437,62,469,2
437,63,470,1
437,64,470,2
439,2,472,1
439,1,472,2
440,2,473,1
440,1,473,2
441,2,474,1
441,1,474,2
442,2,475,1
442,1,475,2
443,2,476,1
443,1,476,2
444,2,477,1
444,1,477,2
445,2,478,1
445,1,478,2
446,2,479,1
446,1,479,2
447,2,480,1
447,1,480,2
448,2,481,1
448,1,481,2
449,2,482,1
449,1,482,2
450,2,483,1
450,1,483,2
451,2,484,1
451,1,484,2
452,2,485,1
452,1,485,2
453,2,486,1
453,1,486,2
454,2,487,1
454,1,487,2
455,2,488,1
455,1,488,2
456,2,489,1
456,1,489,2
457,2,490,1
457,1,490,2
458,2,491,1
458,1,491,2
459,2,492,1
459,1,492,2
460,2,493,1
460,1,493,2
461,2,494,1
461,1,494,2
462,2,495,1
462,1,495,2
463,2,496,1
463,1,496,2
464,2,497,1
464,1,497,2
465,2,498,1
465,1,498,2
466,2,499,1
466,1,499,2
467,2,500,1
467,1,500,2
468,2,501,1
468,1,501,2
469,2,502,1
469,1,502,2
470,2,503,1
470,1,503,2
472,1,505,1
473,1,505,2
474,1,505,3
475,1,505,4
476,1,505,5
477,1,505,6
478,1,505,7
479,1,505,8
480,1,505,9
481,1,505,10
482,1,505,11
483,1,505,12
484,1,505,13
485,1,505,14
486,1,505,15
487,1,505,16
488,1,505,17
489,1,505,18
490,1,505,19
491,1,505,20
492,1,505,21
493,1,505,22
494,1,505,23
495,1,505,24
496,1,505,25
497,1,505,26
498,1,505,27
499,1,505,28
500,1,505,29
501,1,505,30
502,1,505,31
503,1,505,32
505,1,507,1
505,2,507,2
505,3,508,1
505,4,508,2
505,5,509,1
505,6,509,2
505,7,510,1
505,8,510,2
505,9,511,1
505,10,511,2
505,11,512,1
505,12,512,2
505,13,513,1
505,14,513,2
505,15,514,1
505,16,514,2
505,17,515,1
505,18,515,2
505,19,516,1
505,20,516,2
505,21,517,1
505,22,517,2
505,23,518,1
505,24,518,2
505,25,519,1
505,26,519,2
505,27,520,1
505,28,520,2
505,29,521,1
505,30,521,2
505,31,522,1
505,32,522,2
507,2,524,1
507,1,524,2
508,2,525,1
508,1,525,2
509,2,526,1
509,1,526,2
510,2,527,1
510,1,527,2
511,2,528,1
511,1,528,2
512,2,529,1
512,1,529,2
513,2,530,1
513,1,530,2
514,2,531,1
514,1,531,2
515,2,532,1
515,1,532,2
516,2,533,1
516,1,533,2
517,2,534,1
517,1,534,2
518,2,535,1
518,1,535,2
519,2,536,1
519,1,536,2
520,2,537,1
520,1,537,2
521,2,538,1
521,1,538,2
522,2,539,1
522,1,539,2
524,1,541,1
525,1,541,2
526,1,541,3
527,1,541,4
528,1,541,5
529,1,541,6
530,1,541,7
531,1,541,8
532,1,541,9
533,1,541,10
534,1,541,11
535,1,541,12
536,1,541,13
537,1,541,14
538,1,541,15
539,1,541,16
541,1,543,1
541,2,543,2
541,3,544,1
541,4,544,2
541,5,545,1
541,6,545,2
541,7,546,1
541,8,546,2
541,9,547,1
541,10,547,2
541,11,548,1
541,12,548,2
541,13,549,1
541,14,549,2
541,15,550,1
541,16,550,2
543,2,552,1
543,1,552,2
544,2,553,1
544,1,553,2
545,2,554,1
545,1,554,2
546,2,555,1
546,1,555,2
547,2,556,1
547,1,556,2
548,2,557,1
548,1,557,2
549,2,558,1
549,1,558,2
550,2,559,1
550,1,559,2
552,1,561,1
553,1,561,2
554,1,561,3
555,1,561,4
556,1,561,5
557,1,561,6
558,1,561,7
559,1,561,8
561,1,563,1
561,2,563,2
561,3,564,1
561,4,564,2
561,5,565,1
561,6,565,2
561,7,566,1
561,8,566,2
563,2,568,1
563,1,568,2
564,2,569,1
564,1,569,2
565,2,570,1
565,1,570,2
566,2,571,1
566,1,571,2
568,1,573,1
569,1,573,2
570,1,573,3
571,1,573,4
573,1,575,1
573,2,575,2
573,3,576,1
573,4,576,2
575,1,578,1
576,1,578,2
581,1,584,1
581,2,584,2
581,3,584,3
581,4,584,4
581,5,584,5
581,6,584,6
581,7,584,7
581,8,584,8
581,9,584,9
581,10,584,10
581,11,584,11
581,12,584,12
581,13,584,13
581,14,584,14
581,15,584,15
581,16,584,16
581,17,584,17
581,18,584,18
581,19,584,19
581,20,584,20
581,21,584,21
581,22,584,22
581,23,584,23
581,24,584,24
581,25,584,25
581,26,584,26
581,27,584,27
581,28,584,28
581,29,584,29
581,30,584,30
581,31,584,31
581,32,584,32
581,33,584,33
581,34,584,34
581,35,584,35
581,36,584,36
581,37,584,37
581,38,584,38
581,39,584,39
581,40,584,40
581,41,584,41
581,42,584,42
581,43,584,43
581,44,584,44
581,45,584,45
581,46,584,46
581,47,584,47
581,48,584,48
581,49,584,49
581,50,584,50
581,51,584,51
581,52,584,52
581,53,584,53
581,54,584,54
581,55,584,55
581,56,584,56
581,57,584,57
581,58,584,58
581,59,584,59
581,60,584,60
581,61,584,61
581,62,584,62
581,63,584,63
581,64,584,64
581,65,584,65
581,66,584,66
581,67,584,67
581,68,584,68
581,69,584,69
581,70,584,70
581,71,584,71
581,72,584,72
584,1,586,1
584,2,586,2
584,3,587,1
584,4,587,2
584,5,588,1
584,6,588,2
584,7,589,1
584,8,589,2
584,9,590,1
584,10,590,2
584,11,591,1
584,12,591,2
584,13,592,1
584,14,592,2
584,15,593,1
584,16,593,2
584,17,594,1
584,18,594,2
584,19,595,1
584,20,595,2
584,21,596,1
584,22,596,2
584,23,597,1
584,24,597,2
584,25,598,1
584,26,598,2
584,27,599,1
584,28,599,2
584,29,600,1
584,30,600,2
584,31,601,1
584,32,601,2
584,33,602,1
584,34,602,2
584,35,603,1
584,36,603,2
584,37,604,1
584,38,604,2
584,39,605,1
584,40,605,2
584,41,606,1
584,42,606,2
584,43,607,1
584,44,607,2
584,45,608,1
584,46,608,2
584,47,609,1
584,48,609,2
584,49,610,1
584,50,610,2
584,51,611,1
584,52,611,2
584,53,612,1
584,54,612,2
584,55,613,1
584,56,613,2
584,57,614,1
584,58,614,2
584,59,615,1
584,60,615,2
584,61,616,1
584,62,616,2
584,63,617,1
584,64,617,2
584,65,618,1
584,66,618,2
584,67,619,1
584,68,619,2
584,69,620,1
584,70,620,2
584,71,621,1
584,72,621,2
582,9,623,1
582,10,623,2
582,11,623,3
582,12,623,4
582,13,623,5
582,14,623,6
582,15,623,7
582,16,623,8
582,17,623,9
582,18,623,10
582,19,623,11
582,20,623,12
586,1,623,13
587,1,623,14
588,1,623,15
589,1,623,16
590,1,623,17
591,1,623,18
592,1,623,19
593,1,623,20
594,1,623,21
595,1,623,22
596,1,623,23
597,1,623,24
598,1,623,25
599,1,623,26
600,1,623,27
601,1,623,28
602,1,623,29
603,1,623,30
604,1,623,31
605,1,623,32
606,1,623,33
607,1,623,34
608,1,623,35
609,1,623,36
610,1,623,37
611,1,623,38
612,1,623,39
613,1,623,40
614,1,623,41
615,1,623,42
616,1,623,43
617,1,623,44
618,1,623,45
619,1,623,46
620,1,623,47
621,1,623,48
623,1,625,1
623,2,625,2
623,3,626,1
623,4,626,2
623,5,627,1
623,6,627,2
623,7,628,1
623,8,628,2
623,9,629,1
623,10,629,2
623,11,630,1
623,12,630,2
623,13,631,1
623,14,631,2
623,15,632,1
623,16,632,2
623,17,633,1
623,18,633,2
623,19,634,1
623,20,634,2
623,21,635,1
623,22,635,2
623,23,636,1
623,24,636,2
623,25,637,1
623,26,637,2
623,27,638,1
623,28,638,2
623,29,639,1
623,30,639,2
623,31,640,1
623,32,640,2
623,33,641,1
623,34,641,2
623,35,642,1
623,36,642,2
623,37,643,1
623,38,643,2
623,39,644,1
623,40,644,2
623,41,645,1
623,42,645,2
623,43,646,1
623,44,646,2
623,45,647,1
623,46,647,2
623,47,648,1
623,48,648,2
582,1,650,1
582,2,650,2
582,3,650,3
582,4,650,4
582,5,650,5
582,6,650,6
582,7,650,7
582,8,650,8
625,1,650,9
626,1,650,10
627,1,650,11
628,1,650,12
629,1,650,13
630,1,650,14
631,1,650,15
632,1,650,16
633,1,650,17
634,1,650,18
635,1,650,19
636,1,650,20
637,1,650,21
638,1,650,22
639,1,650,23
640,1,650,24
641,1,650,25
642,1,650,26
643,1,650,27
644,1,650,28
645,1,650,29
646,1,650,30
647,1,650,31
648,1,650,32
650,1,652,1
650,2,652,2
650,3,653,1
650,4,653,2
650,5,654,1
650,6,654,2
650,7,655,1
650,8,655,2
650,9,656,1
650,10,656,2
650,11,657,1
650,12,657,2
650,13,658,1
650,14,658,2
650,15,659,1
650,16,659,2
650,17,660,1
650,18,660,2
650,19,661,1
650,20,661,2
650,21,662,1
650,22,662,2
650,23,663,1
650,24,663,2
650,25,664,1
650,26,664,2
650,27,665,1
650,28,665,2
650,29,666,1
650,30,666,2
650,31,667,1
650,32,667,2
652,1,669,1
653,1,669,2
654,1,669,3
655,1,669,4
656,1,669,5
657,1,669,6
658,1,669,7
659,1,669,8
660,1,669,9
661,1,669,10
662,1,669,11
663,1,669,12
664,1,669,13
665,1,669,14
666,1,669,15
667,1,669,16
669,1,671,1
669,2,671,2
669,3,672,1
669,4,672,2
669,5,673,1
669,6,673,2
669,7,674,1
669,8,674,2
669,9,675,1
669,10,675,2
669,11,676,1
669,12,676,2
669,13,677,1
669,14,677,2
669,15,678,1
669,16,678,2
671,1,680,1
672,1,680,2
673,1,680,3
674,1,680,4
675,1,680,5
676,1,680,6
677,1,680,7
678,1,680,8
680,1,682,1
680,2,682,2
680,3,683,1
680,4,683,2
680,5,684,1
680,6,684,2
680,7,685,1
680,8,685,2
682,1,687,1
683,1,687,2
684,1,687,3
685,1,687,4
687,1,689,1
687,2,689,2
687,3,690,1
687,4,690,2
689,1,692,1
690,1,692,2
695,1,697,1
695,2,697,2
695,3,697,3
695,4,697,4
695,5,697,5
695,6,697,6
695,7,697,7
695,8,697,8
695,9,697,9
695,10,697,10
695,11,697,11
695,12,697,12
695,13,697,13
695,14,697,14
695,15,697,15
695,16,697,16
695,17,697,17
695,18,697,18
695,19,697,19
695,20,697,20
695,21,697,21
695,22,697,22
695,23,697,23
695,24,697,24
695,25,697,25
695,26,697,26
695,27,697,27
695,28,697,28
695,29,697,29
695,30,697,30
695,31,697,31
695,32,697,32
695,33,697,33
695,34,697,34
695,35,697,35
695,36,697,36
695,37,697,37
695,38,697,38
695,39,697,39
695,40,697,40
695,41,697,41
695,42,697,42
695,43,697,43
695,44,697,44
695,45,697,45
695,46,697,46
695,47,697,47
695,48,697,48
697,1,699,1
697,2,699,2
697,3,699,3
697,4,699,4
697,5,699,5
697,6,699,6
697,7,699,7
697,8,699,8
697,25,700,1
697,26,700,2
697,27,700,3
697,28,700,4
697,29,700,5
697,30,700,6
697,31,700,7
697,32,700,8
697,9,703,1
697,10,703,2
697,11,704,1
697,12,704,2
697,13,705,1
697,14,705,2
697,15,706,1
697,16,706,2
697,17,708,1
697,18,708,2
697,19,709,1
697,20,709,2
697,21,710,1
697,22,710,2
697,23,711,1
697,24,711,2
697,33,713,1
697,34,713,2
697,35,714,1
697,36,714,2
697,37,715,1
697,38,715,2
697,39,716,1
697,40,716,2
697,41,718,1
697,42,718,2
697,43,719,1
697,44,719,2
697,45,720,1
697,46,720,2
697,47,721,1
697,48,721,2
699,1,723,1
699,2,723,2
699,3,723,3
699,4,723,4
699,5,723,5
699,6,723,6
699,7,723,7
699,8,723,8
703,1,723,9
704,1,723,10
705,1,723,11
706,1,723,12
708,1,723,13
709,1,723,14
710,1,723,15
711,1,723,16
700,1,724,1
700,2,724,2
700,3,724,3
700,4,724,4
700,5,724,5
700,6,724,6
700,7,724,7
700,8,724,8
713,1,724,9
714,1,724,10
715,1,724,11
716,1,724,12
718,1,724,13
719,1,724,14
720,1,724,15
721,1,724,16
723,1,727,1
723,2,727,2
723,3,728,1
723,4,728,2
723,5,729,1
723,6,729,2
723,7,730,1
723,8,730,2
723,9,731,1
723,10,731,2
723,11,732,1
723,12,732,2
723,13,733,1
723,14,733,2
723,15,734,1
723,16,734,2
724,1,736,1
724,2,736,2
724,3,737,1
724,4,737,2
724,5,738,1
724,6,738,2
724,7,739,1
724,8,739,2
724,9,740,1
724,10,740,2
724,11,741,1
724,12,741,2
724,13,742,1
724,14,742,2
724,15,743,1
724,16,743,2
727,1,745,1
728,1,745,2
729,1,745,3
730,1,745,4
731,1,745,5
732,1,745,6
733,1,745,7
734,1,745,8
736,1,746,1
737,1,746,2
738,1,746,3
739,1,746,4
740,1,746,5
741,1,746,6
742,1,746,7
743,1,746,8
745,1,749,1
745,2,749,2
745,3,750,1
745,4,750,2
745,5,751,1
745,6,751,2
745,7,752,1
745,8,752,2
746,1,754,1
746,2,754,2
746,3,755,1
746,4,755,2
746,5,756,1
746,6,756,2
746,7,757,1
746,8,757,2
749,1,759,1
750,1,759,2
751,1,759,3
752,1,759,4
754,1,760,1
755,1,760,2
756,1,760,3
757,1,760,4
759,1,763,1
759,2,763,2
759,3,764,1
759,4,764,2
760,1,766,1
760,2,766,2
760,3,767,1
760,4,767,2
763,1,769,1
764,1,769,2
766,1,770,1
767,1,770,2
769,1,772,1
770,1,772,2
778,6,789,1
778,3,789,2
778,5,790,1
778,4,790,2
790,1,792,1
789,1,792,2
781,6,797,1
781,3,797,2
781,5,798,1
781,4,798,2
798,1,800,1
797,1,800,2
784,7,805,1
784,4,805,2
784,6,806,1
784,5,806,2
806,1,808,1
805,1,808,2
816,1,818,1
816,2,818,2
816,3,818,3
816,4,818,4
816,5,818,5
816,6,818,6
816,7,818,7
816,8,818,8
816,9,818,9
816,10,818,10
816,11,818,11
816,12,818,12
816,13,818,13
816,14,818,14
816,15,818,15
816,16,818,16
816,17,818,17
816,18,818,18
816,19,818,19
816,20,818,20
818,1,820,1
818,2,820,2
818,3,821,1
818,4,821,2
818,5,822,1
818,6,822,2
818,7,823,1
818,8,823,2
818,9,824,1
818,10,824,2
818,11,825,1
818,12,825,2
818,13,826,1
818,14,826,2
818,15,827,1
818,16,827,2
815,1,829,1
815,2,829,2
815,3,829,3
815,4,829,4
815,5,829,5
815,6,829,6
815,7,829,7
815,8,829,8
815,9,829,9
815,10,829,10
815,11,829,11
815,12,829,12
815,13,829,13
815,14,829,14
815,15,829,15
815,16,829,16
815,17,829,17
815,18,829,18
815,19,829,19
815,20,829,20
818,17,829,21
818,18,829,22
818,19,829,23
818,20,829,24
820,1,829,25
821,1,829,26
822,1,829,27
823,1,829,28
824,1,829,29
825,1,829,30
826,1,829,31
827,1,829,32
829,1,831,1
829,2,831,2
829,3,832,1
829,4,832,2
829,5,833,1
829,6,833,2
829,7,834,1
829,8,834,2
829,9,835,1
829,10,835,2
829,11,836,1
829,12,836,2
829,13,837,1
829,14,837,2
829,15,838,1
829,16,838,2
829,17,839,1
829,18,839,2
829,19,840,1
829,20,840,2
829,21,841,1
829,22,841,2
829,23,842,1
829,24,842,2
829,25,843,1
829,26,843,2
829,27,844,1
829,28,844,2
829,29,845,1
829,30,845,2
829,31,846,1
829,32,846,2
831,1,848,1
832,1,848,2
833,1,848,3
834,1,848,4
835,1,848,5
836,1,848,6
837,1,848,7
838,1,848,8
839,1,848,9
840,1,848,10
841,1,848,11
842,1,848,12
843,1,848,13
844,1,848,14
845,1,848,15
846,1,848,16
848,1,850,1
848,2,850,2
848,3,851,1
848,4,851,2
848,5,852,1
848,6,852,2
848,7,853,1
848,8,853,2
848,9,854,1
848,10,854,2
848,11,855,1
848,12,855,2
848,13,856,1
848,14,856,2
848,15,857,1
848,16,857,2
850,1,859,1
851,1,859,2
852,1,859,3
853,1,859,4
854,1,859,5
855,1,859,6
856,1,859,7
857,1,859,8
859,1,861,1
859,2,861,2
859,3,862,1
859,4,862,2
859,5,863,1
859,6,863,2
859,7,864,1
859,8,864,2
861,1,866,1
862,1,866,2
863,1,866,3
864,1,866,4
866,1,868,1
866,2,868,2
866,3,869,1
866,4,869,2
868,1,871,1
869,1,871,2
875,1,877,1
875,2,877,2
875,3,877,3
875,4,877,4
875,5,877,5
875,6,877,6
875,7,877,7
875,8,877,8
875,9,877,9
875,10,877,10
875,11,877,11
875,12,877,12
875,13,877,13
875,14,877,14
875,15,877,15
875,16,877,16
875,17,877,17
875,18,877,18
875,19,877,19
875,20,877,20
877,1,879,1
877,2,879,2
877,3,880,1
877,4,880,2
877,5,881,1
877,6,881,2
877,7,882,1
877,8,882,2
877,9,883,1
877,10,883,2
877,11,884,1
877,12,884,2
877,13,885,1
877,14,885,2
877,15,886,1
877,16,886,2
874,1,888,1
874,2,888,2
874,3,888,3
874,4,888,4
874,5,888,5
874,6,888,6
874,7,888,7
874,8,888,8
874,9,888,9
874,10,888,10
874,11,888,11
874,12,888,12
874,13,888,13
874,14,888,14
874,15,888,15
874,16,888,16
874,17,888,17
874,18,888,18
874,19,888,19
874,20,888,20
877,17,888,21
877,18,888,22
877,19,888,23
877,20,888,24
879,1,888,25
880,1,888,26
881,1,888,27
882,1,888,28
883,1,888,29
884,1,888,30
885,1,888,31
886,1,888,32
888,1,890,1
888,2,890,2
888,3,891,1
888,4,891,2
888,5,892,1
888,6,892,2
888,7,893,1
888,8,893,2
888,9,894,1
888,10,894,2
888,11,895,1
888,12,895,2
888,13,896,1
888,14,896,2
888,15,897,1
888,16,897,2
888,17,898,1
888,18,898,2
888,19,899,1
888,20,899,2
888,21,900,1
888,22,900,2
888,23,901,1
888,24,901,2
888,25,902,1
888,26,902,2
888,27,903,1
888,28,903,2
888,29,904,1
888,30,904,2
888,31,905,1
888,32,905,2
890,1,907,1
891,1,907,2
892,1,907,3
893,1,907,4
894,1,907,5
895,1,907,6
896,1,907,7
897,1,907,8
898,1,907,9
899,1,907,10
900,1,907,11
901,1,907,12
902,1,907,13
903,1,907,14
904,1,907,15
905,1,907,16
907,1,909,1
907,2,909,2
907,3,910,1
907,4,910,2
907,5,911,1
907,6,911,2
907,7,912,1
907,8,912,2
907,9,913,1
907,10,913,2
907,11,914,1
907,12,914,2
907,13,915,1
907,14,915,2
907,15,916,1
907,16,916,2
909,1,918,1
910,1,918,2
911,1,918,3
912,1,918,4
913,1,918,5
914,1,918,6
915,1,918,7
916,1,918,8
918,1,920,1
918,2,920,2
918,3,921,1
918,4,921,2
918,5,922,1
918,6,922,2
918,7,923,1
918,8,923,2
920,1,925,1
921,1,925,2
922,1,925,3
923,1,925,4
925,1,927,1
925,2,927,2
925,3,928,1
925,4,928,2
927,1,930,1
928,1,930,2
941,1,943,1
941,2,943,2
941,3,943,3
941,4,943,4
941,5,943,5
941,6,943,6
941,7,943,7
941,8,943,8
941,9,943,9
941,10,943,10
941,11,943,11
941,12,943,12
941,13,943,13
941,14,943,14
941,15,943,15
941,16,943,16
941,17,943,17
941,18,943,18
943,1,945,1
943,2,945,2
943,3,946,1
943,4,946,2
943,5,947,1
943,6,947,2
943,7,948,1
943,8,948,2
940,1,950,1
940,2,950,2
940,3,950,3
940,4,950,4
940,5,950,5
940,6,950,6
940,7,950,7
940,8,950,8
940,9,950,9
940,10,950,10
940,11,950,11
940,12,950,12
940,13,950,13
940,14,950,14
940,15,950,15
940,16,950,16
940,17,950,17
940,18,950,18
943,9,950,19
943,10,950,20
943,11,950,21
943,12,950,22
943,13,950,23
943,14,950,24
943,15,950,25
943,16,950,26
943,17,950,27
943,18,950,28
945,1,950,29
946,1,950,30
947,1,950,31
948,1,950,32
950,1,952,1
950,2,952,2
950,3,953,1
950,4,953,2
950,5,954,1
950,6,954,2
950,7,955,1
950,8,955,2
950,9,956,1
950,10,956,2
950,11,957,1
950,12,957,2
950,13,958,1
950,14,958,2
950,15,959,1
950,16,959,2
950,17,960,1
950,18,960,2
950,19,961,1
950,20,961,2
950,21,962,1
950,22,962,2
950,23,963,1
950,24,963,2
950,25,964,1
950,26,964,2
950,27,965,1
950,28,965,2
950,29,966,1
950,30,966,2
950,31,967,1
950,32,967,2
952,1,969,1
953,1,969,2
954,1,969,3
955,1,969,4
956,1,969,5
957,1,969,6
958,1,969,7
959,1,969,8
960,1,969,9
961,1,969,10
962,1,969,11
963,1,969,12
964,1,969,13
965,1,969,14
966,1,969,15
967,1,969,16
969,1,971,1
969,2,971,2
969,3,972,1
969,4,972,2
969,5,973,1
969,6,973,2
969,7,974,1
969,8,974,2
969,9,975,1
969,10,975,2
969,11,976,1
969,12,976,2
969,13,977,1
969,14,977,2
969,15,978,1
969,16,978,2
971,1,980,1
972,1,980,2
973,1,980,3
974,1,980,4
975,1,980,5
976,1,980,6
977,1,980,7
978,1,980,8
980,1,982,1
980,2,982,2
980,3,983,1
980,4,983,2
980,5,984,1
980,6,984,2
980,7,985,1
980,8,985,2
982,1,987,1
983,1,987,2
984,1,987,3
985,1,987,4
987,1,989,1
987,2,989,2
987,3,990,1
987,4,990,2
989,1,992,1
990,1,992,2
995,16,1003,1
998,3,1003,2
1007,6,1009,1
1007,11,1009,2
1007,7,1010,1
1007,10,1010,2
1007,8,1011,1
1007,9,1011,2
1007,5,1012,1
1007,12,1012,2
1009,2,1014,1
1009,1,1014,2
1010,2,1015,1
1010,1,1015,2
1011,2,1016,1
1011,1,1016,2
1012,2,1017,1
1012,1,1017,2
1007,1,1019,1
1014,1,1019,2
1007,2,1020,1
1015,1,1020,2
1007,3,1021,1
1016,1,1021,2
1007,4,1022,1
1017,1,1022,2
1019,2,1024,1
1019,1,1024,2
1020,2,1025,1
1020,1,1025,2
1021,2,1026,1
1021,1,1026,2
1022,2,1027,1
1022,1,1027,2
1024,1,1029,1
1027,1,1029,2
1025,1,1030,1
1026,1,1030,2
1029,1,1032,1
1030,1,1032,2
1043,1,1045,1
1043,2,1045,2
1043,3,1045,3
1043,4,1045,4
1043,5,1045,5
1043,6,1045,6
1043,7,1045,7
1043,8,1045,8
1043,9,1045,9
1043,10,1045,10
1043,11,1045,11
1043,12,1045,12
1043,13,1045,13
1043,14,1045,14
1043,15,1045,15
1043,16,1045,16
1043,17,1045,17
1043,18,1045,18
1043,19,1045,19
1043,20,1045,20
1043,21,1045,21
1043,22,1045,22
1045,19,1047,1
1045,20,1047,2
1045,21,1048,1
1045,22,1048,2
1042,9,1050,1
1045,1,1050,2
1045,16,1051,1
1048,1,1051,2
1042,13,1052,1
1045,5,1052,2
1042,20,1053,1
1045,12,1053,2
1042,12,1054,1
1045,4,1054,2
1045,13,1055,1
1045,18,1055,2
1042,16,1056,1
1045,8,1056,2
1042,17,1057,1
1045,9,1057,2
1042,10,1058,1
1045,2,1058,2
1045,15,1059,1
1047,1,1059,2
1042,14,1060,1
1045,6,1060,2
1042,19,1061,1
1045,11,1061,2
1042,11,1062,1
1045,3,1062,2
1045,14,1063,1
1045,17,1063,2
1042,15,1064,1
1045,7,1064,2
1042,18,1065,1
1045,10,1065,2
1050,1,1067,1
1051,1,1067,2
1052,1,1068,1
1053,1,1068,2
1054,1,1069,1
1055,1,1069,2
1056,1,1070,1
1057,1,1070,2
1058,1,1071,1
1059,1,1071,2
1060,1,1072,1
1061,1,1072,2
1062,1,1073,1
1063,1,1073,2
1064,1,1074,1
1065,1,1074,2
1042,1,1076,1
1074,1,1076,2
1042,8,1077,1
1067,1,1077,2
1042,4,1078,1
1071,1,1078,2
1042,5,1079,1
1070,1,1079,2
1042,2,1080,1
1073,1,1080,2
1042,7,1081,1
1068,1,1081,2
1042,3,1082,1
1072,1,1082,2
1042,6,1083,1
1069,1,1083,2
1076,1,1085,1
1077,1,1085,2
1078,1,1086,1
1079,1,1086,2
1080,1,1087,1
1081,1,1087,2
1082,1,1088,1
1083,1,1088,2
1085,1,1090,1
1086,1,1090,2
1087,1,1091,1
1088,1,1091,2
1090,1,1093,1
1091,1,1093,2
1103,15,1105,1
1103,18,1105,2
1103,16,1106,1
1103,17,1106,2
1103,1,1108,1
1105,1,1108,2
1103,2,1109,1
1106,1,1109,2
1103,3,1110,1
1103,14,1110,2
1103,4,1111,1
1103,13,1111,2
1103,5,1112,1
1103,12,1112,2
1103,6,1113,1
1103,11,1113,2
1103,7,1114,1
1103,10,1114,2
1103,8,1115,1
1103,9,1115,2
1108,1,1117,1
1115,1,1117,2
1109,1,1118,1
1114,1,1118,2
1110,1,1119,1
1113,1,1119,2
1111,1,1120,1
1112,1,1120,2
1117,1,1122,1
1120,1,1122,2
1118,1,1123,1
1119,1,1123,2
1122,1,1125,1
1123,1,1125,2
1132,1,1134,1
1132,16,1134,2
1132,2,1135,1
1132,15,1135,2
1132,3,1136,1
1132,14,1136,2
1132,4,1137,1
1132,13,1137,2
1132,5,1138,1
1132,12,1138,2
1132,6,1139,1
1132,11,1139,2
1132,7,1140,1
1132,10,1140,2
1132,8,1141,1
1132,9,1141,2
1134,1,1143,1
1141,1,1143,2
1135,1,1144,1
1140,1,1144,2
1136,1,1145,1
1139,1,1145,2
1137,1,1146,1
1138,1,1146,2
1143,1,1148,1
1146,1,1148,2
1144,1,1149,1
1145,1,1149,2
1148,1,1151,1
1149,1,1151,2
1158,1,1160,1
1158,16,1160,2
1158,2,1161,1
1158,15,1161,2
1158,3,1162,1
1158,14,1162,2
1158,4,1163,1
1158,13,1163,2
1158,5,1164,1
1158,12,1164,2
1158,6,1165,1
1158,11,1165,2
1158,7,1166,1
1158,10,1166,2
1158,8,1167,1
1158,9,1167,2
1160,1,1169,1
1167,1,1169,2
1161,1,1170,1
1166,1,1170,2
1162,1,1171,1
1165,1,1171,2
1163,1,1172,1
1164,1,1172,2
1169,1,1174,1
1172,1,1174,2
1170,1,1175,1
1171,1,1175,2
1174,1,1177,1
1175,1,1177,2
1180,1,1182,1
1180,2,1182,2
1180,3,1182,3
1180,4,1182,4
1180,5,1182,5
1180,6,1182,6
1180,7,1182,7
1180,8,1182,8
1180,9,1183,1
1180,10,1183,2
1180,11,1183,3
1180,12,1183,4
1180,13,1183,5
1180,14,1183,6
1180,15,1183,7
1180,16,1183,8
1187,1,1189,1
1187,16,1189,2
1187,2,1190,1
1187,15,1190,2
1187,3,1191,1
1187,14,1191,2
1187,4,1192,1
1187,13,1192,2
1187,5,1193,1
1187,12,1193,2
1187,6,1194,1
1187,11,1194,2
1187,7,1195,1
1187,10,1195,2
1187,8,1196,1
1187,9,1196,2
1189,1,1198,1
1196,1,1198,2
1190,1,1199,1
1195,1,1199,2
1191,1,1200,1
1194,1,1200,2
1192,1,1201,1
1193,1,1201,2
1198,1,1203,1
1201,1,1203,2
1199,1,1204,1
1200,1,1204,2
1203,1,1206,1
1204,1,1206,2
1213,1,1215,1
1213,16,1215,2
1213,2,1216,1
1213,15,1216,2
1213,3,1217,1
1213,14,1217,2
1213,4,1218,1
1213,13,1218,2
1213,5,1219,1
1213,12,1219,2
1213,6,1220,1
1213,11,1220,2
1213,7,1221,1
1213,10,1221,2
1213,8,1222,1
1213,9,1222,2
1215,1,1224,1
1222,1,1224,2
1216,1,1225,1
1221,1,1225,2
1217,1,1226,1
1220,1,1226,2
1218,1,1227,1
1219,1,1227,2
1224,1,1229,1
1227,1,1229,2
1225,1,1230,1
1226,1,1230,2
1229,1,1232,1
1230,1,1232,2
1239,5,1241,1
1239,12,1241,2
1239,6,1242,1
1239,11,1242,2
1239,7,1243,1
1239,10,1243,2
1239,8,1244,1
1239,9,1244,2
1241,2,1246,1
1241,1,1246,2
1242,2,1247,1
1242,1,1247,2
1243,2,1248,1
1243,1,1248,2
1244,2,1249,1
1244,1,1249,2
1239,1,1251,1
1246,1,1251,2
1239,2,1252,1
1247,1,1252,2
1239,3,1253,1
1248,1,1253,2
1239,4,1254,1
1249,1,1254,2
1251,2,1256,1
1251,1,1256,2
1252,2,1257,1
1252,1,1257,2
1253,2,1258,1
1253,1,1258,2
1254,2,1259,1
1254,1,1259,2
1256,1,1261,1
1259,1,1261,2
1257,1,1262,1
1258,1,1262,2
1261,1,1264,1
1262,1,1264,2
1267,1,1269,1
1267,2,1269,2
1267,3,1269,3
1267,4,1269,4
1267,5,1269,5
1267,6,1269,6
1267,7,1270,1
1267,8,1270,2
1267,9,1270,3
1267,10,1270,4
1267,11,1270,5
1267,12,1270,6
1278,1,1280,1
1278,2,1280,2
1278,3,1280,3
1278,4,1280,4
1278,5,1280,5
1278,6,1280,6
1278,7,1280,7
1278,8,1280,8
1278,9,1280,9
1278,10,1280,10
1278,11,1280,11
1278,12,1280,12
1278,13,1280,13
1278,14,1280,14
1278,15,1280,15
1278,16,1280,16
1278,17,1280,17
1278,18,1280,18
1278,19,1280,19
1278,20,1280,20
1278,21,1280,21
1278,22,1280,22
1280,3,1282,1
1280,4,1282,2
1280,5,1283,1
1280,6,1283,2
1280,7,1284,1
1280,8,1284,2
1280,9,1285,1
1280,10,1285,2
1280,11,1286,1
1280,12,1286,2
1280,13,1287,1
1280,14,1287,2
1280,15,1288,1
1280,16,1288,2
1280,17,1289,1
1280,18,1289,2
1280,19,1290,1
1280,20,1290,2
1280,21,1291,1
1280,22,1291,2
1277,1,1293,1
1280,1,1293,2
1277,8,1294,1
1286,1,1294,2
1277,9,1295,1
1285,1,1295,2
1277,16,1296,1
1277,17,1296,2
1277,4,1297,1
1290,1,1297,2
1277,5,1298,1
1289,1,1298,2
1277,12,1299,1
1282,1,1299,2
1277,13,1300,1
1277,20,1300,2
1277,2,1301,1
1280,2,1301,2
1277,7,1302,1
1287,1,1302,2
1277,10,1303,1
1284,1,1303,2
1277,15,1304,1
1277,18,1304,2
1277,3,1305,1
1291,1,1305,2
1277,6,1306,1
1288,1,1306,2
1277,11,1307,1
1283,1,1307,2
1277,14,1308,1
1277,19,1308,2
1293,1,1310,1
1294,1,1310,2
1295,1,1311,1
1296,1,1311,2
1297,1,1312,1
1298,1,1312,2
1299,1,1313,1
1300,1,1313,2
1301,1,1314,1
1302,1,1314,2
1303,1,1315,1
1304,1,1315,2
1305,1,1316,1
1306,1,1316,2
1307,1,1317,1
1308,1,1317,2
1310,1,1319,1
1311,1,1319,2
1312,1,1320,1
1313,1,1320,2
1314,1,1321,1
1315,1,1321,2
1316,1,1322,1
1317,1,1322,2
1319,1,1324,1
1320,1,1324,2
1321,1,1325,1
1322,1,1325,2
1324,1,1327,1
1325,1,1327,2
1333,6,1338,1
1333,3,1338,2
1333,5,1339,1
1333,4,1339,2
1339,1,1341,1
1338,1,1341,2
1345,1,1347,1
1345,16,1347,2
1345,2,1348,1
1345,15,1348,2
1345,3,1349,1
1345,14,1349,2
1345,4,1350,1
1345,13,1350,2
1345,5,1351,1
1345,12,1351,2
1345,6,1352,1
1345,11,1352,2
1345,7,1353,1
1345,10,1353,2
1345,8,1354,1
1345,9,1354,2
1347,1,1356,1
1354,1,1356,2
1348,1,1357,1
1353,1,1357,2
1349,1,1358,1
1352,1,1358,2
1350,1,1359,1
1351,1,1359,2
1356,1,1361,1
1359,1,1361,2
1357,1,1362,1
1358,1,1362,2
1361,1,1364,1
1362,1,1364,2
1371,7,1373,1
1371,10,1373,2
1371,8,1374,1
1371,9,1374,2
1371,1,1376,1
1373,1,1376,2
1371,2,1377,1
1374,1,1377,2
1371,3,1378,1
1371,6,1378,2
1371,4,1379,1
1371,5,1379,2
1376,1,1381,1
1379,1,1381,2
1377,1,1382,1
1378,1,1382,2
1381,1,1384,1
1382,1,1384,2
1395,0,1397,1
1400,0,1402,1
1400,0,1402,2
1400,0,1402,3
1400,0,1402,4
1400,0,1403,1
1400,0,1403,2
1400,0,1403,3
1400,0,1403,4
1402,1,1405,1
1403,2,1405,2
1403,1,1406,1
1402,2,1406,2
1405,1,1408,1
1406,1,1408,2
1412,0,1414,1
1412,0,1414,2
1412,0,1414,3
1412,0,1414,4
1412,0,1414,5
1412,0,1414,6
1412,0,1414,7
1412,0,1414,8
1412,0,1414,9
1412,0,1414,10
1412,0,1414,11
1412,0,1414,12
1412,0,1414,13
1412,0,1414,14
1412,0,1414,15
1412,0,1414,16
1412,0,1414,17
1414,1,1416,1
1414,2,1416,2
1414,3,1418,1
1416,1,1418,2
1414,4,1419,1
1414,5,1419,2
1414,6,1420,1
1414,7,1420,2
1414,8,1421,1
1414,9,1421,2
1414,10,1422,1
1414,11,1422,2
1414,12,1423,1
1414,13,1423,2
1414,14,1424,1
1414,15,1424,2
1414,16,1425,1
1414,17,1425,2
1418,1,1427,1
1424,1,1427,2
1420,1,1428,1
1423,1,1428,2
1419,1,1429,1
1425,1,1429,2
1422,1,1430,1
1421,1,1430,2
1427,1,1432,1
1428,1,1432,2
1429,1,1433,1
1430,1,1433,2
1432,1,1435,1
1433,1,1435,2
1438,4,1441,1
1438,5,1441,2
1439,4,1442,1
1439,5,1442,2
1441,1,1445,1
1438,1,1445,2
1438,3,1446,1
1438,2,1446,2
1442,1,1448,1
1439,1,1448,2
1439,3,1449,1
1439,2,1449,2
1445,1,1451,1
1446,1,1451,2
1448,1,1452,1
1449,1,1452,2
1451,2,1454,1
1451,1,1454,2
1452,2,1455,1
1452,1,1455,2
1454,1,1457,1
1455,1,1457,2
1457,1,1459,1
1457,2,1459,2
1463,8,1465,1
1463,1,1465,2
1463,7,1466,1
1463,2,1466,2
1463,6,1467,1
1463,3,1467,2
1463,5,1468,1
1463,4,1468,2
1465,1,1470,1
1466,1,1470,2
1467,1,1470,3
1468,1,1470,4
1470,4,1472,1
1470,1,1472,2
1470,3,1473,1
1470,2,1473,2
1472,1,1475,1
1473,1,1475,2
1475,2,1477,1
1475,1,1477,2
1480,8,1482,1
1480,1,1482,2
1480,7,1483,1
1480,2,1483,2
1480,6,1484,1
1480,3,1484,2
1480,5,1485,1
1480,4,1485,2
1482,1,1487,1
1483,1,1487,2
1484,1,1487,3
1485,1,1487,4
1487,4,1489,1
1487,1,1489,2
1487,3,1490,1
1487,2,1490,2
1489,1,1492,1
1490,1,1492,2
1492,2,1494,1
1492,1,1494,2
1501,0,1503,1
1506,0,1508,1
1506,0,1508,2
1506,0,1508,3
1506,0,1508,4
1506,0,1509,1
1506,0,1509,2
1506,0,1509,3
1506,0,1509,4
1508,1,1511,1
1509,2,1511,2
1509,1,1512,1
1508,2,1512,2
1511,1,1514,1
1512,1,1514,2
1518,3,1520,1
1518,6,1520,2
1518,4,1521,1
1518,5,1521,2
1520,1,1523,1
1521,1,1523,2
1518,1,1525,1
1523,2,1525,2
1518,2,1526,1
1523,1,1526,2
1525,1,1528,1
1526,1,1528,2
1528,1,1530,1
1528,2,1530,2
1534,1,1536,1
1534,2,1536,2
1534,3,1536,3
1534,4,1536,4
1534,5,1536,5
1534,6,1536,6
1534,7,1537,1
1534,8,1537,2
1534,9,1537,3
1534,10,1537,4
1534,11,1537,5
1534,12,1537,6
1541,3,1543,1
1541,14,1543,2
1541,4,1544,1
1541,13,1544,2
1541,5,1545,1
1541,12,1545,2
1541,6,1546,1
1541,11,1546,2
1541,7,1547,1
1541,10,1547,2
1541,8,1548,1
1541,9,1548,2
1541,1,1550,1
1546,1,1550,2
1543,1,1551,1
1548,1,1551,2
1544,1,1552,1
1547,1,1552,2
1541,2,1553,1
1545,1,1553,2
1550,1,1555,1
1553,1,1555,2
1551,1,1556,1
1552,1,1556,2
1555,1,1558,1
1556,1,1558,2
1564,1,1566,1
1564,8,1566,2
1564,2,1567,1
1564,7,1567,2
1564,3,1568,1
1564,6,1568,2
1564,4,1569,1
1564,5,1569,2
1566,1,1571,1
1569,1,1571,2
1567,1,1572,1
1568,1,1572,2
1571,1,1574,1
1572,1,1574,2
1581,1,1584,1
1581,2,1584,2
1581,3,1584,3
1581,4,1585,1
1581,5,1585,2
1581,6,1585,3
1581,7,1586,1
1581,8,1586,2
1581,9,1586,3
1581,10,1587,1
1582,1,1587,2
1582,2,1587,3
1584,0,1589,1
1585,0,1589,2
1586,0,1589,3
1587,0,1589,4
1584,0,1590,1
1585,0,1590,2
1586,0,1590,3
1587,0,1590,4
1584,0,1591,1
1585,0,1591,2
1586,0,1591,3
1587,0,1591,4
1589,3,1593,1
1590,3,1593,2
1591,3,1593,3
1593,1,1595,1
1593,2,1595,2
1589,1,1597,1
1595,0,1597,2
1589,2,1598,1
1591,2,1598,2
1590,1,1599,1
1595,0,1599,2
1591,1,1600,1
1590,2,1600,2
1597,1,1602,1
1598,1,1602,2
1599,1,1603,1
1600,1,1603,2
1602,2,1605,1
1603,2,1605,2
1602,1,1607,1
1603,1,1607,2
1610,1,1612,1
1610,5,1612,2
1610,9,1612,3
1610,13,1612,4
1610,2,1613,1
1610,6,1613,2
1610,10,1613,3
1610,14,1613,4
1610,3,1614,1
1610,7,1614,2
1610,11,1614,3
1610,15,1614,4
1610,4,1615,1
1610,8,1615,2
1610,12,1615,3
1610,16,1615,4
1612,1,1617,1
1612,2,1617,2
1613,1,1617,3
1613,2,1617,4
1614,1,1617,5
1614,2,1617,6
1615,1,1617,7
1615,2,1617,8
1617,8,1619,1
1617,1,1619,2
1617,7,1620,1
1617,2,1620,2
1617,6,1621,1
1617,3,1621,2
1617,5,1622,1
1617,4,1622,2
1619,1,1624,1
1620,1,1624,2
1621,1,1624,3
1622,1,1624,4
1624,4,1626,1
1624,1,1626,2
1624,3,1627,1
1624,2,1627,2
1626,1,1629,1
1627,1,1629,2
1629,2,1631,1
1629,1,1631,2
1634,1,1636,1
1634,16,1636,2
1634,2,1637,1
1634,15,1637,2
1634,3,1638,1
1634,14,1638,2
1634,4,1639,1
1634,13,1639,2
1634,5,1640,1
1634,12,1640,2
1634,6,1641,1
1634,11,1641,2
1634,7,1642,1
1634,10,1642,2
1634,8,1643,1
1634,9,1643,2
1636,1,1645,1
1643,1,1645,2
1637,1,1646,1
1642,1,1646,2
1638,1,1647,1
1641,1,1647,2
1639,1,1648,1
1640,1,1648,2
1645,1,1650,1
1648,1,1650,2
1646,1,1651,1
1647,1,1651,2
1650,1,1653,1
1651,1,1653,2
1671,1,1673,1
1671,3,1673,2
1671,5,1673,3
1671,7,1673,4
1671,2,1674,1
1671,4,1674,2
1671,6,1674,3
1671,8,1674,4
1673,1,1676,1
1674,1,1676,2
1676,2,1678,1
1676,1,1678,2
1681,1,1683,1
1681,3,1683,2
1681,5,1683,3
1681,7,1683,4
1681,2,1684,1
1681,4,1684,2
1681,6,1684,3
1681,8,1684,4
1683,1,1686,1
1684,1,1686,2
1686,2,1688,1
1686,1,1688,2
1696,0,1698,1
