Date,Local Time,Home ID,Away ID
20170811,1945,1,95
20170812,1300,1795,9
20170812,1500,5,1796
20170812,1500,1799,1939
20170812,1500,7,1806
20170812,1500,17,1960
20170812,1500,109,1943
20170812,1730,1808,10
20170813,1330,13,18
20170813,1600,11,19
20170819,1230,1960,11
20170819,1500,1943,1795
20170819,1500,1796,109
20170819,1500,95,1808
20170819,1500,9,1799
20170819,1500,17,19
20170819,1730,1806,1
20170820,1330,1939,13
20170820,1600,18,5
20170821,2000,10,7
20170826,1230,1943,10
20170826,1500,5,7
20170826,1500,1799,1960
20170826,1500,1939,17
20170826,1500,13,19
20170826,1500,18,1796
20170826,1500,1795,1808
20170826,1730,11,95
20170827,1330,109,1806
20170827,1600,9,1
20170909,1230,10,9
20170909,1500,1,1943
20170909,1500,1808,109
20170909,1500,7,18
20170909,1500,95,5
20170909,1500,17,1795
20170909,1500,1806,11
20170909,1500,19,1939
20170910,1330,1796,1799
20170910,2000,1960,13
20170915,1230,1943,1808
20170916,1500,1799,17
20170916,1500,1939,95
20170916,1500,9,1796
20170916,1500,13,1806
20170916,1500,1795,10
20170916,1500,109,19
20170916,1730,18,1960
20170917,1330,5,1
20170917,1600,11,7
20170923,1230,19,18
20170923,1500,1796,1939
20170923,1500,7,1943
20170923,1500,10,1799
20170923,1500,17,11
20170923,1500,1806,5
20170923,1500,1960,1795
20170923,1730,95,9
20170924,1600,1808,13
20170925,1500,1,109
20170930,1230,1939,18
20170930,1500,1943,95
20170930,1500,11,1799
20170930,1500,1806,17
20170930,1500,109,1795
20170930,1500,19,1960
20170930,1730,5,10
20171001,1200,1,1808
20171001,1415,7,1796
20171001,1630,13,9
20171014,1230,1808,7
20171014,1415,1796,19
20171014,1500,1799,5
20171014,1500,95,109
20171014,1500,9,11
20171014,1500,10,1806
20171014,1500,17,13
20171014,1500,1960,1939
20171014,1600,18,1943
20171014,1730,1795,1
20171021,1230,5,1795
20171021,1415,7,1
20171021,1500,1939,11
20171021,1500,10,1796
20171021,1500,13,1799
20171021,1500,17,109
20171021,1500,1806,1943
20171021,1500,1960,95
20171021,1600,18,9
20171021,1730,19,1808
20171028,1230,1,1960
20171028,1415,1943,5
20171028,1500,1808,17
20171028,1500,1796,13
20171028,1500,1799,19
20171028,1500,95,7
20171028,1500,9,1939
20171028,1500,11,18
20171028,1600,1795,1806
20171028,1730,109,10
20171104,1230,5,11
20171104,1415,7,1795
20171104,1500,1939,109
20171104,1500,13,1943
20171104,1500,17,1796
20171104,1500,1806,95
20171104,1500,1960,1808
20171104,1500,18,1799
20171104,1600,19,9
20171105,1730,10,1
20171118,1230,1,18
20171118,1415,1943,1939
20171118,1500,1808,1806
20171118,1500,1796,1960
20171118,1500,1799,7
20171118,1500,95,10
20171118,1500,9,17
20171118,1500,11,13
20171118,1600,1795,19
20171118,1730,109,5
20171125,1230,1799,1806
20171125,1415,1939,10
20171125,1500,9,5
20171125,1500,11,1808
20171125,1500,13,1795
20171125,1500,17,7
20171125,1500,1960,1943
20171125,1500,18,109
20171125,1600,19,95
20171126,1730,1796,1
20171128,1945,1,1939
20171128,1945,1943,1796
20171128,1945,1808,1799
20171128,1945,95,18
20171128,1945,1795,11
20171128,2000,109,13
20171129,1945,5,1960
20171129,1945,7,19
20171129,2000,10,17
20171129,2000,1806,9
20171202,1230,1,11
20171202,1415,1943,17
20171202,1500,1808,9
20171202,1500,5,13
20171202,1500,7,1939
20171202,1500,95,1796
20171202,1500,10,19
20171202,1500,1806,1960
20171202,1600,1795,18
20171202,1730,109,1799
20171209,1230,1796,1795
20171209,1415,1799,1943
20171209,1500,1939,1808
20171209,1500,9,7
20171209,1500,11,10
20171209,1500,13,95
20171209,1500,1960,109
20171209,1500,18,1806
20171209,1600,19,5
20171210,1730,17,1
20171212,1945,1796,1806
20171212,1945,1939,5
20171212,1945,1960,10
20171212,2000,1799,1795
20171212,2000,11,1943
20171213,1945,19,1
20171213,1945,13,7
20171213,1945,17,95
20171213,2000,9,109
20171213,2000,18,1808
20171216,1230,1,13
20171216,1415,1943,9
20171216,1500,1808,1796
20171216,1500,5,17
20171216,1500,7,1960
20171216,1500,95,1799
20171216,1500,10,18
20171216,1500,1806,19
20171216,1600,1795,1939
20171216,1730,109,11
20171223,1230,1,9
20171223,1415,1808,1795
20171223,1500,1796,18
20171223,1500,7,5
20171223,1500,95,11
20171223,1500,10,1943
20171223,1500,17,1939
20171223,1500,1806,109
20171223,1600,1960,1799
20171223,1730,19,13
20171226,1230,1943,19
20171226,1415,5,1808
20171226,1500,1799,1
20171226,1500,1939,1806
20171226,1500,9,1960
20171226,1500,11,1796
20171226,1500,13,10
20171226,1500,18,17
20171226,1600,1795,95
20171226,1730,109,7
20171230,1230,1943,7
20171230,1415,5,1806
20171230,1500,1799,10
20171230,1500,1939,1796
20171230,1500,9,95
20171230,1500,11,17
20171230,1500,13,1808
20171230,1500,18,19
20171230,1600,1795,1960
20171230,1730,109,1
20180101,1230,1,5
20180101,1415,1808,1943
20180101,1500,1796,9
20180101,1500,7,11
20180101,1500,95,1939
20180101,1500,10,1795
20180101,1500,17,1799
20180101,1500,1806,13
20180101,1600,1960,18
20180101,1730,19,109
20180113,1230,1943,1
20180113,1415,5,95
20180113,1500,1799,1796
20180113,1500,1939,19
20180113,1500,9,10
20180113,1500,11,1806
20180113,1500,13,1960
20180113,1500,18,7
20180113,1600,1795,17
20180113,1730,109,1808
20180120,1230,1,1799
20180120,1415,1808,5
20180120,1500,1796,11
20180120,1500,7,109
20180120,1500,95,1795
20180120,1500,10,13
20180120,1500,17,18
20180120,1500,1806,1939
20180120,1600,1960,9
20180120,1730,19,1943
20180130,1945,1939,9
20180130,1945,1960,1
20180130,1945,19,1799
20180131,1945,5,1943
20180131,1945,7,95
20180131,1945,13,1796
20180131,1945,17,1808
20180131,2000,10,109
20180131,2000,1806,1795
20180131,2000,18,11
20180203,1230,1,7
20180203,1415,1943,1806
20180203,1500,1808,19
20180203,1500,1796,10
20180203,1500,1799,13
20180203,1500,95,1960
20180203,1500,9,18
20180203,1500,11,1939
20180203,1600,1795,5
20180203,1730,109,17
20180210,1230,5,109
20180210,1415,7,1799
20180210,1500,1939,1943
20180210,1500,10,95
20180210,1500,13,11
20180210,1500,17,9
20180210,1500,1806,1808
20180210,1500,1960,1796
20180210,1600,18,1
20180210,1730,19,1795
20180224,1230,1,10
20180224,1415,1943,13
20180224,1500,1808,1960
20180224,1500,1796,17
20180224,1500,1799,18
20180224,1500,95,1806
20180224,1500,9,19
20180224,1500,11,5
20180224,1600,1795,7
20180224,1730,109,1939
20180303,1230,1808,1
20180303,1415,1796,7
20180303,1500,1799,11
20180303,1500,95,1943
20180303,1500,9,13
20180303,1500,10,5
20180303,1500,17,1806
20180303,1500,1960,19
20180303,1600,18,1939
20180303,1730,1795,109
20180310,1230,1,1795
20180310,1415,1943,18
20180310,1500,5,1799
20180310,1500,7,1808
20180310,1500,1939,1960
20180310,1500,11,9
20180310,1500,13,17
20180310,1500,1806,10
20180310,1600,109,95
20180310,1730,19,1796
20180317,1230,1943,109
20180317,1415,1796,5
20180317,1500,1939,1799
20180317,1500,95,1
20180317,1500,9,1795
20180317,1500,10,1808
20180317,1500,1806,7
20180317,1500,1960,17
20180317,1600,18,13
20180317,1730,19,11
20180331,1230,1,1806
20180331,1415,1808,95
20180331,1500,5,18
20180331,1500,1799,9
20180331,1500,7,10
20180331,1500,11,1960
20180331,1500,13,1939
20180331,1500,1795,1943
20180331,1600,109,1796
20180331,1730,19,17
20180407,1230,1,17
20180407,1415,1943,1799
20180407,1500,1808,1939
20180407,1500,5,19
20180407,1500,7,9
20180407,1500,95,13
20180407,1500,10,11
20180407,1500,1806,18
20180407,1600,1795,1796
20180407,1730,109,1960
20180414,1230,1796,95
20180414,1415,1799,1808
20180414,1500,1939,1795
20180414,1500,9,1943
20180414,1500,11,109
20180414,1500,13,1
20180414,1500,17,5
20180414,1500,1960,7
20180414,1600,18,10
20180414,1730,19,1806
20180421,1230,1,19
20180421,1415,1943,11
20180421,1500,1808,18
20180421,1500,5,1939
20180421,1500,7,13
20180421,1500,95,17
20180421,1500,10,1960
20180421,1500,1806,1796
20180421,1600,1795,1799
20180421,1730,109,9
20180428,1230,1796,1808
20180428,1415,1799,95
20180428,1500,1939,7
20180428,1500,9,1806
20180428,1500,11,1
20180428,1500,13,109
20180428,1500,17,1943
20180428,1500,1960,5
20180428,1600,18,1795
20180428,1730,19,10
20180505,1230,1,1796
20180505,1415,1943,1960
20180505,1500,1808,11
20180505,1500,5,9
20180505,1500,7,17
20180505,1500,95,19
20180505,1500,10,1939
20180505,1500,1806,1799
20180505,1600,1795,13
20180505,1730,109,18
20180513,1500,1796,1943
20180513,1500,1799,109
20180513,1500,1939,1
20180513,1500,9,1808
20180513,1500,11,1795
20180513,1500,13,5
20180513,1500,17,10
20180513,1500,1960,1806
20180513,1500,18,95
20180513,1500,19,7
