Date,Local Time,Home ID,Away ID
20160812,2030,69,62
20160814,1500,1823,66
20160813,2000,110569,71
20160813,2000,68,65
20160813,1700,59,1819
20160813,2000,70,1530
20160814,1700,72,74
20160814,2100,219,1809
20160812,2000,58,73
20160813,2000,210,217
20160820,2000,1530,72
20160821,1700,1819,70
20160819,2030,62,219
20160820,2000,217,58
20160821,2100,71,69
20160820,2000,65,110569
20160821,1400,66,210
20160820,1700,73,68
20160820,2000,74,1823
20160820,2000,1809,59
20160827,2000,1823,62
20160827,2000,1819,1809
20160828,1700,110569,66
20160827,2000,68,1530
20160828,1400,59,71
20160827,2000,70,74
20160826,2030,72,65
20160827,1700,219,217
20160827,2000,210,58
20160828,2100,69,73
20160910,2000,1530,110569
20160910,2000,62,70
20160911,1400,217,1823
20160910,2000,71,68
20160910,1700,65,69
20160910,2000,72,219
20160909,2030,66,59
20160911,2100,73,1819
20160910,2000,58,1809
20160911,1700,74,210
20160916,2030,69,74
20160917,2000,1823,71
20160917,2000,1819,58
20160917,2000,110569,68
20160917,2000,217,65
20160918,1400,59,1530
20160918,1700,70,72
20160917,1700,210,73
20160917,2000,1809,62
20160918,2100,219,66
20160921,2000,1530,210
20160921,2000,62,217
20160921,2000,68,59
20160922,1400,71,1819
20160920,2030,65,1809
20160921,2000,72,69
20160922,1700,66,70
20160921,1700,73,110569
20160921,2000,58,1823
20160922,2100,74,219
20160925,1400,69,1530
20160924,2000,1823,72
20160923,2030,1819,65
20160924,2000,110569,74
20160925,1400,217,66
20160924,2000,59,210
20160924,2000,70,68
20160925,2100,219,71
20160924,2000,58,62
20160924,1700,1809,73
20161001,2000,1530,219
20161001,2000,110569,70
20160930,2030,68,69
20161001,2000,71,58
20161002,1400,65,1823
20161002,1700,72,217
20161001,1700,73,59
20161001,2000,210,1809
20161001,2000,74,62
20161002,2100,66,1819
20161015,1700,1823,73
20161015,2000,1819,110569
20161016,1700,62,65
20161015,2000,217,71
20161015,2000,70,210
20161014,2030,72,66
20161015,2000,219,68
20161015,2000,58,1530
20161016,2100,74,59
20161016,1400,1809,69
20161022,2000,1530,1809
20161021,2030,69,70
20161022,2000,110569,217
20161022,2000,68,72
20161023,1400,71,74
20161022,1700,59,1823
20161022,2000,65,58
20161023,1700,66,62
20161022,2000,210,1819
20161023,2100,73,219
20161029,2000,1823,210
20161030,1700,1819,69
20161029,2000,62,1530
20161029,2000,217,70
20161029,1700,65,73
20161029,2000,72,71
20161030,2100,219,59
20161029,2000,58,110569
20161030,1400,74,68
20161028,2030,1809,66
20161105,2000,1530,65
20161104,2030,69,1823
20161105,2000,110569,62
20161105,2000,68,1819
20161105,1700,71,1809
20161105,2000,59,217
20161106,1700,70,219
20161106,1400,66,58
20161106,2100,73,74
20161105,2000,210,72
20161119,2000,1823,110569
20161119,2000,1819,72
20161120,1400,62,59
20161120,1700,217,69
20161120,2100,65,66
20161119,2000,219,210
20161119,1700,73,71
20161119,2000,58,70
20161118,2030,74,1530
20161119,2000,1809,68
20161126,1700,1530,1819
20161125,2030,69,219
20161126,2000,68,217
20161127,1700,71,65
20161126,2000,59,110569
20161126,2000,70,1823
20161127,1400,72,58
20161126,2000,210,62
20161126,2000,74,1809
20161127,2100,66,73
20161130,1900,1823,68
20161130,2100,1819,219
20161130,1900,110569,69
20161130,1900,62,72
20161130,1900,217,74
20161129,2100,71,66
20161130,1900,65,210
20161130,1900,73,1530
20161130,1900,58,59
20161130,1900,1809,70
20161203,2000,1530,217
20161203,2000,69,58
20161204,1700,62,71
20161203,2000,68,66
20161204,2100,59,65
20161203,1700,70,73
20161203,2000,72,1809
20161204,1400,219,1823
20161203,2000,210,110569
20161202,2030,74,1819
20161210,2000,1823,1530
20161211,1400,1819,62
20161210,2000,110569,219
20161211,1700,71,210
20161209,2030,59,69
20161210,2000,65,70
20161211,2100,66,74
20161210,1700,73,72
20161210,2000,58,68
20161210,2000,1809,217
20161218,1700,1530,71
20161218,1400,62,73
20161217,2000,217,1819
20161217,1700,70,59
20161217,2000,72,110569
20161216,2030,219,65
20161217,2000,210,68
20161217,2000,74,58
20161217,2000,1809,1823
20161218,2100,69,66
20161221,1900,69,210
20161221,1900,1819,1823
20161221,1900,110569,1809
20161221,1900,68,62
20161221,1900,71,70
20161221,1900,59,72
20161220,2100,65,74
20161221,1900,66,1530
20161221,1900,73,217
20161221,2100,58,219
20170115,1700,1530,59
20170114,2000,1823,58
20170114,2000,217,62
20170115,1400,65,1819
20170114,2000,70,110569
20170114,2000,72,68
20170115,2100,219,69
20170114,1700,210,66
20170113,2030,74,73
20170114,2000,1809,71
20170122,1700,69,217
20170122,1400,1819,1530
20170121,2000,110569,65
20170120,2030,62,74
20170121,2000,68,70
20170121,1700,71,73
20170121,2000,59,1809
20170121,2000,58,72
20170121,2000,210,1823
20170122,2100,66,219
20170128,2000,1530,68
20170128,1700,1823,59
20170128,2000,217,110569
20170128,2000,72,62
20170127,2030,219,70
20170128,2000,66,65
20170128,2000,58,210
20170129,1700,74,71
20170129,1400,1809,1819
20170129,2100,73,69
20170205,1400,69,72
20170204,1700,110569,73
20170204,2000,62,210
20170205,1700,68,219
20170204,2000,71,1823
20170203,2030,59,74
20170204,2000,65,217
20170204,2000,70,58
20170204,2000,1809,1530
20170205,2100,1819,66
20170208,2000,1530,74
20170208,1700,217,1809
20170208,2000,68,110569
20170207,2030,70,69
20170208,2000,72,1819
20170208,2000,219,62
20170209,1700,66,1823
20170209,2100,73,65
20170208,2000,58,71
20170209,1400,210,59
20170211,2000,69,68
20170211,2000,1823,70
20170211,1700,1819,217
20170211,2000,110569,210
20170211,2000,62,66
20170210,2030,71,219
20170212,2100,59,73
20170212,1700,65,1530
20170212,1400,74,72
20170211,2000,1809,58
20170218,2000,1530,1823
20170218,2000,217,72
20170218,2000,68,71
20170219,1400,59,62
20170218,2000,70,1819
20170219,2100,219,74
20170217,2030,66,110569
20170218,1700,73,1809
20170219,1700,58,69
20170218,2000,210,65
20170225,2000,1530,58
20170225,2000,1823,1809
20170226,1400,1819,210
20170225,2000,62,69
20170225,2000,71,110569
20170224,2030,65,59
20170225,2000,72,70
20170225,1700,66,68
20170226,1700,74,217
20170226,2100,219,73
20170305,1400,69,71
20170304,2000,110569,72
20170305,1700,217,219
20170304,2000,68,74
20170305,2100,59,66
20170304,2000,70,62
20170304,1700,73,1823
20170304,2000,58,1819
20170304,2000,210,1530
20170303,2030,1809,65
20170312,2100,69,59
20170312,1700,1823,65
20170311,2000,1819,68
20170311,2000,62,58
20170312,1400,217,73
20170311,2000,70,71
20170310,2030,72,210
20170311,2000,219,1530
20170311,1700,66,1809
20170311,2000,74,110569
20170318,2000,1530,62
20170318,2000,1823,217
20170319,1400,110569,1819
20170318,2000,68,58
20170318,2000,71,72
20170317,2030,59,70
20170319,1700,65,219
20170318,2000,210,69
20170318,1700,1809,74
20170319,2100,73,66
20170402,2000,69,1819
20170402,2000,62,1823
20170402,2000,217,210
20170402,1700,68,73
20170403,1700,71,1530
20170402,2000,70,1809
20170401,2030,72,59
20170403,1400,219,110569
20170402,2000,58,65
20170403,2100,74,66
20170408,2000,1530,69
20170409,1400,1823,74
20170409,2100,1819,71
20170408,2000,110569,58
20170408,2000,59,68
20170408,2000,65,72
20170408,2000,66,217
20170408,1700,73,62
20170409,1700,210,70
20170407,2030,1809,219
20170415,1700,1530,73
20170415,2000,69,110569
20170415,2000,62,1809
20170415,2000,68,210
20170416,1400,71,59
20170415,2000,70,217
20170415,2000,72,1823
20170416,2100,219,1819
20170414,2030,58,66
20170416,1700,74,65
20170423,1700,1823,219
20170423,1400,1819,74
20170422,2000,110569,1530
20170422,2000,217,68
20170422,2000,59,58
20170421,2030,65,62
20170422,1700,73,70
20170422,2000,210,71
20170422,2000,1809,72
20170423,2100,66,69
20170429,1700,1530,66
20170428,2030,69,1809
20170429,2000,110569,59
20170429,2000,62,1819
20170429,2000,68,1823
20170430,1700,71,217
20170429,2000,70,65
20170430,2100,72,73
20170429,2000,58,74
20170430,1400,210,219
20170506,2000,1823,69
20170507,1400,1819,59
20170506,2000,62,110569
20170506,2000,217,1530
20170505,2030,65,68
20170507,2100,219,72
20170507,1700,66,71
20170506,2000,73,58
20170506,1700,74,70
20170506,2000,1809,210
20170513,2100,69,65
20170513,2100,1819,73
20170513,2100,110569,1823
20170513,2100,68,1809
20170513,2100,71,62
20170513,2100,59,219
20170513,2100,70,66
20170513,2100,72,1530
20170513,2100,58,217
20170513,2100,210,74
20170520,2100,1530,70
20170520,2100,1823,1819
20170520,2100,62,68
20170520,2100,217,59
20170520,2100,65,71
20170520,2100,219,58
20170520,2100,66,72
20170520,2100,73,210
20170520,2100,74,69
20170520,2100,1809,110569
