Date,Time,Home Id,Away Id
20170819,1600,1853,483
20170819,1800,110062,240
20170819,1800,450,457
20170819,2000,241,449
20170819,2200,100888,463
20170820,1200,481,452
20170820,1300,573,467
20170820,1600,448,1860
20170820,2000,242,243
20170821,2000,461,472
20170826,1300,110062,573
20170826,1600,1853,242
20170826,1800,457,483
20170826,2000,449,450
20170826,2200,463,241
20170827,1200,452,100888
20170827,1600,1860,481
20170827,1800,467,448
20170827,2000,243,461
20170828,2000,472,240
20170909,1300,243,1853
20170909,1600,242,457
20170909,1800,483,449
20170909,2000,450,463
20170909,2200,241,452
20170910,1200,100888,1860
20170910,1600,481,467
20170910,1800,448,110062
20170910,2000,461,240
20170911,2000,573,472
20170916,1300,452,450
20170916,1600,457,243
20170916,1800,449,242
20170916,2000,463,483
20170916,2200,1853,461
20170917,1200,1860,241
20170917,1600,467,100888
20170917,1800,110062,481
20170917,2000,240,573
20170918,2000,472,448
20170920,1800,1853,457
20170920,1800,243,449
20170920,2000,450,1860
20170920,2000,242,463
20170920,2000,483,452
20170920,2200,461,573
20170921,1800,100888,110062
20170921,1800,241,467
20170921,2000,448,240
20170921,2000,481,472
20170923,1300,457,461
20170923,1600,449,1853
20170923,1800,463,243
20170923,2000,452,242
20170923,2200,1860,483
20170924,1200,467,450
20170924,1600,110062,241
20170924,1800,472,100888
20170924,2000,240,481
20170925,2000,573,448
20170930,1300,457,449
20170930,1600,1853,463
20170930,1800,243,452
20170930,2000,242,1860
20170930,2200,483,467
20171001,1200,450,110062
20171001,1600,241,472
20171001,1800,100888,240
20171001,2000,461,448
20171002,2000,481,573
20171014,1300,449,461
20171014,1600,463,457
20171014,1800,452,1853
20171014,2000,1860,243
20171014,2200,467,242
20171015,1200,110062,483
20171015,1600,472,450
20171015,1800,448,481
20171015,2000,240,241
20171016,2000,573,100888
20171021,1300,449,463
20171021,1600,457,452
20171021,1800,1853,1860
20171021,2000,243,467
20171021,2200,242,110062
20171022,1200,483,472
20171022,1600,241,573
20171022,1800,450,240
20171022,2000,461,481
20171023,2000,100888,448
20171028,1300,463,461
20171028,1600,452,449
20171028,1800,1860,457
20171028,2000,467,1853
20171028,2200,110062,243
20171029,1200,472,242
20171029,1600,573,450
20171029,1800,240,483
20171029,2000,448,241
20171030,2000,481,100888
20171104,1300,463,452
20171104,1600,449,1860
20171104,1800,457,467
20171104,2000,1853,110062
20171104,2000,243,472
20171105,1200,483,573
20171105,1600,242,240
20171105,1800,450,448
20171105,2000,241,481
20171106,2000,461,100888
20171118,1300,452,461
20171118,1600,1860,463
20171118,1800,467,449
20171118,2000,110062,457
20171118,2200,472,1853
20171119,1200,481,450
20171119,1600,573,242
20171119,1800,448,483
20171119,2000,240,243
20171120,2000,100888,241
20171125,1300,452,1860
20171125,1600,463,467
20171125,1800,449,110062
20171125,2000,457,472
20171125,2200,1853,240
20171126,1200,243,573
20171126,1600,242,448
20171126,1800,483,481
20171126,2000,461,241
20171127,2000,450,100888
20171202,1300,1860,461
20171202,1600,467,452
20171202,1800,110062,463
20171202,2000,472,449
20171202,2200,240,457
20171203,1200,573,1853
20171203,1600,100888,483
20171203,1800,481,242
20171203,2000,448,243
20171204,2000,241,450
20171209,1300,1860,467
20171209,1600,452,110062
20171209,1800,463,472
20171209,2000,449,240
20171209,2200,457,573
20171210,1200,1853,448
20171210,1600,242,100888
20171210,1800,243,481
20171210,2000,483,241
20171211,2000,461,450
20171216,1300,467,461
20171216,1600,110062,1860
20171216,1800,472,452
20171216,2000,240,463
20171216,2200,573,449
20171217,1200,448,457
20171217,1600,481,1853
20171217,1800,100888,243
20171217,2000,241,242
20171218,2000,450,483
20171220,1800,1860,472
20171220,1800,452,240
20171220,1800,467,110062
20171220,2000,449,448
20171221,1800,1853,100888
20171221,1800,457,481
20171221,2000,463,573
20171221,2000,242,450
20171221,2200,243,241
20171221,2200,461,483
20180106,1300,461,110062
20180106,1600,472,467
20180106,1800,240,1860
20180106,2000,573,452
20180106,2200,481,449
20180107,1200,100888,457
20180107,1600,448,463
20180107,1800,241,1853
20180107,2000,450,243
20180108,2000,483,242
20180113,1300,110062,472
20180113,1600,467,240
20180113,1800,1860,573
20180113,1800,452,448
20180113,2000,242,461
20180114,1200,449,100888
20180114,1600,457,241
20180114,1800,1853,450
20180114,2000,243,483
20180115,2000,463,481
20180120,1300,483,1853
20180120,1600,457,450
20180120,1800,449,241
20180120,2000,243,242
20180120,2200,463,100888
20180121,1200,452,481
20180121,1600,1860,448
20180121,1800,467,573
20180121,2000,472,461
20180122,2000,240,110062
20180127,1300,483,457
20180127,1600,242,1853
20180127,1800,450,449
20180127,2000,241,463
20180127,2200,461,243
20180128,1200,100888,452
20180128,1600,481,1860
20180128,1800,448,467
20180128,2000,240,472
20180129,2000,573,110062
20180203,1300,457,242
20180203,1600,1853,243
20180203,1800,449,483
20180203,2000,463,450
20180203,2200,452,241
20180204,1200,1860,100888
20180204,1600,467,481
20180204,1800,110062,448
20180204,2000,240,461
20180205,2000,472,573
20180210,1300,450,452
20180210,1600,243,457
20180210,1800,242,449
20180210,2000,483,463
20180210,2200,461,1853
20180211,1200,241,1860
20180211,1600,100888,467
20180211,1800,481,110062
20180211,2000,573,240
20180212,2000,448,472
20180217,1300,457,1853
20180217,1600,449,243
20180217,1800,463,242
20180217,2000,452,483
20180217,2200,1860,450
20180218,1200,467,241
20180218,1600,110062,100888
20180218,1800,472,481
20180218,2000,240,448
20180219,2000,573,461
20180224,1300,461,457
20180224,1600,1853,449
20180224,1800,243,463
20180224,2000,242,452
20180224,2200,483,1860
20180225,1200,450,467
20180225,1600,241,110062
20180225,1800,100888,472
20180225,2000,481,240
20180226,2000,448,573
20180228,1800,463,1853
20180228,1800,452,243
20180228,1800,449,457
20180228,2000,467,483
20180228,2200,1860,242
20180301,1800,240,100888
20180301,1800,110062,450
20180301,1800,472,241
20180301,2000,573,481
20180301,2200,448,461
20180303,1300,461,449
20180303,1600,457,463
20180303,1800,1853,452
20180303,2000,243,1860
20180303,2200,242,467
20180304,1200,483,110062
20180304,1600,450,472
20180304,1800,481,448
20180304,2000,241,240
20180305,2000,100888,573
20180310,1300,463,449
20180310,1600,452,457
20180310,1800,1860,1853
20180310,2000,467,243
20180310,2200,110062,242
20180311,1200,472,483
20180311,1600,240,450
20180311,1800,448,100888
20180311,2000,481,461
20180312,2000,573,241
20180317,1300,461,463
20180317,1600,449,452
20180317,1800,457,1860
20180317,2000,1853,467
20180317,2200,243,110062
20180318,1200,242,472
20180318,1600,450,573
20180318,1800,483,240
20180318,2000,241,448
20180319,2000,100888,481
20180331,1300,452,463
20180331,1600,1860,449
20180331,1800,467,457
20180331,2000,110062,1853
20180331,2200,472,243
20180401,1200,573,483
20180401,1600,448,450
20180401,1800,240,242
20180401,2000,481,241
20180402,2000,100888,461
20180407,1300,461,452
20180407,1600,463,1860
20180407,1800,449,467
20180407,2000,457,110062
20180407,2200,1853,472
20180408,1200,450,481
20180408,1600,242,573
20180408,1800,241,100888
20180408,2000,243,240
20180409,2000,483,448
20180414,1300,1860,452
20180414,1600,467,463
20180414,1800,110062,449
20180414,2000,472,457
20180414,2200,240,1853
20180415,1200,573,243
20180415,1600,448,242
20180415,1800,481,483
20180415,2000,241,461
20180416,2000,100888,450
20180418,1800,1853,573
20180418,1800,452,467
20180418,1800,449,472
20180418,1800,461,1860
20180418,2000,457,240
20180418,2200,463,110062
20180419,1800,242,481
20180419,2000,450,241
20180419,2000,483,100888
20180419,2200,243,448
20180421,1300,467,1860
20180421,1600,110062,452
20180421,1800,472,463
20180421,2000,240,449
20180421,2200,573,457
20180422,1200,448,1853
20180422,1600,100888,242
20180422,1800,481,243
20180422,2000,241,483
20180423,2000,450,461
20180428,1300,461,467
20180428,1600,1860,110062
20180428,1800,452,472
20180428,2000,463,240
20180428,2200,449,573
20180429,1200,1853,481
20180429,1600,243,100888
20180429,1800,242,241
20180429,2000,457,448
20180430,2200,483,450
20180505,1300,110062,467
20180505,1600,472,1860
20180505,1800,240,452
20180505,2000,483,461
20180505,2200,448,449
20180506,1200,481,457
20180506,1600,100888,1853
20180506,1800,241,243
20180506,2000,450,242
20180507,2000,573,463
20180512,1300,110062,461
20180512,1600,467,472
20180512,1800,1860,240
20180512,2000,452,573
20180512,2200,463,448
20180513,1200,457,100888
20180513,1600,1853,241
20180513,1800,243,450
20180513,2000,449,481
20180514,2000,242,483
20180520,2000,448,452
20180520,2000,240,467
20180520,2000,100888,449
20180520,2000,241,457
20180520,2000,573,1860
20180520,2000,450,1853
20180520,2000,481,463
20180520,2000,472,110062
20180520,2000,461,242
20180520,2000,483,243
