Date,Time,Home Id,Away Id
20150821,2030,240,472
20150821,2030,573,481
20150822,1830,242,457
20150822,1830,452,1860
20150822,2230,480,461
20150823,1830,448,241
20150823,2030,459,243
20150823,2230,1853,450
20150823,2230,449,483
20150824,2030,110832,467
20150828,2030,483,452
20150829,1830,450,480
20150829,1830,457,459
20150829,2030,241,573
20150829,2230,243,449
20150830,1830,467,448
20150830,2030,481,240
20150830,2030,461,242
20150830,2230,1860,110832
20150830,2230,472,1853
20150912,1800,1853,481
20150912,1800,450,472
20150912,2000,240,241
20150912,2000,573,467
20150912,2200,448,1860
20150913,1700,110832,483
20150913,1700,452,243
20150913,1700,449,457
20150913,1900,459,461
20150913,2100,480,242
20150919,1800,481,450
20150919,1800,472,480
20150919,2000,241,1853
20150919,2000,467,240
20150919,2200,1860,573
20150920,1700,243,110832
20150920,1700,457,452
20150920,1700,483,448
20150920,1900,461,449
20150920,2100,242,459
20150922,2000,240,1860
20150922,2000,1853,467
20150922,2000,573,483
20150922,2200,450,241
20150922,2200,472,481
20150923,2000,448,243
20150923,2000,110832,457
20150923,2000,480,459
20150923,2200,452,461
20150923,2200,449,242
20150926,1800,241,472
20150926,1800,1860,1853
20150926,2000,467,450
20150926,2000,481,480
20150926,2200,483,240
20150927,1700,242,452
20150927,1700,243,573
20150927,1700,457,448
20150927,1900,459,449
20150927,2100,461,110832
20151003,1800,240,243
20151003,1800,1853,483
20151003,2000,450,1860
20151003,2000,481,241
20151003,2200,472,467
20151004,1700,448,461
20151004,1700,110832,242
20151004,1700,573,457
20151004,1900,480,449
20151004,2100,452,459
20151017,1800,241,480
20151017,1800,1860,472
20151017,2000,243,1853
20151017,2000,467,481
20151017,2200,483,450
20151018,1700,242,448
20151018,1700,449,452
20151018,1700,457,240
20151018,1900,459,110832
20151018,2100,461,573
20151024,1800,241,467
20151024,1800,1853,457
20151024,2000,450,243
20151024,2000,481,1860
20151024,2200,472,483
20151025,1700,448,459
20151025,1700,240,461
20151025,1700,110832,449
20151025,1900,573,242
20151025,2100,480,452
20151027,2000,1860,241
20151027,2000,243,472
20151027,2000,457,450
20151027,2200,467,480
20151027,2200,483,481
20151028,2000,242,240
20151028,2000,452,110832
20151028,2000,449,448
20151028,2200,459,573
20151028,2200,461,1853
20151031,1800,241,483
20151031,1800,450,461
20151031,2000,467,1860
20151031,2000,481,243
20151031,2200,472,457
20151101,1700,448,452
20151101,1700,240,459
20151101,1700,1853,242
20151101,1900,573,449
20151101,2100,480,110832
20151107,1800,1860,480
20151107,1800,243,241
20151107,2000,457,481
20151107,2000,461,472
20151107,2200,483,467
20151108,1700,110832,448
20151108,1700,242,450
20151108,1700,452,573
20151108,1900,449,240
20151108,2100,459,1853
20151121,1800,241,457
20151121,1800,1860,483
20151121,2000,467,243
20151121,2000,481,461
20151121,2200,472,242
20151122,1700,240,452
20151122,1700,1853,449
20151122,1700,573,110832
20151122,1900,480,448
20151122,2100,450,459
20151128,1800,242,481
20151128,1800,243,1860
20151128,2000,457,467
20151128,2000,461,241
20151128,2200,483,480
20151129,1700,448,573
20151129,1700,110832,240
20151129,1700,452,1853
20151129,1900,449,450
20151129,2100,459,472
20151205,1800,241,242
20151205,1800,1860,457
20151205,2000,467,461
20151205,2000,481,459
20151205,2200,483,243
20151206,1700,240,448
20151206,1700,1853,110832
20151206,1700,480,573
20151206,1900,450,452
20151206,2100,472,449
20151212,1800,242,467
20151212,1800,243,480
20151212,2000,457,483
20151212,2000,459,241
20151212,2200,461,1860
20151213,1700,448,1853
20151213,1700,110832,450
20151213,1700,573,240
20151213,1900,452,472
20151213,2100,449,481
20151219,1800,241,449
20151219,1800,1860,242
20151219,2000,243,457
20151219,2000,467,459
20151219,2200,483,461
20151220,1700,1853,573
20151220,1700,480,240
20151220,1700,450,448
20151220,1900,481,452
20151220,2100,472,110832
20160102,1800,480,457
20160102,1800,242,483
20160102,2000,449,467
20160102,2000,459,1860
20160102,2200,461,243
20160103,1700,448,472
20160103,1700,240,1853
20160103,1700,110832,481
20160103,1900,573,450
20160103,2100,452,241
20160109,1800,1860,449
20160109,1800,243,242
20160109,2000,457,461
20160109,2000,467,452
20160109,2200,483,459
20160110,1700,241,110832
20160110,1700,1853,480
20160110,1700,450,240
20160110,1900,481,448
20160110,2100,472,573
20160116,1800,241,448
20160116,1800,450,1853
20160116,2000,467,110832
20160116,2000,481,573
20160116,2200,472,240
20160117,1700,1860,452
20160117,1700,243,459
20160117,1700,457,242
20160117,1900,461,480
20160117,2100,483,449
20160123,1800,448,467
20160123,1800,240,481
20160123,2000,1853,472
20160123,2000,573,241
20160123,2200,480,450
20160124,1700,110832,1860
20160124,1700,242,461
20160124,1700,452,483
20160124,1900,449,243
20160124,2100,459,457
20160130,1800,241,240
20160130,1800,1860,448
20160130,2000,467,573
20160130,2000,481,1853
20160130,2200,472,450
20160131,1700,242,480
20160131,1700,243,452
20160131,1700,457,449
20160131,1900,461,459
20160131,2100,483,110832
20160206,1800,240,467
20160206,1800,1853,241
20160206,2000,573,1860
20160206,2000,480,472
20160206,2200,450,481
20160207,1700,448,483
20160207,1700,110832,243
20160207,1700,452,457
20160207,1900,449,461
20160207,2100,459,242
20160213,1800,241,450
20160213,1800,1860,240
20160213,2000,467,1853
20160213,2000,481,472
20160213,2200,483,573
20160214,1700,242,449
20160214,1700,243,448
20160214,1700,457,110832
20160214,1900,459,480
20160214,2100,461,452
20160220,1800,240,483
20160220,1800,1853,1860
20160220,2000,480,481
20160220,2000,450,467
20160220,2200,472,241
20160221,1700,448,457
20160221,1700,110832,461
20160221,1700,573,243
20160221,1900,452,242
20160221,2100,449,459
20160227,1800,241,481
20160227,1800,1860,450
20160227,2000,243,240
20160227,2000,467,472
20160227,2200,483,1853
20160228,1700,242,110832
20160228,1700,449,480
20160228,1700,457,573
20160228,1900,459,452
20160228,2100,461,448
20160301,2000,1853,243
20160301,2000,480,241
20160301,2000,450,483
20160301,2200,481,467
20160301,2200,472,1860
20160302,2000,448,242
20160302,2000,240,457
20160302,2000,110832,459
20160302,2200,573,461
20160302,2200,452,449
20160305,1800,1860,481
20160305,1800,243,450
20160305,2000,457,1853
20160305,2000,467,241
20160305,2200,483,472
20160306,1700,242,573
20160306,1700,452,480
20160306,1700,449,110832
20160306,1900,459,448
20160306,2100,461,240
20160312,1800,241,1860
20160312,1800,480,467
20160312,2000,450,457
20160312,2000,481,483
20160312,2200,472,243
20160313,1700,448,449
20160313,1700,240,242
20160313,1700,110832,452
20160313,1900,1853,461
20160313,2100,573,459
20160319,1800,1860,467
20160319,1800,243,481
20160319,2000,457,472
20160319,2000,461,450
20160319,2200,483,241
20160320,1700,110832,480
20160320,1700,242,1853
20160320,1700,452,448
20160320,1900,449,573
20160320,2100,459,240
20160402,1800,241,243
20160402,1800,480,1860
20160402,2000,467,483
20160402,2000,481,457
20160402,2200,472,461
20160403,1700,448,110832
20160403,1700,240,449
20160403,1700,1853,459
20160403,1900,573,452
20160403,2100,450,242
20160409,1800,242,472
20160409,1800,243,467
20160409,2000,457,241
20160409,2000,461,481
20160409,2200,483,1860
20160410,1700,448,480
20160410,1700,110832,573
20160410,1700,452,240
20160410,1900,449,1853
20160410,2100,459,450
20160416,1800,241,461
20160416,1800,1860,243
20160416,2000,480,483
20160416,2000,467,457
20160416,2200,481,242
20160417,1700,240,110832
20160417,1700,1853,452
20160417,1700,573,448
20160417,1900,450,449
20160417,2100,472,459
20160419,2000,242,241
20160419,2000,243,483
20160419,2000,457,1860
20160419,2200,459,481
20160419,2200,461,467
20160420,2000,448,240
20160420,2000,110832,1853
20160420,2000,573,480
20160420,2200,452,450
20160420,2200,449,472
20160423,1800,241,459
20160423,1800,1860,461
20160423,2000,480,243
20160423,2000,467,242
20160423,2200,483,457
20160424,1700,240,573
20160424,1700,1853,448
20160424,1700,450,110832
20160424,1900,481,449
20160424,2100,472,452
20160430,1800,242,1860
20160430,1800,449,241
20160430,2000,457,243
20160430,2000,459,467
20160430,2200,461,483
20160501,1700,448,450
20160501,1700,240,480
20160501,1700,110832,472
20160501,1900,573,1853
20160501,2100,452,481
20160507,1900,241,452
20160507,1900,1860,459
20160507,1900,1853,240
20160507,1900,450,573
20160507,1900,243,461
20160507,1900,457,480
20160507,1900,467,449
20160507,1900,481,110832
20160507,1900,472,448
20160507,1900,483,242
20160515,1830,448,481
20160515,1830,240,450
20160515,1830,110832,241
20160515,1830,573,472
20160515,1830,480,1853
20160515,1830,242,243
20160515,1830,452,467
20160515,1830,449,1860
20160515,1830,459,483
20160515,1830,461,457
