3,0,5,1
3,0,5,2
3,0,5,3
3,0,5,4
3,0,6,1
3,0,6,2
3,0,6,3
3,0,6,4
5,1,8,1
6,2,8,2
6,1,9,1
5,2,9,2
8,2,11,1
9,2,11,2
8,1,13,1
9,1,13,2
19,1,22,1
19,2,22,2
19,3,22,3
19,4,22,4
19,5,22,5
19,6,22,6
19,7,23,1
19,8,23,2
19,9,23,3
19,10,24,1
19,11,24,2
19,12,24,3
19,13,24,4
19,14,24,5
19,15,24,6
19,16,24,7
19,17,24,8
19,18,24,9
20,1,25,1
20,2,25,2
20,3,26,1
20,4,26,2
20,5,26,3
16,1,27,1
16,2,27,2
16,3,27,3
16,4,27,4
17,1,28,1
17,2,28,2
17,3,29,1
18,1,30,1
18,2,30,2
22,0,32,1
23,0,32,2
24,0,32,3
26,0,32,4
22,0,33,1
24,0,33,2
30,0,33,3
26,0,33,4
22,0,34,1
24,0,34,2
28,0,34,3
26,0,34,4
25,0,35,1
23,0,35,2
24,0,35,3
29,0,35,4
22,0,36,1
24,0,36,2
24,0,36,3
27,0,36,4
22,0,37,1
24,0,37,2
30,0,37,3
27,0,37,4
22,0,38,1
24,0,38,2
28,0,38,3
27,0,38,4
25,0,39,1
23,0,39,2
24,0,39,3
27,0,39,4
32,1,41,1
32,2,41,2
32,3,41,3
32,4,41,4
33,1,42,1
33,2,42,2
33,3,42,3
33,4,42,4
34,1,43,1
34,2,43,2
34,3,43,3
34,4,43,4
35,1,44,1
35,2,44,2
35,3,44,3
35,4,44,4
36,1,45,1
36,2,45,2
36,3,45,3
36,4,45,4
37,1,46,1
37,2,46,2
37,3,46,3
37,4,46,4
38,1,47,1
38,2,47,2
38,3,47,3
38,4,47,4
39,1,48,1
39,2,48,2
39,3,48,3
39,4,48,4
41,1,50,1
42,2,50,2
43,1,51,1
44,2,51,2
45,1,52,1
46,2,52,2
47,1,53,1
48,2,53,2
42,1,54,1
41,2,54,2
44,1,55,1
43,2,55,2
46,1,56,1
45,2,56,2
48,1,57,1
47,2,57,2
50,1,59,1
51,1,59,2
52,1,60,1
53,1,60,2
54,1,61,1
55,1,61,2
56,1,62,1
57,1,62,2
59,1,64,1
60,1,64,2
61,1,65,1
62,1,65,2
64,2,67,1
65,2,67,2
64,1,69,1
65,1,69,2
72,0,75,1
73,0,75,2
72,0,76,1
73,0,76,2
75,2,78,1
76,2,78,2
75,1,80,1
76,1,80,2
84,0,88,1
85,0,88,2
85,0,88,3
85,0,88,4
86,0,88,5
86,0,88,6
84,0,89,1
84,0,89,2
84,0,89,3
84,0,89,4
84,0,89,5
85,0,90,1
85,0,90,2
85,0,90,3
85,0,90,4
85,0,90,5
85,0,90,6
85,0,90,7
85,0,90,8
86,0,90,9
86,0,90,10
86,0,90,11
86,0,90,12
86,0,90,13
86,0,90,14
86,0,90,15
90,0,92,1
90,0,92,2
90,0,92,3
90,0,92,4
90,0,92,5
90,0,92,6
90,0,92,7
90,0,92,8
90,0,92,9
90,0,92,10
90,0,92,11
88,1,94,1
88,2,94,2
88,3,94,3
88,4,94,4
88,5,94,5
88,6,94,6
97,0,102,1
98,0,102,2
99,0,102,3
100,0,102,4
97,0,103,1
98,0,103,2
99,0,103,3
100,0,103,4
97,0,104,1
98,0,104,2
99,0,104,3
100,0,104,4
97,0,105,1
98,0,105,2
99,0,105,3
100,0,105,4
102,1,107,1
103,2,107,2
104,1,108,1
105,2,108,2
103,1,109,1
102,2,109,2
105,1,110,1
104,2,110,2
107,1,112,1
108,1,112,2
109,1,113,1
110,1,113,2
112,1,115,1
113,1,115,2
118,0,122,1
119,0,122,2
119,0,122,3
119,0,122,4
120,0,122,5
120,0,122,6
118,0,123,1
118,0,123,2
118,0,123,3
118,0,123,4
118,0,123,5
119,0,124,1
119,0,124,2
119,0,124,3
119,0,124,4
119,0,124,5
119,0,124,6
119,0,124,7
119,0,124,8
120,0,124,9
120,0,124,10
120,0,124,11
120,0,124,12
120,0,124,13
120,0,124,14
120,0,124,15
124,0,126,1
124,0,126,2
124,0,126,3
124,0,126,4
124,0,126,5
124,0,126,6
124,0,126,7
124,0,126,8
124,0,126,9
122,1,128,1
122,2,128,2
122,3,128,3
122,4,128,4
122,5,128,5
122,6,128,6
136,1,138,1
136,2,138,2
136,3,138,3
136,4,138,4
136,5,138,5
136,6,138,6
136,7,138,7
136,8,138,8
136,9,138,9
136,10,138,10
136,11,138,11
136,12,138,12
136,13,138,13
136,14,138,14
136,15,138,15
136,16,138,16
136,17,138,17
136,18,138,18
136,19,138,19
136,20,138,20
138,1,140,1
138,2,140,2
138,3,140,3
138,4,140,4
138,5,140,5
138,6,140,6
138,7,140,7
138,8,140,8
138,9,140,9
138,10,140,10
138,11,141,1
138,12,141,2
138,13,141,3
138,14,141,4
138,15,141,5
138,16,141,6
138,17,141,7
138,18,141,8
138,19,141,9
138,20,141,10
141,0,143,1
140,0,143,2
141,0,144,1
140,0,144,2
141,0,145,1
140,0,145,2
141,0,146,1
140,0,146,2
141,0,147,1
140,0,147,2
141,0,148,1
140,0,148,2
141,0,149,1
140,0,149,2
141,0,150,1
140,0,150,2
141,0,151,1
140,0,151,2
141,0,152,1
140,0,152,2
134,1,154,1
135,1,155,1
135,2,155,2
135,3,155,3
135,4,155,4
135,5,155,5
135,6,155,6
135,7,155,7
135,8,155,8
135,9,155,9
135,10,155,10
135,11,155,11
135,12,155,12
135,13,155,13
135,14,155,14
135,15,155,15
135,16,155,16
135,17,155,17
135,18,155,18
135,19,155,19
135,20,155,20
135,21,155,21
143,1,155,22
144,1,155,23
145,1,155,24
146,1,155,25
147,1,155,26
148,1,155,27
149,1,155,28
150,1,155,29
151,1,155,30
152,1,155,31
154,1,157,1
155,1,157,2
155,2,157,3
155,3,157,4
155,4,157,5
155,5,157,6
155,6,157,7
155,7,157,8
155,8,158,1
155,9,158,2
155,10,158,3
155,11,158,4
155,12,158,5
155,13,158,6
155,14,158,7
155,15,158,8
155,16,159,1
155,17,159,2
155,18,159,3
155,19,159,4
155,20,159,5
155,21,159,6
155,22,159,7
155,23,159,8
155,24,160,1
155,25,160,2
155,26,160,3
155,27,160,4
155,28,160,5
155,29,160,6
155,30,160,7
155,31,160,8
157,0,162,1
158,0,162,2
159,0,162,3
160,0,162,4
157,0,163,1
158,0,163,2
159,0,163,3
160,0,163,4
157,0,164,1
158,0,164,2
159,0,164,3
160,0,164,4
157,0,165,1
158,0,165,2
159,0,165,3
160,0,165,4
157,0,166,1
158,0,166,2
159,0,166,3
160,0,166,4
157,0,167,1
158,0,167,2
159,0,167,3
160,0,167,4
157,0,168,1
158,0,168,2
159,0,168,3
160,0,168,4
157,0,169,1
158,0,169,2
159,0,169,3
160,0,169,4
162,1,171,1
163,1,171,2
164,1,171,3
165,1,171,4
166,1,171,5
167,1,171,6
168,1,171,7
169,1,171,8
162,2,172,1
163,2,172,2
164,2,172,3
165,2,172,4
166,2,172,5
167,2,172,6
168,2,172,7
169,2,172,8
172,0,174,1
171,0,174,2
172,0,175,1
171,0,175,2
172,0,176,1
171,0,176,2
172,0,177,1
171,0,177,2
172,0,178,1
171,0,178,2
172,0,179,1
171,0,179,2
172,0,180,1
171,0,180,2
172,0,181,1
171,0,181,2
174,1,183,1
175,1,183,2
176,1,183,3
177,1,183,4
178,1,183,5
179,1,183,6
180,1,183,7
181,1,183,8
183,1,185,1
183,2,185,2
183,3,186,1
183,4,186,2
183,5,187,1
183,6,187,2
183,7,188,1
183,8,188,2
185,1,190,1
186,1,190,2
187,1,190,3
188,1,190,4
190,1,192,1
190,2,192,2
190,3,193,1
190,4,193,2
192,1,195,1
193,1,195,2
200,1,202,1
200,2,202,2
200,3,202,3
200,4,202,4
200,5,202,5
200,6,202,6
200,7,202,7
200,8,202,8
200,9,202,9
200,10,202,10
200,11,202,11
200,12,202,12
200,13,202,13
200,14,202,14
200,15,202,15
200,16,202,16
200,17,202,17
200,18,202,18
200,19,202,19
200,20,202,20
200,21,202,21
200,22,202,22
200,23,202,23
200,24,202,24
200,25,202,25
200,26,202,26
200,27,202,27
200,28,202,28
200,29,202,29
200,30,202,30
200,31,202,31
200,32,202,32
200,33,202,33
200,34,202,34
200,35,202,35
200,36,202,36
200,37,202,37
200,38,202,38
200,39,202,39
200,40,202,40
200,41,202,41
200,42,202,42
200,43,202,43
200,44,202,44
202,1,204,1
202,2,204,2
202,3,204,3
202,4,204,4
202,5,204,5
202,6,204,6
202,7,204,7
202,8,204,8
202,9,204,9
202,10,204,10
202,11,204,11
202,12,204,12
202,13,204,13
202,14,204,14
202,15,204,15
202,16,204,16
202,17,204,17
202,18,204,18
202,19,204,19
202,20,204,20
202,21,204,21
202,22,204,22
202,23,205,1
202,24,205,2
202,25,205,3
202,26,205,4
202,27,205,5
202,28,205,6
202,29,205,7
202,30,205,8
202,31,205,9
202,32,205,10
202,33,205,11
202,34,205,12
202,35,205,13
202,36,205,14
202,37,205,15
202,38,205,16
202,39,205,17
202,40,205,18
202,41,205,19
202,42,205,20
202,43,205,21
202,44,205,22
204,0,207,1
205,0,207,2
204,0,208,1
205,0,208,2
204,0,209,1
205,0,209,2
204,0,210,1
205,0,210,2
204,0,211,1
205,0,211,2
204,0,212,1
205,0,212,2
204,0,213,1
205,0,213,2
204,0,214,1
205,0,214,2
204,0,215,1
205,0,215,2
204,0,216,1
205,0,216,2
204,0,217,1
205,0,217,2
204,0,218,1
205,0,218,2
204,0,219,1
205,0,219,2
204,0,220,1
205,0,220,2
204,0,221,1
205,0,221,2
204,0,222,1
205,0,222,2
204,0,223,1
205,0,223,2
204,0,224,1
205,0,224,2
204,0,225,1
205,0,225,2
204,0,226,1
205,0,226,2
204,0,227,1
205,0,227,2
204,0,228,1
205,0,228,2
198,1,230,1
199,1,231,1
199,2,231,2
199,3,231,3
199,4,231,4
199,5,231,5
199,6,231,6
199,7,231,7
199,8,231,8
199,9,231,9
199,10,231,10
199,11,231,11
199,12,231,12
199,13,231,13
199,14,231,14
199,15,231,15
207,1,231,16
208,1,231,17
209,1,231,18
210,1,231,19
211,1,231,20
212,1,231,21
213,1,231,22
214,1,231,23
215,1,231,24
216,1,231,25
217,1,231,26
218,1,231,27
219,1,231,28
220,1,231,29
221,1,231,30
222,1,231,31
223,1,231,32
224,1,231,33
225,1,231,34
226,1,231,35
227,1,231,36
228,1,231,37
143,2,231,38
144,2,231,39
145,2,231,40
146,2,231,41
147,2,231,42
148,2,231,43
149,2,231,44
150,2,231,45
151,2,231,46
152,2,231,47
230,1,233,1
231,1,233,2
231,2,233,3
231,3,233,4
231,4,233,5
231,5,233,6
231,6,233,7
231,7,233,8
231,8,233,9
231,9,233,10
231,10,233,11
231,11,233,12
231,12,234,1
231,13,234,2
231,14,234,3
231,15,234,4
231,16,234,5
231,17,234,6
231,18,234,7
231,19,234,8
231,20,234,9
231,21,234,10
231,22,234,11
231,23,234,12
231,24,235,1
231,25,235,2
231,26,235,3
231,27,235,4
231,28,235,5
231,29,235,6
231,30,235,7
231,31,235,8
231,32,235,9
231,33,235,10
231,34,235,11
231,35,235,12
231,36,236,1
231,37,236,2
231,38,236,3
231,39,236,4
231,40,236,5
231,41,236,6
231,42,236,7
231,43,236,8
231,44,236,9
231,45,236,10
231,46,236,11
231,47,236,12
233,0,238,1
234,0,238,2
235,0,238,3
236,0,238,4
233,0,239,1
234,0,239,2
235,0,239,3
236,0,239,4
233,0,240,1
234,0,240,2
235,0,240,3
236,0,240,4
233,0,241,1
234,0,241,2
235,0,241,3
236,0,241,4
233,0,242,1
234,0,242,2
235,0,242,3
236,0,242,4
233,0,243,1
234,0,243,2
235,0,243,3
236,0,243,4
233,0,244,1
234,0,244,2
235,0,244,3
236,0,244,4
233,0,245,1
234,0,245,2
235,0,245,3
236,0,245,4
233,0,246,1
234,0,246,2
235,0,246,3
236,0,246,4
233,0,247,1
234,0,247,2
235,0,247,3
236,0,247,4
233,0,248,1
234,0,248,2
235,0,248,3
236,0,248,4
233,0,249,1
234,0,249,2
235,0,249,3
236,0,249,4
162,3,251,1
163,3,251,2
164,3,251,3
165,3,251,4
166,3,251,5
167,3,251,6
168,3,251,7
169,3,251,8
238,1,253,1
239,1,253,2
240,1,253,3
241,1,253,4
242,1,253,5
243,1,253,6
244,1,253,7
245,1,253,8
246,1,253,9
247,1,253,10
248,1,253,11
249,1,253,12
251,1,253,13
251,2,253,14
251,3,253,15
251,4,253,16
238,2,254,1
239,2,254,2
240,2,254,3
241,2,254,4
242,2,254,5
243,2,254,6
244,2,254,7
245,2,254,8
246,2,254,9
247,2,254,10
248,2,254,11
249,2,254,12
251,5,254,13
251,6,254,14
251,7,254,15
251,8,254,16
254,0,256,1
253,0,256,2
254,0,257,1
253,0,257,2
254,0,258,1
253,0,258,2
254,0,259,1
253,0,259,2
254,0,260,1
253,0,260,2
254,0,261,1
253,0,261,2
254,0,262,1
253,0,262,2
254,0,263,1
253,0,263,2
254,0,264,1
253,0,264,2
254,0,265,1
253,0,265,2
254,0,266,1
253,0,266,2
254,0,267,1
253,0,267,2
254,0,268,1
253,0,268,2
254,0,269,1
253,0,269,2
254,0,270,1
253,0,270,2
254,0,271,1
253,0,271,2
256,1,273,1
257,1,273,2
258,1,273,3
259,1,273,4
260,1,273,5
261,1,273,6
262,1,273,7
263,1,273,8
264,1,273,9
265,1,273,10
266,1,273,11
267,1,273,12
268,1,273,13
269,1,273,14
270,1,273,15
271,1,273,16
273,1,275,1
273,2,275,2
273,3,276,1
273,4,276,2
273,5,277,1
273,6,277,2
273,7,278,1
273,8,278,2
273,9,279,1
273,10,279,2
273,11,280,1
273,12,280,2
273,13,281,1
273,14,281,2
273,15,282,1
273,16,282,2
275,1,284,1
276,1,284,2
277,1,284,3
278,1,284,4
279,1,284,5
280,1,284,6
281,1,284,7
282,1,284,8
284,1,286,1
284,2,286,2
284,3,287,1
284,4,287,2
284,5,288,1
284,6,288,2
284,7,289,1
284,8,289,2
286,1,291,1
287,1,291,2
288,1,291,3
289,1,291,4
291,1,293,1
291,2,293,2
291,3,294,1
291,4,294,2
293,1,296,1
294,1,296,2
300,7,302,1
300,9,302,2
300,8,303,1
300,10,303,2
300,1,305,1
302,1,305,2
300,2,306,1
303,1,306,2
300,3,307,1
300,6,307,2
300,4,308,1
300,5,308,2
305,1,310,1
308,1,310,2
306,1,311,1
307,1,311,2
310,1,313,1
311,1,313,2
320,1,322,1
320,16,322,2
320,2,323,1
320,15,323,2
320,3,324,1
320,14,324,2
320,4,325,1
320,13,325,2
320,5,326,1
320,12,326,2
320,6,327,1
320,11,327,2
320,7,328,1
320,10,328,2
320,8,329,1
320,9,329,2
322,1,331,1
329,1,331,2
323,1,332,1
328,1,332,2
324,1,333,1
327,1,333,2
325,1,334,1
326,1,334,2
331,1,336,1
334,1,336,2
332,1,337,1
333,1,337,2
336,1,339,1
337,1,339,2
342,1,344,1
342,2,344,2
342,3,344,3
342,4,344,4
342,5,344,5
342,6,344,6
348,5,350,1
348,12,350,2
348,6,351,1
348,11,351,2
348,7,352,1
348,10,352,2
348,8,353,1
348,9,353,2
348,1,355,1
353,1,355,2
348,2,356,1
352,1,356,2
348,3,357,1
351,1,357,2
348,4,358,1
350,1,358,2
355,1,360,1
358,1,360,2
356,1,361,1
357,1,361,2
360,1,363,1
361,1,363,2
373,1,375,1
373,2,375,2
373,3,375,3
373,4,375,4
373,5,375,5
373,6,375,6
373,7,375,7
373,8,375,8
373,9,375,9
373,10,375,10
373,11,375,11
373,12,375,12
373,13,375,13
373,14,375,14
373,15,375,15
373,16,375,16
373,17,375,17
373,18,375,18
373,19,375,19
373,20,375,20
373,21,375,21
373,22,375,22
373,23,375,23
373,24,375,24
375,1,377,1
375,2,377,2
375,3,378,1
375,4,378,2
375,5,379,1
375,6,379,2
375,7,380,1
375,8,380,2
375,9,381,1
375,10,381,2
375,11,382,1
375,12,382,2
375,13,383,1
375,14,383,2
375,15,384,1
375,16,384,2
377,2,386,1
377,1,386,2
378,2,387,1
378,1,387,2
379,2,388,1
379,1,388,2
380,2,389,1
380,1,389,2
381,2,390,1
381,1,390,2
382,2,391,1
382,1,391,2
383,2,392,1
383,1,392,2
384,2,393,1
384,1,393,2
375,17,395,25
375,18,395,26
375,19,395,27
375,20,395,28
375,21,395,29
375,22,395,30
375,23,395,31
375,24,395,32
386,1,395,33
387,1,395,34
388,1,395,35
389,1,395,36
390,1,395,37
391,1,395,38
392,1,395,39
393,1,395,40
395,1,397,1
395,2,397,2
395,3,398,1
395,4,398,2
395,5,399,1
395,6,399,2
395,7,400,1
395,8,400,2
395,9,401,1
395,10,401,2
395,11,402,1
395,12,402,2
395,13,403,1
395,14,403,2
395,15,404,1
395,16,404,2
395,17,405,1
395,18,405,2
395,19,406,1
395,20,406,2
395,21,407,1
395,22,407,2
395,23,408,1
395,24,408,2
395,25,409,1
395,26,409,2
395,27,410,1
395,28,410,2
395,29,411,1
395,30,411,2
395,31,412,1
395,32,412,2
395,33,413,1
395,34,413,2
395,35,414,1
395,36,414,2
395,37,415,1
395,38,415,2
395,39,416,1
395,40,416,2
397,2,418,1
397,1,418,2
398,2,419,1
398,1,419,2
399,2,420,1
399,1,420,2
400,2,421,1
400,1,421,2
401,2,422,1
401,1,422,2
402,2,423,1
402,1,423,2
403,2,424,1
403,1,424,2
404,2,425,1
404,1,425,2
405,2,426,1
405,1,426,2
406,2,427,1
406,1,427,2
407,2,428,1
407,1,428,2
408,2,429,1
408,1,429,2
409,2,430,1
409,1,430,2
410,2,431,1
410,1,431,2
411,2,432,1
411,1,432,2
412,2,433,1
412,1,433,2
413,2,434,1
413,1,434,2
414,2,435,1
414,1,435,2
415,2,436,1
415,1,436,2
416,2,437,1
416,1,437,2
418,1,439,45
419,1,439,46
420,1,439,47
421,1,439,48
422,1,439,49
423,1,439,50
424,1,439,51
425,1,439,52
426,1,439,53
427,1,439,54
428,1,439,55
429,1,439,56
430,1,439,57
431,1,439,58
432,1,439,59
433,1,439,60
434,1,439,61
435,1,439,62
436,1,439,63
437,1,439,64
439,1,441,1
439,2,441,2
439,3,442,1
439,4,442,2
439,5,443,1
439,6,443,2
439,7,444,1
439,8,444,2
439,9,445,1
439,10,445,2
439,11,446,1
439,12,446,2
439,13,447,1
439,14,447,2
439,15,448,1
439,16,448,2
439,17,449,1
439,18,449,2
439,19,450,1
439,20,450,2
439,21,451,1
439,22,451,2
439,23,452,1
439,24,452,2
439,25,453,1
439,26,453,2
439,27,454,1
439,28,454,2
439,29,455,1
439,30,455,2
439,31,456,1
439,32,456,2
439,33,457,1
439,34,457,2
439,35,458,1
439,36,458,2
439,37,459,1
439,38,459,2
439,39,460,1
439,40,460,2
439,41,461,1
439,42,461,2
439,43,462,1
439,44,462,2
439,45,463,1
439,46,463,2
439,47,464,1
439,48,464,2
439,49,465,1
439,50,465,2
439,51,466,1
439,52,466,2
439,53,467,1
439,54,467,2
439,55,468,1
439,56,468,2
439,57,469,1
439,58,469,2
439,59,470,1
439,60,470,2
439,61,471,1
439,62,471,2
439,63,472,1
439,64,472,2
441,2,474,1
441,1,474,2
442,2,475,1
442,1,475,2
443,2,476,1
443,1,476,2
444,2,477,1
444,1,477,2
445,2,478,1
445,1,478,2
446,2,479,1
446,1,479,2
447,2,480,1
447,1,480,2
448,2,481,1
448,1,481,2
449,2,482,1
449,1,482,2
450,2,483,1
450,1,483,2
451,2,484,1
451,1,484,2
452,2,485,1
452,1,485,2
453,2,486,1
453,1,486,2
454,2,487,1
454,1,487,2
455,2,488,1
455,1,488,2
456,2,489,1
456,1,489,2
457,2,490,1
457,1,490,2
458,2,491,1
458,1,491,2
459,2,492,1
459,1,492,2
460,2,493,1
460,1,493,2
461,2,494,1
461,1,494,2
462,2,495,1
462,1,495,2
463,2,496,1
463,1,496,2
464,2,497,1
464,1,497,2
465,2,498,1
465,1,498,2
466,2,499,1
466,1,499,2
467,2,500,1
467,1,500,2
468,2,501,1
468,1,501,2
469,2,502,1
469,1,502,2
470,2,503,1
470,1,503,2
471,2,504,1
471,1,504,2
472,2,505,1
472,1,505,2
474,1,507,1
475,1,507,2
476,1,507,3
477,1,507,4
478,1,507,5
479,1,507,6
480,1,507,7
481,1,507,8
482,1,507,9
483,1,507,10
484,1,507,11
485,1,507,12
486,1,507,13
487,1,507,14
488,1,507,15
489,1,507,16
490,1,507,17
491,1,507,18
492,1,507,19
493,1,507,20
494,1,507,21
495,1,507,22
496,1,507,23
497,1,507,24
498,1,507,25
499,1,507,26
500,1,507,27
501,1,507,28
502,1,507,29
503,1,507,30
504,1,507,31
505,1,507,32
507,1,509,1
507,2,509,2
507,3,510,1
507,4,510,2
507,5,511,1
507,6,511,2
507,7,512,1
507,8,512,2
507,9,513,1
507,10,513,2
507,11,514,1
507,12,514,2
507,13,515,1
507,14,515,2
507,15,516,1
507,16,516,2
507,17,517,1
507,18,517,2
507,19,518,1
507,20,518,2
507,21,519,1
507,22,519,2
507,23,520,1
507,24,520,2
507,25,521,1
507,26,521,2
507,27,522,1
507,28,522,2
507,29,523,1
507,30,523,2
507,31,524,1
507,32,524,2
509,2,526,1
509,1,526,2
510,2,527,1
510,1,527,2
511,2,528,1
511,1,528,2
512,2,529,1
512,1,529,2
513,2,530,1
513,1,530,2
514,2,531,1
514,1,531,2
515,2,532,1
515,1,532,2
516,2,533,1
516,1,533,2
517,2,534,1
517,1,534,2
518,2,535,1
518,1,535,2
519,2,536,1
519,1,536,2
520,2,537,1
520,1,537,2
521,2,538,1
521,1,538,2
522,2,539,1
522,1,539,2
523,2,540,1
523,1,540,2
524,2,541,1
524,1,541,2
526,1,543,1
527,1,543,2
528,1,543,3
529,1,543,4
530,1,543,5
531,1,543,6
532,1,543,7
533,1,543,8
534,1,543,9
535,1,543,10
536,1,543,11
537,1,543,12
538,1,543,13
539,1,543,14
540,1,543,15
541,1,543,16
543,1,545,1
543,2,545,2
543,3,546,1
543,4,546,2
543,5,547,1
543,6,547,2
543,7,548,1
543,8,548,2
543,9,549,1
543,10,549,2
543,11,550,1
543,12,550,2
543,13,551,1
543,14,551,2
543,15,552,1
543,16,552,2
545,2,554,1
545,1,554,2
546,2,555,1
546,1,555,2
547,2,556,1
547,1,556,2
548,2,557,1
548,1,557,2
549,2,558,1
549,1,558,2
550,2,559,1
550,1,559,2
551,2,560,1
551,1,560,2
552,2,561,1
552,1,561,2
554,1,563,1
555,1,563,2
556,1,563,3
557,1,563,4
558,1,563,5
559,1,563,6
560,1,563,7
561,1,563,8
563,1,565,1
563,2,565,2
563,3,566,1
563,4,566,2
563,5,567,1
563,6,567,2
563,7,568,1
563,8,568,2
565,2,570,1
565,1,570,2
566,2,571,1
566,1,571,2
567,2,572,1
567,1,572,2
568,2,573,1
568,1,573,2
570,1,575,1
571,1,575,2
572,1,575,3
573,1,575,4
575,1,577,1
575,2,577,2
575,3,578,1
575,4,578,2
577,1,580,1
578,1,580,2
583,1,586,1
583,2,586,2
583,3,586,3
583,4,586,4
583,5,586,5
583,6,586,6
583,7,586,7
583,8,586,8
583,9,586,9
583,10,586,10
583,11,586,11
583,12,586,12
583,13,586,13
583,14,586,14
583,15,586,15
583,16,586,16
583,17,586,17
583,18,586,18
583,19,586,19
583,20,586,20
583,21,586,21
583,22,586,22
583,23,586,23
583,24,586,24
583,25,586,25
583,26,586,26
583,27,586,27
583,28,586,28
583,29,586,29
583,30,586,30
583,31,586,31
583,32,586,32
583,33,586,33
583,34,586,34
583,35,586,35
583,36,586,36
583,37,586,37
583,38,586,38
583,39,586,39
583,40,586,40
583,41,586,41
583,42,586,42
583,43,586,43
583,44,586,44
583,45,586,45
583,46,586,46
583,47,586,47
583,48,586,48
583,49,586,49
583,50,586,50
583,51,586,51
583,52,586,52
583,53,586,53
583,54,586,54
583,55,586,55
583,56,586,56
583,57,586,57
583,58,586,58
583,59,586,59
583,60,586,60
583,61,586,61
583,62,586,62
583,63,586,63
583,64,586,64
583,65,586,65
583,66,586,66
583,67,586,67
583,68,586,68
583,69,586,69
583,70,586,70
583,71,586,71
583,72,586,72
586,1,588,1
586,2,588,2
586,3,589,1
586,4,589,2
586,5,590,1
586,6,590,2
586,7,591,1
586,8,591,2
586,9,592,1
586,10,592,2
586,11,593,1
586,12,593,2
586,13,594,1
586,14,594,2
586,15,595,1
586,16,595,2
586,17,596,1
586,18,596,2
586,19,597,1
586,20,597,2
586,21,598,1
586,22,598,2
586,23,599,1
586,24,599,2
586,25,600,1
586,26,600,2
586,27,601,1
586,28,601,2
586,29,602,1
586,30,602,2
586,31,603,1
586,32,603,2
586,33,604,1
586,34,604,2
586,35,605,1
586,36,605,2
586,37,606,1
586,38,606,2
586,39,607,1
586,40,607,2
586,41,608,1
586,42,608,2
586,43,609,1
586,44,609,2
586,45,610,1
586,46,610,2
586,47,611,1
586,48,611,2
586,49,612,1
586,50,612,2
586,51,613,1
586,52,613,2
586,53,614,1
586,54,614,2
586,55,615,1
586,56,615,2
586,57,616,1
586,58,616,2
586,59,617,1
586,60,617,2
586,61,618,1
586,62,618,2
586,63,619,1
586,64,619,2
586,65,620,1
586,66,620,2
586,67,621,1
586,68,621,2
586,69,622,1
586,70,622,2
586,71,623,1
586,72,623,2
584,9,625,1
584,10,625,2
584,11,625,3
584,12,625,4
584,13,625,5
584,14,625,6
584,15,625,7
584,16,625,8
584,17,625,9
584,18,625,10
584,19,625,11
584,20,625,12
588,1,625,13
589,1,625,14
590,1,625,15
591,1,625,16
592,1,625,17
593,1,625,18
594,1,625,19
595,1,625,20
596,1,625,21
597,1,625,22
598,1,625,23
599,1,625,24
600,1,625,25
601,1,625,26
602,1,625,27
603,1,625,28
604,1,625,29
605,1,625,30
606,1,625,31
607,1,625,32
608,1,625,33
609,1,625,34
610,1,625,35
611,1,625,36
612,1,625,37
613,1,625,38
614,1,625,39
615,1,625,40
616,1,625,41
617,1,625,42
618,1,625,43
619,1,625,44
620,1,625,45
621,1,625,46
622,1,625,47
623,1,625,48
625,1,627,1
625,2,627,2
625,3,628,1
625,4,628,2
625,5,629,1
625,6,629,2
625,7,630,1
625,8,630,2
625,9,631,1
625,10,631,2
625,11,632,1
625,12,632,2
625,13,633,1
625,14,633,2
625,15,634,1
625,16,634,2
625,17,635,1
625,18,635,2
625,19,636,1
625,20,636,2
625,21,637,1
625,22,637,2
625,23,638,1
625,24,638,2
625,25,639,1
625,26,639,2
625,27,640,1
625,28,640,2
625,29,641,1
625,30,641,2
625,31,642,1
625,32,642,2
625,33,643,1
625,34,643,2
625,35,644,1
625,36,644,2
625,37,645,1
625,38,645,2
625,39,646,1
625,40,646,2
625,41,647,1
625,42,647,2
625,43,648,1
625,44,648,2
625,45,649,1
625,46,649,2
625,47,650,1
625,48,650,2
584,1,652,1
584,2,652,2
584,3,652,3
584,4,652,4
584,5,652,5
584,6,652,6
584,7,652,7
584,8,652,8
627,1,652,9
628,1,652,10
629,1,652,11
630,1,652,12
631,1,652,13
632,1,652,14
633,1,652,15
634,1,652,16
635,1,652,17
636,1,652,18
637,1,652,19
638,1,652,20
639,1,652,21
640,1,652,22
641,1,652,23
642,1,652,24
643,1,652,25
644,1,652,26
645,1,652,27
646,1,652,28
647,1,652,29
648,1,652,30
649,1,652,31
650,1,652,32
652,1,654,1
652,2,654,2
652,3,655,1
652,4,655,2
652,5,656,1
652,6,656,2
652,7,657,1
652,8,657,2
652,9,658,1
652,10,658,2
652,11,659,1
652,12,659,2
652,13,660,1
652,14,660,2
652,15,661,1
652,16,661,2
652,17,662,1
652,18,662,2
652,19,663,1
652,20,663,2
652,21,664,1
652,22,664,2
652,23,665,1
652,24,665,2
652,25,666,1
652,26,666,2
652,27,667,1
652,28,667,2
652,29,668,1
652,30,668,2
652,31,669,1
652,32,669,2
654,1,671,1
655,1,671,2
656,1,671,3
657,1,671,4
658,1,671,5
659,1,671,6
660,1,671,7
661,1,671,8
662,1,671,9
663,1,671,10
664,1,671,11
665,1,671,12
666,1,671,13
667,1,671,14
668,1,671,15
669,1,671,16
671,1,673,1
671,2,673,2
671,3,674,1
671,4,674,2
671,5,675,1
671,6,675,2
671,7,676,1
671,8,676,2
671,9,677,1
671,10,677,2
671,11,678,1
671,12,678,2
671,13,679,1
671,14,679,2
671,15,680,1
671,16,680,2
673,1,682,1
674,1,682,2
675,1,682,3
676,1,682,4
677,1,682,5
678,1,682,6
679,1,682,7
680,1,682,8
682,1,684,1
682,2,684,2
682,3,685,1
682,4,685,2
682,5,686,1
682,6,686,2
682,7,687,1
682,8,687,2
684,1,689,1
685,1,689,2
686,1,689,3
687,1,689,4
689,1,691,1
689,2,691,2
689,3,692,1
689,4,692,2
691,1,694,1
692,1,694,2
697,1,699,1
697,2,699,2
697,3,699,3
697,4,699,4
697,5,699,5
697,6,699,6
697,7,699,7
697,8,699,8
697,9,699,9
697,10,699,10
697,11,699,11
697,12,699,12
697,13,699,13
697,14,699,14
697,15,699,15
697,16,699,16
697,17,699,17
697,18,699,18
697,19,699,19
697,20,699,20
697,21,699,21
697,22,699,22
697,23,699,23
697,24,699,24
697,25,699,25
697,26,699,26
697,27,699,27
697,28,699,28
697,29,699,29
697,30,699,30
697,31,699,31
697,32,699,32
697,33,699,33
697,34,699,34
697,35,699,35
697,36,699,36
697,37,699,37
697,38,699,38
697,39,699,39
697,40,699,40
697,41,699,41
697,42,699,42
697,43,699,43
697,44,699,44
697,45,699,45
697,46,699,46
697,47,699,47
697,48,699,48
699,1,701,1
699,2,701,2
699,3,701,3
699,4,701,4
699,5,701,5
699,6,701,6
699,7,701,7
699,8,701,8
699,25,702,1
699,26,702,2
699,27,702,3
699,28,702,4
699,29,702,5
699,30,702,6
699,31,702,7
699,32,702,8
699,9,705,1
699,10,705,2
699,11,706,1
699,12,706,2
699,13,707,1
699,14,707,2
699,15,708,1
699,16,708,2
699,17,710,1
699,18,710,2
699,19,711,1
699,20,711,2
699,21,712,1
699,22,712,2
699,23,713,1
699,24,713,2
699,33,715,1
699,34,715,2
699,35,716,1
699,36,716,2
699,37,717,1
699,38,717,2
699,39,718,1
699,40,718,2
699,41,720,1
699,42,720,2
699,43,721,1
699,44,721,2
699,45,722,1
699,46,722,2
699,47,723,1
699,48,723,2
701,1,725,1
701,2,725,2
701,3,725,3
701,4,725,4
701,5,725,5
701,6,725,6
701,7,725,7
701,8,725,8
705,1,725,9
706,1,725,10
707,1,725,11
708,1,725,12
710,1,725,13
711,1,725,14
712,1,725,15
713,1,725,16
702,1,726,1
702,2,726,2
702,3,726,3
702,4,726,4
702,5,726,5
702,6,726,6
702,7,726,7
702,8,726,8
715,1,726,9
716,1,726,10
717,1,726,11
718,1,726,12
720,1,726,13
721,1,726,14
722,1,726,15
723,1,726,16
725,1,729,1
725,2,729,2
725,3,730,1
725,4,730,2
725,5,731,1
725,6,731,2
725,7,732,1
725,8,732,2
725,9,733,1
725,10,733,2
725,11,734,1
725,12,734,2
725,13,735,1
725,14,735,2
725,15,736,1
725,16,736,2
726,1,738,1
726,2,738,2
726,3,739,1
726,4,739,2
726,5,740,1
726,6,740,2
726,7,741,1
726,8,741,2
726,9,742,1
726,10,742,2
726,11,743,1
726,12,743,2
726,13,744,1
726,14,744,2
726,15,745,1
726,16,745,2
729,1,747,1
730,1,747,2
731,1,747,3
732,1,747,4
733,1,747,5
734,1,747,6
735,1,747,7
736,1,747,8
738,1,748,1
739,1,748,2
740,1,748,3
741,1,748,4
742,1,748,5
743,1,748,6
744,1,748,7
745,1,748,8
747,1,751,1
747,2,751,2
747,3,752,1
747,4,752,2
747,5,753,1
747,6,753,2
747,7,754,1
747,8,754,2
748,1,756,1
748,2,756,2
748,3,757,1
748,4,757,2
748,5,758,1
748,6,758,2
748,7,759,1
748,8,759,2
751,1,761,1
752,1,761,2
753,1,761,3
754,1,761,4
756,1,762,1
757,1,762,2
758,1,762,3
759,1,762,4
761,1,765,1
761,2,765,2
761,3,766,1
761,4,766,2
762,1,768,1
762,2,768,2
762,3,769,1
762,4,769,2
765,1,771,1
766,1,771,2
768,1,772,1
769,1,772,2
771,1,774,1
772,1,774,2
780,6,791,1
780,3,791,2
780,5,792,1
780,4,792,2
792,1,794,1
791,1,794,2
783,6,799,1
783,3,799,2
783,5,800,1
783,4,800,2
800,1,802,1
799,1,802,2
786,7,807,1
786,4,807,2
786,6,808,1
786,5,808,2
808,1,810,1
807,1,810,2
818,1,820,1
818,2,820,2
818,3,820,3
818,4,820,4
818,5,820,5
818,6,820,6
818,7,820,7
818,8,820,8
818,9,820,9
818,10,820,10
818,11,820,11
818,12,820,12
818,13,820,13
818,14,820,14
818,15,820,15
818,16,820,16
818,17,820,17
818,18,820,18
818,19,820,19
818,20,820,20
820,1,822,1
820,2,822,2
820,3,823,1
820,4,823,2
820,5,824,1
820,6,824,2
820,7,825,1
820,8,825,2
820,9,826,1
820,10,826,2
820,11,827,1
820,12,827,2
820,13,828,1
820,14,828,2
820,15,829,1
820,16,829,2
817,1,831,1
817,2,831,2
817,3,831,3
817,4,831,4
817,5,831,5
817,6,831,6
817,7,831,7
817,8,831,8
817,9,831,9
817,10,831,10
817,11,831,11
817,12,831,12
817,13,831,13
817,14,831,14
817,15,831,15
817,16,831,16
817,17,831,17
817,18,831,18
817,19,831,19
817,20,831,20
820,17,831,21
820,18,831,22
820,19,831,23
820,20,831,24
822,1,831,25
823,1,831,26
824,1,831,27
825,1,831,28
826,1,831,29
827,1,831,30
828,1,831,31
829,1,831,32
831,1,833,1
831,2,833,2
831,3,834,1
831,4,834,2
831,5,835,1
831,6,835,2
831,7,836,1
831,8,836,2
831,9,837,1
831,10,837,2
831,11,838,1
831,12,838,2
831,13,839,1
831,14,839,2
831,15,840,1
831,16,840,2
831,17,841,1
831,18,841,2
831,19,842,1
831,20,842,2
831,21,843,1
831,22,843,2
831,23,844,1
831,24,844,2
831,25,845,1
831,26,845,2
831,27,846,1
831,28,846,2
831,29,847,1
831,30,847,2
831,31,848,1
831,32,848,2
833,1,850,1
834,1,850,2
835,1,850,3
836,1,850,4
837,1,850,5
838,1,850,6
839,1,850,7
840,1,850,8
841,1,850,9
842,1,850,10
843,1,850,11
844,1,850,12
845,1,850,13
846,1,850,14
847,1,850,15
848,1,850,16
850,1,852,1
850,2,852,2
850,3,853,1
850,4,853,2
850,5,854,1
850,6,854,2
850,7,855,1
850,8,855,2
850,9,856,1
850,10,856,2
850,11,857,1
850,12,857,2
850,13,858,1
850,14,858,2
850,15,859,1
850,16,859,2
852,1,861,1
853,1,861,2
854,1,861,3
855,1,861,4
856,1,861,5
857,1,861,6
858,1,861,7
859,1,861,8
861,1,863,1
861,2,863,2
861,3,864,1
861,4,864,2
861,5,865,1
861,6,865,2
861,7,866,1
861,8,866,2
863,1,868,1
864,1,868,2
865,1,868,3
866,1,868,4
868,1,870,1
868,2,870,2
868,3,871,1
868,4,871,2
870,1,873,1
871,1,873,2
877,1,879,1
877,2,879,2
877,3,879,3
877,4,879,4
877,5,879,5
877,6,879,6
877,7,879,7
877,8,879,8
877,9,879,9
877,10,879,10
877,11,879,11
877,12,879,12
877,13,879,13
877,14,879,14
877,15,879,15
877,16,879,16
877,17,879,17
877,18,879,18
877,19,879,19
877,20,879,20
879,1,881,1
879,2,881,2
879,3,882,1
879,4,882,2
879,5,883,1
879,6,883,2
879,7,884,1
879,8,884,2
879,9,885,1
879,10,885,2
879,11,886,1
879,12,886,2
879,13,887,1
879,14,887,2
879,15,888,1
879,16,888,2
876,1,890,1
876,2,890,2
876,3,890,3
876,4,890,4
876,5,890,5
876,6,890,6
876,7,890,7
876,8,890,8
876,9,890,9
876,10,890,10
876,11,890,11
876,12,890,12
876,13,890,13
876,14,890,14
876,15,890,15
876,16,890,16
876,17,890,17
876,18,890,18
876,19,890,19
876,20,890,20
879,17,890,21
879,18,890,22
879,19,890,23
879,20,890,24
881,1,890,25
882,1,890,26
883,1,890,27
884,1,890,28
885,1,890,29
886,1,890,30
887,1,890,31
888,1,890,32
890,1,892,1
890,2,892,2
890,3,893,1
890,4,893,2
890,5,894,1
890,6,894,2
890,7,895,1
890,8,895,2
890,9,896,1
890,10,896,2
890,11,897,1
890,12,897,2
890,13,898,1
890,14,898,2
890,15,899,1
890,16,899,2
890,17,900,1
890,18,900,2
890,19,901,1
890,20,901,2
890,21,902,1
890,22,902,2
890,23,903,1
890,24,903,2
890,25,904,1
890,26,904,2
890,27,905,1
890,28,905,2
890,29,906,1
890,30,906,2
890,31,907,1
890,32,907,2
892,1,909,1
893,1,909,2
894,1,909,3
895,1,909,4
896,1,909,5
897,1,909,6
898,1,909,7
899,1,909,8
900,1,909,9
901,1,909,10
902,1,909,11
903,1,909,12
904,1,909,13
905,1,909,14
906,1,909,15
907,1,909,16
909,1,911,1
909,2,911,2
909,3,912,1
909,4,912,2
909,5,913,1
909,6,913,2
909,7,914,1
909,8,914,2
909,9,915,1
909,10,915,2
909,11,916,1
909,12,916,2
909,13,917,1
909,14,917,2
909,15,918,1
909,16,918,2
911,1,920,1
912,1,920,2
913,1,920,3
914,1,920,4
915,1,920,5
916,1,920,6
917,1,920,7
918,1,920,8
920,1,922,1
920,2,922,2
920,3,923,1
920,4,923,2
920,5,924,1
920,6,924,2
920,7,925,1
920,8,925,2
922,1,927,1
923,1,927,2
924,1,927,3
925,1,927,4
927,1,929,1
927,2,929,2
927,3,930,1
927,4,930,2
929,1,932,1
930,1,932,2
943,1,945,1
943,2,945,2
943,3,945,3
943,4,945,4
943,5,945,5
943,6,945,6
943,7,945,7
943,8,945,8
943,9,945,9
943,10,945,10
943,11,945,11
943,12,945,12
943,13,945,13
943,14,945,14
943,15,945,15
943,16,945,16
943,17,945,17
943,18,945,18
945,1,947,1
945,2,947,2
945,3,948,1
945,4,948,2
945,5,949,1
945,6,949,2
945,7,950,1
945,8,950,2
942,1,952,1
942,2,952,2
942,3,952,3
942,4,952,4
942,5,952,5
942,6,952,6
942,7,952,7
942,8,952,8
942,9,952,9
942,10,952,10
942,11,952,11
942,12,952,12
942,13,952,13
942,14,952,14
942,15,952,15
942,16,952,16
942,17,952,17
942,18,952,18
945,9,952,19
945,10,952,20
945,11,952,21
945,12,952,22
945,13,952,23
945,14,952,24
945,15,952,25
945,16,952,26
945,17,952,27
945,18,952,28
947,1,952,29
948,1,952,30
949,1,952,31
950,1,952,32
952,1,954,1
952,2,954,2
952,3,955,1
952,4,955,2
952,5,956,1
952,6,956,2
952,7,957,1
952,8,957,2
952,9,958,1
952,10,958,2
952,11,959,1
952,12,959,2
952,13,960,1
952,14,960,2
952,15,961,1
952,16,961,2
952,17,962,1
952,18,962,2
952,19,963,1
952,20,963,2
952,21,964,1
952,22,964,2
952,23,965,1
952,24,965,2
952,25,966,1
952,26,966,2
952,27,967,1
952,28,967,2
952,29,968,1
952,30,968,2
952,31,969,1
952,32,969,2
954,1,971,1
955,1,971,2
956,1,971,3
957,1,971,4
958,1,971,5
959,1,971,6
960,1,971,7
961,1,971,8
962,1,971,9
963,1,971,10
964,1,971,11
965,1,971,12
966,1,971,13
967,1,971,14
968,1,971,15
969,1,971,16
971,1,973,1
971,2,973,2
971,3,974,1
971,4,974,2
971,5,975,1
971,6,975,2
971,7,976,1
971,8,976,2
971,9,977,1
971,10,977,2
971,11,978,1
971,12,978,2
971,13,979,1
971,14,979,2
971,15,980,1
971,16,980,2
973,1,982,1
974,1,982,2
975,1,982,3
976,1,982,4
977,1,982,5
978,1,982,6
979,1,982,7
980,1,982,8
982,1,984,1
982,2,984,2
982,3,985,1
982,4,985,2
982,5,986,1
982,6,986,2
982,7,987,1
982,8,987,2
984,1,989,1
985,1,989,2
986,1,989,3
987,1,989,4
989,1,991,1
989,2,991,2
989,3,992,1
989,4,992,2
991,1,994,1
992,1,994,2
997,16,1005,1
1000,3,1005,2
1012,6,1014,1
1012,11,1014,2
1012,7,1015,1
1012,10,1015,2
1012,8,1016,1
1012,9,1016,2
1012,5,1017,1
1012,12,1017,2
1014,2,1019,1
1014,1,1019,2
1015,2,1020,1
1015,1,1020,2
1016,2,1021,1
1016,1,1021,2
1017,2,1022,1
1017,1,1022,2
1012,1,1024,1
1019,1,1024,2
1012,2,1025,1
1020,1,1025,2
1012,3,1026,1
1021,1,1026,2
1012,4,1027,1
1022,1,1027,2
1024,2,1029,1
1024,1,1029,2
1025,2,1030,1
1025,1,1030,2
1026,2,1031,1
1026,1,1031,2
1027,2,1032,1
1027,1,1032,2
1029,1,1034,1
1032,1,1034,2
1030,1,1035,1
1031,1,1035,2
1034,1,1037,1
1035,1,1037,2
1048,1,1050,1
1048,2,1050,2
1048,3,1050,3
1048,4,1050,4
1048,5,1050,5
1048,6,1050,6
1048,7,1050,7
1048,8,1050,8
1048,9,1050,9
1048,10,1050,10
1048,11,1050,11
1048,12,1050,12
1048,13,1050,13
1048,14,1050,14
1048,15,1050,15
1048,16,1050,16
1048,17,1050,17
1048,18,1050,18
1048,19,1050,19
1048,20,1050,20
1048,21,1050,21
1048,22,1050,22
1050,19,1052,1
1050,20,1052,2
1050,21,1053,1
1050,22,1053,2
1047,9,1055,1
1050,1,1055,2
1050,16,1056,1
1053,1,1056,2
1047,13,1057,1
1050,5,1057,2
1047,20,1058,1
1050,12,1058,2
1047,12,1059,1
1050,4,1059,2
1050,13,1060,1
1050,18,1060,2
1047,16,1061,1
1050,8,1061,2
1047,17,1062,1
1050,9,1062,2
1047,10,1063,1
1050,2,1063,2
1050,15,1064,1
1052,1,1064,2
1047,14,1065,1
1050,6,1065,2
1047,19,1066,1
1050,11,1066,2
1047,11,1067,1
1050,3,1067,2
1050,14,1068,1
1050,17,1068,2
1047,15,1069,1
1050,7,1069,2
1047,18,1070,1
1050,10,1070,2
1055,1,1072,1
1056,1,1072,2
1057,1,1073,1
1058,1,1073,2
1059,1,1074,1
1060,1,1074,2
1061,1,1075,1
1062,1,1075,2
1063,1,1076,1
1064,1,1076,2
1065,1,1077,1
1066,1,1077,2
1067,1,1078,1
1068,1,1078,2
1069,1,1079,1
1070,1,1079,2
1047,1,1081,1
1079,1,1081,2
1047,8,1082,1
1072,1,1082,2
1047,4,1083,1
1076,1,1083,2
1047,5,1084,1
1075,1,1084,2
1047,2,1085,1
1078,1,1085,2
1047,7,1086,1
1073,1,1086,2
1047,3,1087,1
1077,1,1087,2
1047,6,1088,1
1074,1,1088,2
1081,1,1090,1
1082,1,1090,2
1083,1,1091,1
1084,1,1091,2
1085,1,1092,1
1086,1,1092,2
1087,1,1093,1
1088,1,1093,2
1090,1,1095,1
1091,1,1095,2
1092,1,1096,1
1093,1,1096,2
1095,1,1098,1
1096,1,1098,2
1108,15,1110,1
1108,18,1110,2
1108,16,1111,1
1108,17,1111,2
1108,1,1113,1
1110,1,1113,2
1108,2,1114,1
1111,1,1114,2
1108,3,1115,1
1108,14,1115,2
1108,4,1116,1
1108,13,1116,2
1108,5,1117,1
1108,12,1117,2
1108,6,1118,1
1108,11,1118,2
1108,7,1119,1
1108,10,1119,2
1108,8,1120,1
1108,9,1120,2
1113,1,1122,1
1120,1,1122,2
1114,1,1123,1
1119,1,1123,2
1115,1,1124,1
1118,1,1124,2
1116,1,1125,1
1117,1,1125,2
1122,1,1127,1
1125,1,1127,2
1123,1,1128,1
1124,1,1128,2
1127,1,1130,1
1128,1,1130,2
1137,1,1139,1
1137,16,1139,2
1137,2,1140,1
1137,15,1140,2
1137,3,1141,1
1137,14,1141,2
1137,4,1142,1
1137,13,1142,2
1137,5,1143,1
1137,12,1143,2
1137,6,1144,1
1137,11,1144,2
1137,7,1145,1
1137,10,1145,2
1137,8,1146,1
1137,9,1146,2
1139,1,1148,1
1146,1,1148,2
1140,1,1149,1
1145,1,1149,2
1141,1,1150,1
1144,1,1150,2
1142,1,1151,1
1143,1,1151,2
1148,1,1153,1
1151,1,1153,2
1149,1,1154,1
1150,1,1154,2
1153,1,1156,1
1154,1,1156,2
1163,1,1165,1
1163,16,1165,2
1163,2,1166,1
1163,15,1166,2
1163,3,1167,1
1163,14,1167,2
1163,4,1168,1
1163,13,1168,2
1163,5,1169,1
1163,12,1169,2
1163,6,1170,1
1163,11,1170,2
1163,7,1171,1
1163,10,1171,2
1163,8,1172,1
1163,9,1172,2
1165,1,1174,1
1172,1,1174,2
1166,1,1175,1
1171,1,1175,2
1167,1,1176,1
1170,1,1176,2
1168,1,1177,1
1169,1,1177,2
1174,1,1179,1
1177,1,1179,2
1175,1,1180,1
1176,1,1180,2
1179,1,1182,1
1180,1,1182,2
1185,1,1187,1
1185,2,1187,2
1185,3,1187,3
1185,4,1187,4
1185,5,1187,5
1185,6,1187,6
1185,7,1187,7
1185,8,1187,8
1185,9,1188,1
1185,10,1188,2
1185,11,1188,3
1185,12,1188,4
1185,13,1188,5
1185,14,1188,6
1185,15,1188,7
1185,16,1188,8
1192,1,1194,1
1192,16,1194,2
1192,2,1195,1
1192,15,1195,2
1192,3,1196,1
1192,14,1196,2
1192,4,1197,1
1192,13,1197,2
1192,5,1198,1
1192,12,1198,2
1192,6,1199,1
1192,11,1199,2
1192,7,1200,1
1192,10,1200,2
1192,8,1201,1
1192,9,1201,2
1194,1,1203,1
1201,1,1203,2
1195,1,1204,1
1200,1,1204,2
1196,1,1205,1
1199,1,1205,2
1197,1,1206,1
1198,1,1206,2
1203,1,1208,1
1206,1,1208,2
1204,1,1209,1
1205,1,1209,2
1208,1,1211,1
1209,1,1211,2
1218,1,1220,1
1218,16,1220,2
1218,2,1221,1
1218,15,1221,2
1218,3,1222,1
1218,14,1222,2
1218,4,1223,1
1218,13,1223,2
1218,5,1224,1
1218,12,1224,2
1218,6,1225,1
1218,11,1225,2
1218,7,1226,1
1218,10,1226,2
1218,8,1227,1
1218,9,1227,2
1220,1,1229,1
1227,1,1229,2
1221,1,1230,1
1226,1,1230,2
1222,1,1231,1
1225,1,1231,2
1223,1,1232,1
1224,1,1232,2
1229,1,1234,1
1232,1,1234,2
1230,1,1235,1
1231,1,1235,2
1234,1,1237,1
1235,1,1237,2
1244,5,1246,1
1244,12,1246,2
1244,6,1247,1
1244,11,1247,2
1244,7,1248,1
1244,10,1248,2
1244,8,1249,1
1244,9,1249,2
1246,2,1251,1
1246,1,1251,2
1247,2,1252,1
1247,1,1252,2
1248,2,1253,1
1248,1,1253,2
1249,2,1254,1
1249,1,1254,2
1244,1,1256,1
1251,1,1256,2
1244,2,1257,1
1252,1,1257,2
1244,3,1258,1
1253,1,1258,2
1244,4,1259,1
1254,1,1259,2
1256,2,1261,1
1256,1,1261,2
1257,2,1262,1
1257,1,1262,2
1258,2,1263,1
1258,1,1263,2
1259,2,1264,1
1259,1,1264,2
1261,1,1266,1
1264,1,1266,2
1262,1,1267,1
1263,1,1267,2
1266,1,1269,1
1267,1,1269,2
1272,1,1274,1
1272,2,1274,2
1272,3,1274,3
1272,4,1274,4
1272,5,1274,5
1272,6,1274,6
1272,7,1275,1
1272,8,1275,2
1272,9,1275,3
1272,10,1275,4
1272,11,1275,5
1272,12,1275,6
1283,1,1285,1
1283,2,1285,2
1283,3,1285,3
1283,4,1285,4
1283,5,1285,5
1283,6,1285,6
1283,7,1285,7
1283,8,1285,8
1283,9,1285,9
1283,10,1285,10
1283,11,1285,11
1283,12,1285,12
1283,13,1285,13
1283,14,1285,14
1283,15,1285,15
1283,16,1285,16
1283,17,1285,17
1283,18,1285,18
1283,19,1285,19
1283,20,1285,20
1283,21,1285,21
1283,22,1285,22
1285,3,1287,1
1285,4,1287,2
1285,5,1288,1
1285,6,1288,2
1285,7,1289,1
1285,8,1289,2
1285,9,1290,1
1285,10,1290,2
1285,11,1291,1
1285,12,1291,2
1285,13,1292,1
1285,14,1292,2
1285,15,1293,1
1285,16,1293,2
1285,17,1294,1
1285,18,1294,2
1285,19,1295,1
1285,20,1295,2
1285,21,1296,1
1285,22,1296,2
1282,1,1298,1
1285,1,1298,2
1282,8,1299,1
1291,1,1299,2
1282,9,1300,1
1290,1,1300,2
1282,16,1301,1
1282,17,1301,2
1282,4,1302,1
1295,1,1302,2
1282,5,1303,1
1294,1,1303,2
1282,12,1304,1
1287,1,1304,2
1282,13,1305,1
1282,20,1305,2
1282,2,1306,1
1285,2,1306,2
1282,7,1307,1
1292,1,1307,2
1282,10,1308,1
1289,1,1308,2
1282,15,1309,1
1282,18,1309,2
1282,3,1310,1
1296,1,1310,2
1282,6,1311,1
1293,1,1311,2
1282,11,1312,1
1288,1,1312,2
1282,14,1313,1
1282,19,1313,2
1298,1,1315,1
1299,1,1315,2
1300,1,1316,1
1301,1,1316,2
1302,1,1317,1
1303,1,1317,2
1304,1,1318,1
1305,1,1318,2
1306,1,1319,1
1307,1,1319,2
1308,1,1320,1
1309,1,1320,2
1310,1,1321,1
1311,1,1321,2
1312,1,1322,1
1313,1,1322,2
1315,1,1324,1
1316,1,1324,2
1317,1,1325,1
1318,1,1325,2
1319,1,1326,1
1320,1,1326,2
1321,1,1327,1
1322,1,1327,2
1324,1,1329,1
1325,1,1329,2
1326,1,1330,1
1327,1,1330,2
1329,1,1332,1
1330,1,1332,2
1338,6,1343,1
1338,3,1343,2
1338,5,1344,1
1338,4,1344,2
1344,1,1346,1
1343,1,1346,2
1350,1,1352,1
1350,16,1352,2
1350,2,1353,1
1350,15,1353,2
1350,3,1354,1
1350,14,1354,2
1350,4,1355,1
1350,13,1355,2
1350,5,1356,1
1350,12,1356,2
1350,6,1357,1
1350,11,1357,2
1350,7,1358,1
1350,10,1358,2
1350,8,1359,1
1350,9,1359,2
1352,1,1361,1
1359,1,1361,2
1353,1,1362,1
1358,1,1362,2
1354,1,1363,1
1357,1,1363,2
1355,1,1364,1
1356,1,1364,2
1361,1,1366,1
1364,1,1366,2
1362,1,1367,1
1363,1,1367,2
1366,1,1369,1
1367,1,1369,2
1376,7,1378,1
1376,10,1378,2
1376,8,1379,1
1376,9,1379,2
1376,1,1381,1
1378,1,1381,2
1376,2,1382,1
1379,1,1382,2
1376,3,1383,1
1376,6,1383,2
1376,4,1384,1
1376,5,1384,2
1381,1,1386,1
1384,1,1386,2
1382,1,1387,1
1383,1,1387,2
1386,1,1389,1
1387,1,1389,2
1400,0,1402,1
1405,0,1407,1
1405,0,1407,2
1405,0,1407,3
1405,0,1407,4
1405,0,1408,1
1405,0,1408,2
1405,0,1408,3
1405,0,1408,4
1407,1,1410,1
1408,2,1410,2
1408,1,1411,1
1407,2,1411,2
1410,1,1413,1
1411,2,1413,2
1417,13,1419,1
1417,16,1419,2
1417,14,1420,1
1417,15,1420,2
1417,7,1422,1
1419,1,1422,2
1417,9,1423,1
1417,12,1423,2
1417,8,1424,1
1420,1,1424,2
1417,10,1425,1
1417,11,1425,2
1422,1,1427,1
1423,1,1427,2
1424,1,1428,1
1425,1,1428,2
1417,1,1430,1
1427,1,1430,2
1417,3,1431,1
1417,6,1431,2
1417,2,1432,1
1428,1,1432,2
1417,5,1433,1
1417,4,1433,2
1430,1,1435,1
1431,1,1435,2
1432,1,1436,1
1433,1,1436,2
1435,1,1438,1
1436,1,1438,2
1441,3,1444,1
1441,6,1444,2
1441,4,1445,1
1441,5,1445,2
1442,3,1446,1
1442,6,1446,2
1442,4,1447,1
1442,5,1447,2
1444,1,1449,1
1441,2,1449,2
1445,1,1450,1
1441,1,1450,2
1446,1,1451,1
1442,2,1451,2
1447,1,1452,1
1442,1,1452,2
1449,1,1454,1
1450,1,1454,2
1451,1,1455,1
1452,1,1455,2
1454,2,1457,1
1454,1,1457,2
1455,2,1458,1
1455,1,1458,2
1457,1,1460,1
1458,1,1460,2
1460,1,1462,1
1460,2,1462,2
1466,8,1468,1
1466,1,1468,2
1466,7,1469,1
1466,2,1469,2
1466,6,1470,1
1466,3,1470,2
1466,5,1471,1
1466,4,1471,2
1468,1,1473,1
1469,1,1473,2
1470,1,1473,3
1471,1,1473,4
1473,4,1475,1
1473,1,1475,2
1473,3,1476,1
1473,2,1476,2
1475,1,1478,1
1476,1,1478,2
1478,2,1480,1
1478,1,1480,2
1483,8,1485,1
1483,1,1485,2
1483,7,1486,1
1483,2,1486,2
1483,6,1487,1
1483,3,1487,2
1483,5,1488,1
1483,4,1488,2
1485,1,1490,1
1486,1,1490,2
1487,1,1490,3
1488,1,1490,4
1490,4,1492,1
1490,1,1492,2
1490,3,1493,1
1490,2,1493,2
1492,1,1495,1
1493,1,1495,2
1495,2,1497,1
1495,1,1497,2
1504,0,1506,1
1509,0,1511,1
1509,0,1511,2
1509,0,1511,3
1509,0,1511,4
1509,0,1512,1
1509,0,1512,2
1509,0,1512,3
1509,0,1512,4
1511,1,1514,1
1512,2,1514,2
1512,1,1515,1
1511,2,1515,2
1514,1,1517,1
1515,2,1517,2
1521,3,1523,1
1521,6,1523,2
1521,4,1524,1
1521,5,1524,2
1523,1,1526,1
1524,1,1526,2
1521,1,1528,1
1526,2,1528,2
1521,2,1529,1
1526,1,1529,2
1528,1,1531,1
1529,1,1531,2
1531,1,1533,1
1531,2,1533,2
1537,1,1539,1
1537,2,1539,2
1537,3,1539,3
1537,4,1539,4
1537,5,1539,5
1537,6,1539,6
1537,7,1540,1
1537,8,1540,2
1537,9,1540,3
1537,10,1540,4
1537,11,1540,5
1537,12,1540,6
1544,3,1546,1
1544,14,1546,2
1544,4,1547,1
1544,13,1547,2
1544,5,1548,1
1544,12,1548,2
1544,6,1549,1
1544,11,1549,2
1544,7,1550,1
1544,10,1550,2
1544,8,1551,1
1544,9,1551,2
1544,1,1553,1
1549,1,1553,2
1546,1,1554,1
1551,1,1554,2
1547,1,1555,1
1550,1,1555,2
1544,2,1556,1
1548,1,1556,2
1553,1,1558,1
1556,1,1558,2
1554,1,1559,1
1555,1,1559,2
1558,1,1561,1
1559,1,1561,2
1561,1,1567,1
1561,2,1567,2
1567,1,1569,1
1567,8,1569,2
1567,2,1570,1
1567,7,1570,2
1567,3,1571,1
1567,6,1571,2
1567,4,1572,1
1567,5,1572,2
1569,1,1574,1
1572,1,1574,2
1570,1,1575,1
1571,1,1575,2
1574,2,1577,1
1575,2,1577,2
1574,1,1579,1
1575,1,1579,2
1586,1,1589,1
1586,2,1589,2
1586,3,1589,3
1586,4,1590,1
1586,5,1590,2
1586,6,1590,3
1586,7,1591,1
1586,8,1591,2
1586,9,1591,3
1586,10,1592,1
1587,1,1592,2
1587,2,1592,3
1589,0,1594,1
1590,0,1594,2
1591,0,1594,3
1592,0,1594,4
1589,0,1595,1
1590,0,1595,2
1591,0,1595,3
1592,0,1595,4
1589,0,1596,1
1590,0,1596,2
1591,0,1596,3
1592,0,1596,4
1594,3,1598,1
1595,3,1598,2
1596,3,1598,3
1598,1,1600,1
1598,2,1600,2
1594,1,1602,1
1600,0,1602,2
1594,2,1603,1
1596,2,1603,2
1595,1,1604,1
1600,0,1604,2
1596,1,1605,1
1595,2,1605,2
1602,1,1607,1
1603,1,1607,2
1604,1,1608,1
1605,1,1608,2
1607,2,1610,1
1608,2,1610,2
1607,1,1612,1
1608,1,1612,2
1615,1,1617,1
1615,5,1617,2
1615,9,1617,3
1615,13,1617,4
1615,2,1618,1
1615,6,1618,2
1615,10,1618,3
1615,14,1618,4
1615,3,1619,1
1615,7,1619,2
1615,11,1619,3
1615,15,1619,4
1615,4,1620,1
1615,8,1620,2
1615,12,1620,3
1615,16,1620,4
1617,1,1622,1
1617,2,1622,2
1618,1,1622,3
1618,2,1622,4
1619,1,1622,5
1619,2,1622,6
1620,1,1622,7
1620,2,1622,8
1622,8,1624,1
1622,1,1624,2
1622,7,1625,1
1622,2,1625,2
1622,6,1626,1
1622,3,1626,2
1622,5,1627,1
1622,4,1627,2
1624,1,1629,1
1625,1,1629,2
1626,1,1629,3
1627,1,1629,4
1629,4,1631,1
1629,1,1631,2
1629,3,1632,1
1629,2,1632,2
1631,1,1634,1
1632,1,1634,2
1634,2,1636,1
1634,1,1636,2
1640,1,1645,1
1643,1,1645,2
1649,8,1651,1
1649,1,1651,2
1649,7,1652,1
1649,2,1652,2
1649,6,1653,1
1649,3,1653,2
1649,5,1654,1
1649,4,1654,2
1651,1,1656,1
1652,1,1656,2
1653,1,1656,3
1654,1,1656,4
1656,4,1658,1
1656,1,1658,2
1656,3,1659,1
1656,2,1659,2
1658,1,1661,1
1659,1,1661,2
1661,2,1663,1
1661,1,1663,2
1666,8,1668,1
1666,1,1668,2
1666,7,1669,1
1666,2,1669,2
1666,6,1670,1
1666,3,1670,2
1666,5,1671,1
1666,4,1671,2
1668,1,1673,1
1669,1,1673,2
1670,1,1673,3
1671,1,1673,4
1673,4,1675,1
1673,1,1675,2
1673,3,1676,1
1673,2,1676,2
1675,1,1678,1
1676,1,1678,2
1678,2,1680,1
1678,1,1680,2
1684,1,1686,1
1684,3,1686,2
1684,5,1686,3
1684,7,1686,4
1684,2,1687,1
1684,4,1687,2
1684,6,1687,3
1684,8,1687,4
1686,1,1689,1
1687,1,1689,2
1689,2,1691,1
1689,1,1691,2
1694,1,1696,1
1694,3,1696,2
1694,5,1696,3
1694,7,1696,4
1694,2,1697,1
1694,4,1697,2
1694,6,1697,3
1694,8,1697,4
1696,1,1699,1
1697,1,1699,2
1699,2,1701,1
1699,1,1701,2
1708,13,1710,1
1708,20,1710,2
1708,14,1711,1
1708,19,1711,2
1708,15,1712,1
1708,18,1712,2
1708,16,1713,1
1708,17,1713,2
1708,1,1715,1
1710,1,1715,2
1708,2,1716,1
1711,1,1716,2
1708,3,1717,1
1712,1,1717,2
1708,4,1718,1
1713,1,1718,2
1708,5,1719,1
1708,12,1719,2
1708,6,1720,1
1708,11,1720,2
1708,7,1721,1
1708,10,1721,2
1708,8,1722,1
1708,9,1722,2
1715,1,1724,1
1722,1,1724,2
1716,1,1725,1
1721,1,1725,2
1717,1,1726,1
1720,1,1726,2
1718,1,1727,1
1719,1,1727,2
1724,1,1729,1
1727,1,1729,2
1725,1,1730,1
1726,1,1730,2
1729,1,1732,1
1730,1,1732,2
1736,0,1738,1
