1
14
70
82
95
116
129
132
196
298
314
318
340
346
364
368
371
581
695
775
778
781
784
787
795
803
812
815
874
933
936
940
995
998
1001
1006
1010
1038
1042
1045
1099
1102
1106
1131
1135
1157
1161
1183
1190
1212
1216
1238
1242
1270
1277
1280
1333
1336
1339
1348
1370
1374
1390
1394
1398
1403
1415
1439
1464
1481
1499
1502
1507
1519
1535
1542
1562
1565
1581
1584
1613
1638
1641
1647
1664
1682
1692
1703
1706
1734
1742
1745
